<?xml version="1.0" encoding="UTF-8" standalone="no" ?>
<LXFML versionMajor="5" versionMinor="0">
  <Meta>
    <Application name="CCOP" versionMajor="0" versionMinor="0"/>
    <Brand name="LEGOUniverse"/>
    <BrickSet version="215"/>
  </Meta>
  <Bricks>
    <Brick refID="0" designID="4070">
      <Part refID="0" designID="4070" materials="26">
        <Bone refID="0" transformation="-1,0,0,0,0,1.0000001192092896,0,1.0000001192092896,0,0.40000152587890625,0.40000006556510925,-0.40000152587890625">
        </Bone>
      </Part>
    </Brick>
    <Brick refID="1" designID="3024">
      <Part refID="1" designID="3024" materials="26">
        <Bone refID="1" transformation="1,0,0,0,1,0,0,0,1,0.40000152587890625,0.65186160802841187,0.15999984741210938">
        </Bone>
      </Part>
    </Brick>
    <Brick refID="2" designID="3623">
      <Part refID="2" designID="3623" materials="26">
        <Bone refID="2" transformation="1,0,0,0,1,0,0,0,1,-1.1999979019165039,0.97186893224716187,0.15999984741210938">
        </Bone>
      </Part>
    </Brick>
    <Brick refID="3" designID="3024">
      <Part refID="3" designID="3024" materials="182">
        <Bone refID="3" transformation="1,0,0,0,1,0,0,0,1,-1.1999979019165039,0.65186160802841187,0.15999984741210938">
        </Bone>
      </Part>
    </Brick>
    <Brick refID="4" designID="4070">
      <Part refID="4" designID="4070" materials="26">
        <Bone refID="4" transformation="-1,0,0,0,0,1.0000001192092896,0,1.0000001192092896,0,-1.1999988555908203,0.40000006556510925,-0.40000152587890625">
        </Bone>
      </Part>
    </Brick>
    <Brick refID="5" designID="50746">
      <Part refID="5" designID="50746" materials="26">
        <Bone refID="5" transformation="-1,0,0,0,0,1.0000001192092896,0,1.0000001192092896,0,-1.1999988555908203,0.40000006556510925,0.55999755859375">
        </Bone>
      </Part>
    </Brick>
    <Brick refID="6" designID="47905">
      <Part refID="6" designID="47905" materials="26">
        <Bone refID="6" transformation="0,0,-1,0,0.99999994039535522,0,1,0,0,-0.39999866485595703,1.2918763160705566,0.15999984741210938">
        </Bone>
      </Part>
    </Brick>
    <Brick refID="7" designID="3046">
      <Part refID="7" designID="3046" materials="26">
        <Bone refID="7" transformation="-1,0,0,0,1,0,0,0,-1,0.40000152587890625,2.2518677711486816,0.15999984741210938">
        </Bone>
      </Part>
    </Brick>
    <Brick refID="8" designID="3676">
      <Part refID="8" designID="3676" materials="182">
        <Bone refID="8" transformation="-1,0,0,0,1,0,0,0,-1,0.40000152587890625,1.2918763160705566,0.15999984741210938">
        </Bone>
      </Part>
    </Brick>
    <Brick refID="9" designID="3024">
      <Part refID="9" designID="3024" materials="26">
        <Bone refID="9" transformation="1,0,0,0,1,0,0,0,1,1.2000026702880859,2.2518677711486816,0.15999984741210938">
        </Bone>
      </Part>
    </Brick>
    <Brick refID="10" designID="50746">
      <Part refID="10" designID="50746" materials="182">
        <Bone refID="10" transformation="0,0,-1,0,0.99999994039535522,0,1,0,0,1.2000026702880859,2.5718750953674316,0.15999984741210938">
        </Bone>
      </Part>
    </Brick>
    <Brick refID="11" designID="3070">
      <Part refID="11" designID="3070" materials="26">
        <Bone refID="11" transformation="1,0,0,0,1,0,0,0,1,1.2000026702880859,2.2518677711486816,-0.64000320434570313">
        </Bone>
      </Part>
    </Brick>
    <Brick refID="12" designID="50746">
      <Part refID="12" designID="50746" materials="26">
        <Bone refID="12" transformation="1,0,0,0,1,0,0,0,1,0.40000152587890625,3.2118592262268066,0.15999984741210938">
        </Bone>
      </Part>
    </Brick>
    <Brick refID="13" designID="3070">
      <Part refID="13" designID="3070" materials="182">
        <Bone refID="13" transformation="1,0,0,0,1,0,0,0,1,-0.39999771118164063,3.2118592262268066,-0.64000320434570313">
        </Bone>
      </Part>
    </Brick>
    <Brick refID="14" designID="3024">
      <Part refID="14" designID="3024" materials="182">
        <Bone refID="14" transformation="1,0,0,0,1,0,0,0,1,-0.39999771118164063,3.2118592262268066,0.15999984741210938">
        </Bone>
      </Part>
    </Brick>
    <Brick refID="15" designID="3024">
      <Part refID="15" designID="3024" materials="26">
        <Bone refID="15" transformation="1,0,0,0,1,0,0,0,1,-0.39999771118164063,3.5318665504455566,0.15999984741210938">
        </Bone>
      </Part>
    </Brick>
    <Brick refID="16" designID="4286">
      <Part refID="16" designID="4286" materials="26">
        <Bone refID="16" transformation="0,1,0,0,0,-1,-1,0,0,-0.39999771118164063,1.8518738746643066,-0.24000169336795807">
        </Bone>
      </Part>
    </Brick>
    <Brick refID="17" designID="50746">
      <Part refID="17" designID="50746" materials="182">
        <Bone refID="17" transformation="-1,0,0,0,0,-1,0,-1,0,-0.39999771118164063,1.8518738746643066,-1.2000007629394531">
        </Bone>
      </Part>
    </Brick>
    <Brick refID="18" designID="52107">
      <Part refID="18" designID="52107" materials="26">
        <Bone refID="18" transformation="0.99999994039535522,0,0,0,0,1,0,-1,0,-0.39999866485595703,1.8518738746643066,0.55999755859375">
        </Bone>
      </Part>
    </Brick>
    <Brick refID="19" designID="50746">
      <Part refID="19" designID="50746" materials="26">
        <Bone refID="19" transformation="-1,0,0,0,-1,0,0,0,1,-0.39999866485595703,1.4518494606018066,1.1199989318847656">
        </Bone>
      </Part>
    </Brick>
    <Brick refID="20" designID="3070">
      <Part refID="20" designID="3070" materials="26">
        <Bone refID="20" transformation="1,0,0,0,-1,0,0,0,-1,0.40000152587890625,1.4518494606018066,1.1199989318847656">
        </Bone>
      </Part>
    </Brick>
    <Brick refID="21" designID="3044">
      <Part refID="21" designID="3044" materials="26">
        <Bone refID="21" transformation="0,0,-1,0,0.99999994039535522,0,1,0,0,0.40000152587890625,2.2518677711486816,1.1199989318847656">
        </Bone>
      </Part>
    </Brick>
    <Brick refID="22" designID="3048">
      <Part refID="22" designID="3048" materials="182">
        <Bone refID="22" transformation="0,1.0000002384185791,0,0,0,1,1.0000001192092896,0,0,0.40000152587890625,1.8518738746643066,1.5200004577636719">
        </Bone>
      </Part>
    </Brick>
    <Brick refID="23" designID="50746">
      <Part refID="23" designID="50746" materials="26">
        <Bone refID="23" transformation="-1,0,0,0,0,1.0000001192092896,0,1.0000001192092896,0,0.40000152587890625,0.40000006556510925,0.55999755859375">
        </Bone>
      </Part>
    </Brick>
    <Brick refID="24" designID="2555">
      <Part refID="24" designID="2555" materials="26">
        <Bone refID="24" transformation="0,0,-1,0,0.99999994039535522,0,1,0,0,-0.39999771118164063,3.8518738746643066,0.15999984741210938">
        </Bone>
      </Part>
    </Brick>
    <Brick refID="25" designID="3024">
      <Part refID="25" designID="3024" materials="26">
        <Bone refID="25" transformation="1,0,0,0,1,0,0,0,1,-1.1999988555908203,2.5718750953674316,0.95999908447265625">
        </Bone>
      </Part>
    </Brick>
    <Brick refID="26" designID="50746">
      <Part refID="26" designID="50746" materials="182">
        <Bone refID="26" transformation="1,0,0,0,1,0,0,0,1,-1.1999988555908203,2.8918824195861816,0.95999908447265625">
        </Bone>
      </Part>
    </Brick>
    <Brick refID="27" designID="3023">
      <Part refID="27" designID="3023" materials="26">
        <Bone refID="27" transformation="-1,0,0,0,1,0,0,0,-1,-1.1999988555908203,2.2518677711486816,0.95999908447265625">
        </Bone>
      </Part>
    </Brick>
    <Brick refID="28" designID="3676">
      <Part refID="28" designID="3676" materials="26">
        <Bone refID="28" transformation="1,0,0,0,1,0,0,0,1,-1.1999988555908203,1.2918763160705566,0.15999984741210938">
        </Bone>
      </Part>
    </Brick>
    <Brick refID="29" designID="2420">
      <Part refID="29" designID="2420" materials="182">
        <Bone refID="29" transformation="0,0,1,0,0.99999994039535522,0,-1,0,0,-1.1999988555908203,2.2518677711486816,-0.6399993896484375">
        </Bone>
      </Part>
    </Brick>
    <Brick refID="30" designID="3040">
      <Part refID="30" designID="3040" materials="26">
        <Bone refID="30" transformation="0,0,1,0,0.99999994039535522,0,-1,0,0,-1.1999988555908203,2.5718750953674316,0.15999984741210938">
        </Bone>
      </Part>
    </Brick>
    <Brick refID="31" designID="50746">
      <Part refID="31" designID="50746" materials="26">
        <Bone refID="31" transformation="-1,0,0,0,1,0,0,0,-1,-1.1999988555908203,2.5718750953674316,-0.6399993896484375">
        </Bone>
      </Part>
    </Brick>
    <Brick refID="32" designID="50746">
      <Part refID="32" designID="50746" materials="182">
        <Bone refID="32" transformation="0,0,1,0,0.99999994039535522,0,-1,0,0,-1.9999990463256836,2.5718750953674316,0.95999908447265625">
        </Bone>
      </Part>
    </Brick>
    <Brick refID="33" designID="3070">
      <Part refID="33" designID="3070" materials="182">
        <Bone refID="33" transformation="1,0,0,0,1,0,0,0,1,-1.1999988555908203,3.5318665504455566,0.15999984741210938">
        </Bone>
      </Part>
    </Brick>
    <Brick refID="34" designID="2654">
      <Part refID="34" designID="2654" materials="26">
        <Bone refID="34" transformation="1,0,0,0,1,0,0,0,1,-0.78999996185302734,3.8518738746643066,1.7599983215332031">
        </Bone>
      </Part>
    </Brick>
    <Brick refID="35" designID="4032">
      <Part refID="35" designID="4032" materials="26">
        <Bone refID="35" transformation="1,0,0,0,1,0,0,0,1,-0.78999996185302734,3.8518738746643066,1.7599983215332031">
        </Bone>
      </Part>
    </Brick>
    <Brick refID="36" designID="2540">
      <Part refID="36" designID="2540" materials="26">
        <Bone refID="36" transformation="-1,0,0,0,1,0,0,0,-1,0.010000228881835937,4.1718811988830566,0.95999908447265625">
        </Bone>
      </Part>
    </Brick>
    <Brick refID="37" designID="6141">
      <Part refID="37" designID="6141" materials="182">
        <Bone refID="37" transformation="1,0,0,0,1,0,0,0,1,-0.78999996185302734,4.1718811988830566,1.7599983215332031">
        </Bone>
      </Part>
    </Brick>
    <Brick refID="38" designID="6141">
      <Part refID="38" designID="6141" materials="182">
        <Bone refID="38" transformation="1,0,0,0,1,0,0,0,1,0.010000228881835937,4.1718811988830566,1.7599983215332031">
        </Bone>
      </Part>
    </Brick>
    <Brick refID="39" designID="6143">
      <Part refID="39" designID="6143" materials="26">
        <Bone refID="39" transformation="1,0,0,0,1,0,0,0,1,-0.78999996185302734,4.4918580055236816,1.7599983215332031">
        </Bone>
      </Part>
    </Brick>
    <Brick refID="40" designID="4150">
      <Part refID="40" designID="4150" materials="182,0" decoration="0">
        <Bone refID="40" transformation="1,0,0,0,1,0,0,0,1,-0.78999996185302734,5.7718873023986816,1.7599983215332031">
        </Bone>
      </Part>
    </Brick>
    <Brick refID="41" designID="4032">
      <Part refID="41" designID="4032" materials="26">
        <Bone refID="41" transformation="1,0,0,0,1,0,0,0,1,-0.78999996185302734,5.4518799781799316,1.7599983215332031">
        </Bone>
      </Part>
    </Brick>
    <Brick refID="42" designID="6266">
      <Part refID="42" designID="6266" materials="182">
        <Bone refID="42" transformation="1,0,0,0,-0.70710694789886475,0.70710659027099609,0,-0.70710659027099609,-0.70710694789886475,0.220001220703125,4.4198670387268066,0.15999984741210938">
        </Bone>
      </Part>
    </Brick>
    <Brick refID="43" designID="6266">
      <Part refID="43" designID="6266" materials="182">
        <Bone refID="43" transformation="1,0,0,0,-0.70710647106170654,0.70710712671279907,0,-0.70710712671279907,-0.70710647106170654,-0.99999904632568359,4.4198670387268066,0.15999984741210938">
        </Bone>
      </Part>
    </Brick>
    <Brick refID="44" designID="85975">
      <Part refID="44" designID="85975" materials="26">
        <Bone refID="44" transformation="1,0,0,0,-0.70710694789886475,0.70710659027099609,0,-0.70710659027099609,-0.70710694789886475,0.220001220703125,5.6643738746643066,-1.0845108032226562">
        </Bone>
      </Part>
    </Brick>
    <Brick refID="45" designID="85975">
      <Part refID="45" designID="85975" materials="26">
        <Bone refID="45" transformation="1,0,0,0,-0.70710647106170654,0.70710712671279907,0,-0.70710712671279907,-0.70710647106170654,-0.99999904632568359,5.6643738746643066,-1.0845108032226562">
        </Bone>
      </Part>
    </Brick>
    <Brick refID="46" designID="6126">
      <Part refID="46" designID="6126" materials="182">
        <Bone refID="46" transformation="0.98189342021942139,0.13395045697689056,0.13395039737224579,0,0.70710664987564087,-0.70710694789886475,-0.18943451344966888,0.69430363178253174,0.69430327415466309,-0.99999904632568359,5.3037476539611816,-0.72388458251953125">
        </Bone>
      </Part>
    </Brick>
    <Brick refID="47" designID="6126">
      <Part refID="47" designID="6126" materials="182">
        <Bone refID="47" transformation="-0.97397106885910034,0.16028128564357758,0.16028165817260742,0,0.70710724592208862,-0.7071068286895752,-0.22667223215103149,-0.68870162963867188,-0.68870151042938232,0.220001220703125,5.3037476539611816,-0.72388458251953125">
        </Bone>
      </Part>
    </Brick>
  </Bricks>
  <RigidSystems>
    <RigidSystem>
      <Rigid refID="0" transformation="-1,0,0,0,0,1.0000001192092896,0,1.0000001192092896,0,0.40000152587890625,0.399993896484375,-0.40000152587890625" boneRefs="0,1,2,3,4,5,6,7,8,9,10,11,12,13,14,15,16,17,18,19,20,21,22,23,24"/>
      <Rigid refID="1" transformation="1,0,0,0,1,0,0,0,1,-1.1999988555908203,2.571868896484375,0.95999908447265625" boneRefs="25,26,27,28,29,30,31,32,33"/>
      <Rigid refID="2" transformation="1,0,0,0,1,0,0,0,1,-0.78999996185302734,3.85186767578125,1.7599983215332031" boneRefs="34,35,36,37,38,39,40,41"/>
      <Rigid refID="3" transformation="1,0,0,0,-0.70710694789886475,0.70710659027099609,0,-0.70710659027099609,-0.70710694789886475,0.220001220703125,4.41986083984375,0.15999984741210938" boneRefs="42"/>
      <Rigid refID="4" transformation="1,0,0,0,-0.70710647106170654,0.70710712671279907,0,-0.70710712671279907,-0.70710647106170654,-0.99999904632568359,4.41986083984375,0.15999984741210938" boneRefs="43"/>
      <Rigid refID="5" transformation="1,0,0,0,-0.70710694789886475,0.70710659027099609,0,-0.70710659027099609,-0.70710694789886475,0.220001220703125,5.66436767578125,-1.0845108032226562" boneRefs="44"/>
      <Rigid refID="6" transformation="1,0,0,0,-0.70710647106170654,0.70710712671279907,0,-0.70710712671279907,-0.70710647106170654,-0.99999904632568359,5.66436767578125,-1.0845108032226562" boneRefs="45"/>
      <Rigid refID="7" transformation="0.98189342021942139,0.13395045697689056,0.13395039737224579,0,0.70710664987564087,-0.70710694789886475,-0.18943451344966888,0.69430363178253174,0.69430327415466309,-0.99999904632568359,5.303741455078125,-0.72388458251953125" boneRefs="46"/>
      <Rigid refID="8" transformation="-0.97397106885910034,0.16028128564357758,0.16028165817260742,0,0.70710724592208862,-0.7071068286895752,-0.22667223215103149,-0.68870162963867188,-0.68870151042938232,0.220001220703125,5.303741455078125,-0.72388458251953125" boneRefs="47"/>
      <Joint type="hinge">
        <RigidRef rigidRef="1" a="0,1,0" z="0,0,1" t="0,-1.279998779296875,-0.79999923706054688"/>
        <RigidRef rigidRef="0" a="0,0,0.99999988079071045" z="0,0.99999988079071045,0" t="1.5999994277954102,0.56000131368637085,0.89186877012252808"/>
      </Joint>
      <Joint type="hinge">
        <RigidRef rigidRef="2" a="1,0,0" z="0,0,-0.99999994039535522" t="0.63000017404556274,0.56800734996795654,-1.5999991893768311"/>
        <RigidRef rigidRef="0" a="-1,0,0" z="0,-0.99999982118606567,0" t="0.56000131368637085,0.56000053882598877,4.0198807716369629"/>
      </Joint>
      <Joint type="hinge">
        <RigidRef rigidRef="3" a="-1,0,0" z="0,0,0.99999994039535522" t="-0.15999999642372131,0,0"/>
        <RigidRef rigidRef="2" a="-1,0,0" z="0,-0.70710653066635132,-0.70710688829421997" t="0.85000121593475342,0.5679931640625,-1.5999984741210938"/>
      </Joint>
      <Joint type="hinge">
        <RigidRef rigidRef="4" a="1,0,0" z="0,0,0.99999994039535522" t="0.15999999642372131,0,0"/>
        <RigidRef rigidRef="2" a="1,0,0" z="0,-0.7071070671081543,-0.70710641145706177" t="-0.049999117851257324,0.5679931640625,-1.5999984741210938"/>
      </Joint>
      <Joint type="hinge">
        <RigidRef rigidRef="5" a="0,1,0" z="0,0,1" t="0,0.63999998569488525,0"/>
        <RigidRef rigidRef="3" a="0,1,0" z="0,0,1" t="0,-1.1200000047683716,0"/>
      </Joint>
      <Joint type="hinge">
        <RigidRef rigidRef="6" a="0,1,0" z="0,0,1" t="0,0.63999998569488525,0"/>
        <RigidRef rigidRef="4" a="0,1,0" z="0,0,1" t="0,-1.1200000047683716,0"/>
      </Joint>
      <Joint type="hinge">
        <RigidRef rigidRef="8" a="0,0.99999994039535522,0" z="1,0,0" t="0,0.39999997615814209,0"/>
        <RigidRef rigidRef="5" a="0,-1.0000003576278687,0" z="-0.97397106885910034,0,-0.22667229175567627" t="0,0.11000195890665054,0"/>
      </Joint>
      <Joint type="hinge">
        <RigidRef rigidRef="7" a="0,0.99999994039535522,0" z="1,0,0" t="0,0.39999997615814209,0"/>
        <RigidRef rigidRef="6" a="0,-0.99999994039535522,0" z="0.98189342021942139,0,-0.1894344687461853" t="0,0.11000242829322815,0"/>
      </Joint>
    </RigidSystem>
  </RigidSystems>
  <GroupSystems>
    <GroupSystem>
    </GroupSystem>
  </GroupSystems>
</LXFML>
