<?xml version="1.0" encoding="UTF-8" standalone="no" ?>
<LXFML versionMajor="5" versionMinor="0">
  <Meta>
    <Application name="LEGO Universe" versionMajor="0" versionMinor="0"/>
    <Brand name="LEGOUniverse"/>
    <BrickSet version="192"/>
  </Meta>
  <Bricks>
    <Brick refID="0" designID="3024">
      <Part refID="0" designID="3024" materials="140">
        <Bone refID="0" transformation="0,-1,0,0,0,1,-1,0,0,2.0000019073486328,0.977996826171875,2.0763320922851562">
        </Bone>
      </Part>
    </Brick>
    <Brick refID="1" designID="3024">
      <Part refID="1" designID="3024" materials="140">
        <Bone refID="1" transformation="0,-1,0,0,0,1,-1,0,0,2.0000028610229492,0.977996826171875,1.7563323974609375">
        </Bone>
      </Part>
    </Brick>
    <Brick refID="2" designID="50950">
      <Part refID="2" designID="50950" materials="140">
        <Bone refID="2" transformation="1,0,0,0,0,1,0,-1,0,0.39999961853027344,0.977996826171875,2.7163314819335938">
        </Bone>
      </Part>
    </Brick>
    <Brick refID="3" designID="3022">
      <Part refID="3" designID="3022" materials="135">
        <Bone refID="3" transformation="1,0,0,0,1,0,0,0,1,-0.40000057220458984,1.13800048828125,0.40000152587890625">
        </Bone>
      </Part>
    </Brick>
    <Brick refID="4" designID="6141">
      <Part refID="4" designID="6141" materials="199">
        <Bone refID="4" transformation="1,0,0,0,-1,0,0,0,-1,1.1999979019165039,0.8179931640625,2.0000038146972656">
        </Bone>
      </Part>
    </Brick>
    <Brick refID="5" designID="6177">
      <Part refID="5" designID="6177" materials="135">
        <Bone refID="5" transformation="1,0,0,0,-1,0,0,0,-1,-2,0.49798583984375,-1.2000007629394531">
        </Bone>
      </Part>
    </Brick>
    <Brick refID="6" designID="6141">
      <Part refID="6" designID="6141" materials="199">
        <Bone refID="6" transformation="0,0,-1.0000001192092896,0,-1,0,-1.0000001192092896,0,0,1.9999980926513672,0.8179931640625,-1.2000007629394531">
        </Bone>
      </Part>
    </Brick>
    <Brick refID="7" designID="4081">
      <Part refID="7" designID="4081" materials="199">
        <Bone refID="7" transformation="0,1.0000001192092896,0,1.0000001192092896,0,0,0,0,-1,1.7563285827636719,0.977996826171875,-0.39999771118164063">
        </Bone>
      </Part>
    </Brick>
    <Brick refID="8" designID="6141">
      <Part refID="8" designID="6141" materials="199">
        <Bone refID="8" transformation="0,0,-1,0,1,0,1,0,0,1.9999980926513672,1.13800048828125,-1.2000007629394531">
        </Bone>
      </Part>
    </Brick>
    <Brick refID="9" designID="30565">
      <Part refID="9" designID="30565" materials="135">
        <Bone refID="9" transformation="0,0,-1,0,1,0,1,0,0,0.39999866485595703,1.457977294921875,-0.39999771118164063">
        </Bone>
      </Part>
    </Brick>
    <Brick refID="10" designID="4589">
      <Part refID="10" designID="4589" materials="1">
        <Bone refID="10" transformation="1,0,0,0,1,0,0,0,1,1.1999998092651367,1.777984619140625,-0.39999771118164063">
        </Bone>
      </Part>
    </Brick>
    <Brick refID="11" designID="4589">
      <Part refID="11" designID="4589" materials="1">
        <Bone refID="11" transformation="1,0,0,0,1,0,0,0,1,1.1999998092651367,1.777984619140625,-1.9999961853027344">
        </Bone>
      </Part>
    </Brick>
    <Brick refID="12" designID="6141">
      <Part refID="12" designID="6141" materials="199">
        <Bone refID="12" transformation="-1,0,0,0,1,0,0,0,-1,1.1999969482421875,1.13800048828125,-1.9999961853027344">
        </Bone>
      </Part>
    </Brick>
    <Brick refID="13" designID="4081">
      <Part refID="13" designID="4081" materials="199">
        <Bone refID="13" transformation="0,-1,0,0,0,-1,1,0,0,0.39999771118164063,0.977996826171875,-1.7563285827636719">
        </Bone>
      </Part>
    </Brick>
    <Brick refID="14" designID="6141">
      <Part refID="14" designID="6141" materials="199">
        <Bone refID="14" transformation="-1,0,0,0,-1,0,0,0,1,1.1999969482421875,0.8179931640625,-1.9999961853027344">
        </Bone>
      </Part>
    </Brick>
    <Brick refID="15" designID="3023">
      <Part refID="15" designID="3023" materials="199">
        <Bone refID="15" transformation="-1,0,0,0,0,-1.0000001192092896,0,-1.0000001192092896,0,0.39999771118164063,0.977996826171875,-2.0763282775878906">
        </Bone>
      </Part>
    </Brick>
    <Brick refID="16" designID="4081">
      <Part refID="16" designID="4081" materials="199">
        <Bone refID="16" transformation="0,1,0,0,0,-1,-1,0,0,-0.40000343322753906,0.977996826171875,-1.7563285827636719">
        </Bone>
      </Part>
    </Brick>
    <Brick refID="17" designID="6141">
      <Part refID="17" designID="6141" materials="199">
        <Bone refID="17" transformation="-1,0,0,0,-1,0,0,0,1,-1.2000026702880859,0.8179931640625,-1.9999961853027344">
        </Bone>
      </Part>
    </Brick>
    <Brick refID="18" designID="6141">
      <Part refID="18" designID="6141" materials="199">
        <Bone refID="18" transformation="-1,0,0,0,1,0,0,0,-1,-1.2000017166137695,1.13800048828125,-1.9999961853027344">
        </Bone>
      </Part>
    </Brick>
    <Brick refID="19" designID="30565">
      <Part refID="19" designID="30565" materials="135">
        <Bone refID="19" transformation="-1,0,0,0,1,0,0,0,-1,-0.40000152587890625,1.457977294921875,-0.39999771118164063">
        </Bone>
      </Part>
    </Brick>
    <Brick refID="20" designID="4589">
      <Part refID="20" designID="4589" materials="1">
        <Bone refID="20" transformation="1,0,0,0,1,0,0,0,1,-2.0000019073486328,1.777984619140625,-0.39999771118164063">
        </Bone>
      </Part>
    </Brick>
    <Brick refID="21" designID="4589">
      <Part refID="21" designID="4589" materials="1">
        <Bone refID="21" transformation="1,0,0,0,1,0,0,0,1,-0.40000057220458984,1.777984619140625,-0.39999771118164063">
        </Bone>
      </Part>
    </Brick>
    <Brick refID="22" designID="4589">
      <Part refID="22" designID="4589" materials="1">
        <Bone refID="22" transformation="1,0,0,0,1,0,0,0,1,-1.1999998092651367,1.777984619140625,-1.2000007629394531">
        </Bone>
      </Part>
    </Brick>
    <Brick refID="23" designID="4589">
      <Part refID="23" designID="4589" materials="1">
        <Bone refID="23" transformation="1,0,0,0,1,0,0,0,1,-2.0000009536743164,1.777984619140625,-1.9999961853027344">
        </Bone>
      </Part>
    </Brick>
    <Brick refID="24" designID="4589">
      <Part refID="24" designID="4589" materials="1">
        <Bone refID="24" transformation="1,0,0,0,1,0,0,0,1,-0.39999961853027344,1.777984619140625,-1.9999961853027344">
        </Bone>
      </Part>
    </Brick>
    <Brick refID="25" designID="6141">
      <Part refID="25" designID="6141" materials="199">
        <Bone refID="25" transformation="0,0,1,0,0.99999994039535522,0,-1,0,0,-2.0000019073486328,1.13800048828125,-1.2000007629394531">
        </Bone>
      </Part>
    </Brick>
    <Brick refID="26" designID="4081">
      <Part refID="26" designID="4081" materials="199">
        <Bone refID="26" transformation="0,-1.0000001192092896,0,-1.0000001192092896,0,0,0,0,-1,-1.7563323974609375,0.977996826171875,-0.39999771118164063">
        </Bone>
      </Part>
    </Brick>
    <Brick refID="27" designID="3023">
      <Part refID="27" designID="3023" materials="199">
        <Bone refID="27" transformation="0,0,1,-1,0,0,0,-1,0,-2.0763330459594727,0.977996826171875,-0.39999771118164063">
        </Bone>
      </Part>
    </Brick>
    <Brick refID="28" designID="3023">
      <Part refID="28" designID="3023" materials="199">
        <Bone refID="28" transformation="0,0,1,-1,0,0,0,-1,0,-2.396331787109375,0.977996826171875,-0.39999771118164063">
        </Bone>
      </Part>
    </Brick>
    <Brick refID="29" designID="4081">
      <Part refID="29" designID="4081" materials="199">
        <Bone refID="29" transformation="0,1,0,-1,0,0,0,0,1,-1.7563343048095703,0.977996826171875,0.40000152587890625">
        </Bone>
      </Part>
    </Brick>
    <Brick refID="30" designID="6141">
      <Part refID="30" designID="6141" materials="199">
        <Bone refID="30" transformation="0,0,1,0,1,0,-1,0,0,-2,1.13800048828125,1.2000045776367187">
        </Bone>
      </Part>
    </Brick>
    <Brick refID="31" designID="30565">
      <Part refID="31" designID="30565" materials="135">
        <Bone refID="31" transformation="0,0,1,0,1,0,-1,0,0,-0.40000152587890625,1.457977294921875,0.40000152587890625">
        </Bone>
      </Part>
    </Brick>
    <Brick refID="32" designID="4589">
      <Part refID="32" designID="4589" materials="1">
        <Bone refID="32" transformation="1,0,0,0,1,0,0,0,1,-1.2000007629394531,1.777984619140625,0.40000534057617188">
        </Bone>
      </Part>
    </Brick>
    <Brick refID="33" designID="6141">
      <Part refID="33" designID="6141" materials="199">
        <Bone refID="33" transformation="1,0,0,0,1,0,0,0,1,-1.2000007629394531,1.13800048828125,2.0000038146972656">
        </Bone>
      </Part>
    </Brick>
    <Brick refID="34" designID="4081">
      <Part refID="34" designID="4081" materials="199">
        <Bone refID="34" transformation="0,-1,0,0,0,1,-1,0,0,-0.40000152587890625,0.977996826171875,1.7563323974609375">
        </Bone>
      </Part>
    </Brick>
    <Brick refID="35" designID="6141">
      <Part refID="35" designID="6141" materials="199">
        <Bone refID="35" transformation="1,0,0,0,-1,0,0,0,-1,-1.2000007629394531,0.8179931640625,2.0000038146972656">
        </Bone>
      </Part>
    </Brick>
    <Brick refID="36" designID="3023">
      <Part refID="36" designID="3023" materials="199">
        <Bone refID="36" transformation="1,0,0,0,0,1,0,-1,0,-0.40000247955322266,0.977996826171875,2.0763359069824219">
        </Bone>
      </Part>
    </Brick>
    <Brick refID="37" designID="4081">
      <Part refID="37" designID="4081" materials="199">
        <Bone refID="37" transformation="0,1,0,0,0,1,1,0,0,0.39999961853027344,0.977996826171875,1.7563362121582031">
        </Bone>
      </Part>
    </Brick>
    <Brick refID="38" designID="6141">
      <Part refID="38" designID="6141" materials="199">
        <Bone refID="38" transformation="1,0,0,0,1,0,0,0,1,1.1999979019165039,1.13800048828125,2.0000038146972656">
        </Bone>
      </Part>
    </Brick>
    <Brick refID="39" designID="30565">
      <Part refID="39" designID="30565" materials="135">
        <Bone refID="39" transformation="1,0,0,0,1,0,0,0,1,0.39999866485595703,1.457977294921875,0.40000152587890625">
        </Bone>
      </Part>
    </Brick>
    <Brick refID="40" designID="4589">
      <Part refID="40" designID="4589" materials="1">
        <Bone refID="40" transformation="1,0,0,0,1,0,0,0,1,0.40000057220458984,1.777984619140625,0.40000152587890625">
        </Bone>
      </Part>
    </Brick>
    <Brick refID="41" designID="4589">
      <Part refID="41" designID="4589" materials="1">
        <Bone refID="41" transformation="1,0,0,0,1,0,0,0,1,1.9999990463256836,1.777984619140625,0.40000152587890625">
        </Bone>
      </Part>
    </Brick>
    <Brick refID="42" designID="4589">
      <Part refID="42" designID="4589" materials="1">
        <Bone refID="42" transformation="1,0,0,0,1,0,0,0,1,1.1999988555908203,1.777984619140625,1.2000007629394531">
        </Bone>
      </Part>
    </Brick>
    <Brick refID="43" designID="6141">
      <Part refID="43" designID="6141" materials="199">
        <Bone refID="43" transformation="0,0,-1,0,0.99999994039535522,0,1,0,0,1.9999990463256836,1.13800048828125,1.2000045776367187">
        </Bone>
      </Part>
    </Brick>
    <Brick refID="44" designID="4081">
      <Part refID="44" designID="4081" materials="199">
        <Bone refID="44" transformation="0,-1,0,1,0,0,0,0,1,1.7563295364379883,0.977996826171875,0.40000152587890625">
        </Bone>
      </Part>
    </Brick>
    <Brick refID="45" designID="6141">
      <Part refID="45" designID="6141" materials="199">
        <Bone refID="45" transformation="0,0,-1,0,-1,0,-1,0,0,1.9999980926513672,0.8179931640625,1.2000045776367187">
        </Bone>
      </Part>
    </Brick>
    <Brick refID="46" designID="3023">
      <Part refID="46" designID="3023" materials="199">
        <Bone refID="46" transformation="0,0,-1,1,0,0,0,-1,0,2.0763282775878906,0.977996826171875,0.40000152587890625">
        </Bone>
      </Part>
    </Brick>
    <Brick refID="47" designID="3023">
      <Part refID="47" designID="3023" materials="199">
        <Bone refID="47" transformation="0,0,-1,1,0,0,0,-1,0,2.3963308334350586,0.977996826171875,0.40000152587890625">
        </Bone>
      </Part>
    </Brick>
    <Brick refID="48" designID="4589">
      <Part refID="48" designID="4589" materials="1">
        <Bone refID="48" transformation="1,0,0,0,1,0,0,0,1,0.39999961853027344,1.777984619140625,2">
        </Bone>
      </Part>
    </Brick>
    <Brick refID="49" designID="4589">
      <Part refID="49" designID="4589" materials="1">
        <Bone refID="49" transformation="1,0,0,0,1,0,0,0,1,2,1.777984619140625,2">
        </Bone>
      </Part>
    </Brick>
    <Brick refID="50" designID="3023">
      <Part refID="50" designID="3023" materials="199">
        <Bone refID="50" transformation="1,0,0,0,0,1,0,-1,0,-0.40000152587890625,0.977996826171875,2.3963356018066406">
        </Bone>
      </Part>
    </Brick>
    <Brick refID="51" designID="4589">
      <Part refID="51" designID="4589" materials="1">
        <Bone refID="51" transformation="1,0,0,0,1,0,0,0,1,-0.40000152587890625,1.777984619140625,2.8000030517578125">
        </Bone>
      </Part>
    </Brick>
    <Brick refID="52" designID="4589">
      <Part refID="52" designID="4589" materials="1">
        <Bone refID="52" transformation="1,0,0,0,1,0,0,0,1,-1.2000017166137695,1.777984619140625,2.0000038146972656">
        </Bone>
      </Part>
    </Brick>
    <Brick refID="53" designID="4589">
      <Part refID="53" designID="4589" materials="1">
        <Bone refID="53" transformation="1,0,0,0,1,0,0,0,1,-2.0000038146972656,1.777984619140625,1.2000045776367187">
        </Bone>
      </Part>
    </Brick>
    <Brick refID="54" designID="4589">
      <Part refID="54" designID="4589" materials="1">
        <Bone refID="54" transformation="1,0,0,0,1,0,0,0,1,-0.40000152587890625,1.777984619140625,1.2000045776367187">
        </Bone>
      </Part>
    </Brick>
    <Brick refID="55" designID="4589">
      <Part refID="55" designID="4589" materials="1">
        <Bone refID="55" transformation="1,0,0,0,1,0,0,0,1,-2.8000030517578125,1.777984619140625,0.40000152587890625">
        </Bone>
      </Part>
    </Brick>
    <Brick refID="56" designID="6141">
      <Part refID="56" designID="6141" materials="199">
        <Bone refID="56" transformation="0,0,1.0000001192092896,0,-1,0,1.0000001192092896,0,0,-2.0000038146972656,0.8179931640625,1.2000045776367187">
        </Bone>
      </Part>
    </Brick>
    <Brick refID="57" designID="6141">
      <Part refID="57" designID="6141" materials="199">
        <Bone refID="57" transformation="0,0,1,0,-1,0,1,0,0,-2.0000009536743164,0.8179931640625,-1.2000007629394531">
        </Bone>
      </Part>
    </Brick>
    <Brick refID="58" designID="3023">
      <Part refID="58" designID="3023" materials="199">
        <Bone refID="58" transformation="-1,0,0,0,0,-1.0000001192092896,0,-1.0000001192092896,0,0.39999771118164063,0.977996826171875,-2.3963279724121094">
        </Bone>
      </Part>
    </Brick>
    <Brick refID="59" designID="4589">
      <Part refID="59" designID="4589" materials="1">
        <Bone refID="59" transformation="1,0,0,0,1,0,0,0,1,0.40000057220458984,1.777984619140625,-2.7999992370605469">
        </Bone>
      </Part>
    </Brick>
    <Brick refID="60" designID="4589">
      <Part refID="60" designID="4589" materials="1">
        <Bone refID="60" transformation="1,0,0,0,1,0,0,0,1,1.9999990463256836,1.777984619140625,-1.2000007629394531">
        </Bone>
      </Part>
    </Brick>
    <Brick refID="61" designID="4589">
      <Part refID="61" designID="4589" materials="1">
        <Bone refID="61" transformation="1,0,0,0,1,0,0,0,1,0.40000057220458984,1.777984619140625,-1.2000007629394531">
        </Bone>
      </Part>
    </Brick>
    <Brick refID="62" designID="4589">
      <Part refID="62" designID="4589" materials="1">
        <Bone refID="62" transformation="1,0,0,0,1,0,0,0,1,2.8000001907348633,1.777984619140625,-0.39999771118164063">
        </Bone>
      </Part>
    </Brick>
    <Brick refID="63" designID="64727">
      <Part refID="63" designID="64727" materials="131">
        <Bone refID="63" transformation="0.18846812844276428,0,-0.98207932710647583,0,1,0,0.98207932710647583,0,0.18846812844276428,-0.40000152587890625,2.915985107421875,1.2000007629394531">
        </Bone>
      </Part>
    </Brick>
    <Brick refID="64" designID="50950">
      <Part refID="64" designID="50950" materials="140">
        <Bone refID="64" transformation="0,0,-1,-1,0,0,0,1,0,-2.7163314819335938,0.977996826171875,-0.39999771118164063">
        </Bone>
      </Part>
    </Brick>
    <Brick refID="65" designID="50950">
      <Part refID="65" designID="50950" materials="140">
        <Bone refID="65" transformation="-1,0,0,0,0,1,0,1,0,-0.40000152587890625,0.977996826171875,2.7163314819335938">
        </Bone>
      </Part>
    </Brick>
    <Brick refID="66" designID="64727">
      <Part refID="66" designID="64727" materials="131">
        <Bone refID="66" transformation="-0.99372440576553345,0,0.11185640096664429,0,0.99999994039535522,0,-0.11185640096664429,0,-0.99372440576553345,1.1999988555908203,2.915985107421875,-0.40000152587890625">
        </Bone>
      </Part>
    </Brick>
    <Brick refID="67" designID="64727">
      <Part refID="67" designID="64727" materials="131">
        <Bone refID="67" transformation="-0.9715036153793335,0,-0.23702464997768402,0,1,0,0.23702464997768402,0,-0.9715036153793335,1.9999990463256836,2.915985107421875,0.39999771118164063">
        </Bone>
      </Part>
    </Brick>
    <Brick refID="68" designID="50950">
      <Part refID="68" designID="50950" materials="140">
        <Bone refID="68" transformation="0,0,-1,1,0,0,0,-1,0,2.7163295745849609,0.977996826171875,-0.39999771118164063">
        </Bone>
      </Part>
    </Brick>
    <Brick refID="69" designID="3024">
      <Part refID="69" designID="3024" materials="140">
        <Bone refID="69" transformation="0,-1,0,1,0,0,0,0,1,2.076329231262207,0.977996826171875,-1.9999961853027344">
        </Bone>
      </Part>
    </Brick>
    <Brick refID="70" designID="3024">
      <Part refID="70" designID="3024" materials="140">
        <Bone refID="70" transformation="0,-1,0,1,0,0,0,0,1,1.7563285827636719,0.977996826171875,-1.9999961853027344">
        </Bone>
      </Part>
    </Brick>
    <Brick refID="71" designID="64727">
      <Part refID="71" designID="64727" materials="131">
        <Bone refID="71" transformation="0.69386565685272217,0,0.72010445594787598,0,1,0,-0.72010445594787598,0,0.69386565685272217,-1.2000007629394531,2.915985107421875,-1.2000007629394531">
        </Bone>
      </Part>
    </Brick>
    <Brick refID="72" designID="64727">
      <Part refID="72" designID="64727" materials="131">
        <Bone refID="72" transformation="-0.54469501972198486,0,0.838634192943573,0,1,0,-0.838634192943573,0,-0.54469501972198486,1.1999988555908203,2.915985107421875,-1.9999961853027344">
        </Bone>
      </Part>
    </Brick>
    <Brick refID="73" designID="50950">
      <Part refID="73" designID="50950" materials="140">
        <Bone refID="73" transformation="-1,0,0,0,0,-1.0000001192092896,0,-1.0000001192092896,0,-0.40000152587890625,0.977996826171875,-2.7163276672363281">
        </Bone>
      </Part>
    </Brick>
    <Brick refID="74" designID="3024">
      <Part refID="74" designID="3024" materials="140">
        <Bone refID="74" transformation="0,-1,0,0,0,-1,1,0,0,-2.0000019073486328,0.977996826171875,-2.0763282775878906">
        </Bone>
      </Part>
    </Brick>
    <Brick refID="75" designID="3024">
      <Part refID="75" designID="3024" materials="140">
        <Bone refID="75" transformation="0,-1,0,0,0,-1,1,0,0,-2.0000019073486328,0.977996826171875,-1.7563285827636719">
        </Bone>
      </Part>
    </Brick>
    <Brick refID="76" designID="64727">
      <Part refID="76" designID="64727" materials="131">
        <Bone refID="76" transformation="-0.24215239286422729,0,0.97023820877075195,0,1,0,-0.97023820877075195,0,-0.24215239286422729,0.39999961853027344,2.915985107421875,-1.2000007629394531">
        </Bone>
      </Part>
    </Brick>
    <Brick refID="77" designID="64727">
      <Part refID="77" designID="64727" materials="131">
        <Bone refID="77" transformation="0.73953121900558472,0,0.67312222719192505,0,1,0,-0.67312222719192505,0,0.73953121900558472,-0.40000057220458984,2.917999267578125,-0.40000152587890625">
        </Bone>
      </Part>
    </Brick>
    <Brick refID="78" designID="64727">
      <Part refID="78" designID="64727" materials="131">
        <Bone refID="78" transformation="0.10231874883174896,0,-0.9947516918182373,0,1,0,0.9947516918182373,0,0.10231874883174896,-0.40000247955322266,2.915985107421875,2.7999992370605469">
        </Bone>
      </Part>
    </Brick>
    <Brick refID="79" designID="64727">
      <Part refID="79" designID="64727" materials="131">
        <Bone refID="79" transformation="-0.22295872867107391,0,-0.97482788562774658,0,0.99999994039535522,0,0.97482788562774658,0,-0.22295872867107391,0.39999961853027344,2.915985107421875,2">
        </Bone>
      </Part>
    </Brick>
    <Brick refID="80" designID="64727">
      <Part refID="80" designID="64727" materials="131">
        <Bone refID="80" transformation="0.98324644565582275,0,-0.18228116631507874,0,1,0,0.18228116631507874,0,0.98324644565582275,-1.2000017166137695,2.915985107421875,0.40000152587890625">
        </Bone>
      </Part>
    </Brick>
    <Brick refID="81" designID="64727">
      <Part refID="81" designID="64727" materials="131">
        <Bone refID="81" transformation="0.95576637983322144,0,0.29412686824798584,0,1,0,-0.29412686824798584,0,0.95576637983322144,-2.0000019073486328,2.915985107421875,-0.40000152587890625">
        </Bone>
      </Part>
    </Brick>
    <Brick refID="82" designID="64727">
      <Part refID="82" designID="64727" materials="131">
        <Bone refID="82" transformation="-0.23549552261829376,0,0.97187542915344238,0,1,0,-0.97187542915344238,0,-0.23549552261829376,0.40000057220458984,2.915985107421875,-2.7999992370605469">
        </Bone>
      </Part>
    </Brick>
    <Brick refID="83" designID="64727">
      <Part refID="83" designID="64727" materials="131">
        <Bone refID="83" transformation="0.44478076696395874,0,-0.89563947916030884,0,1,0,0.89563947916030884,0,0.44478076696395874,-1.2000026702880859,2.915985107421875,2">
        </Bone>
      </Part>
    </Brick>
    <Brick refID="84" designID="64727">
      <Part refID="84" designID="64727" materials="131">
        <Bone refID="84" transformation="-0.69386518001556396,0,-0.72010493278503418,0,1,0,0.72010493278503418,0,-0.69386518001556396,1.9999990463256836,2.915985107421875,2">
        </Bone>
      </Part>
    </Brick>
    <Brick refID="85" designID="64727">
      <Part refID="85" designID="64727" materials="131">
        <Bone refID="85" transformation="-0.72671389579772949,0,-0.68694025278091431,0,1,0,0.68694025278091431,0,-0.72671389579772949,1.1999988555908203,2.915985107421875,1.2000007629394531">
        </Bone>
      </Part>
    </Brick>
    <Brick refID="86" designID="64727">
      <Part refID="86" designID="64727" materials="131">
        <Bone refID="86" transformation="0.14069955050945282,0,0.99005234241485596,0,1,0,-0.99005234241485596,0,0.14069955050945282,-0.40000057220458984,2.915985107421875,-1.9999961853027344">
        </Bone>
      </Part>
    </Brick>
    <Brick refID="87" designID="64727">
      <Part refID="87" designID="64727" materials="131">
        <Bone refID="87" transformation="-0.99546414613723755,0,0.095137409865856171,0,0.99999994039535522,0,-0.095137409865856171,0,-0.99546414613723755,2.7999992370605469,2.915985107421875,-0.40000152587890625">
        </Bone>
      </Part>
    </Brick>
    <Brick refID="88" designID="50950">
      <Part refID="88" designID="50950" materials="140">
        <Bone refID="88" transformation="1,0,0,0,0,-1,0,1,0,0.39999771118164063,0.977996826171875,-2.7163276672363281">
        </Bone>
      </Part>
    </Brick>
    <Brick refID="89" designID="3024">
      <Part refID="89" designID="3024" materials="140">
        <Bone refID="89" transformation="0,-1.0000001192092896,0,-1.0000001192092896,0,0,0,0,-1,-1.7563323974609375,0.977996826171875,2">
        </Bone>
      </Part>
    </Brick>
    <Brick refID="90" designID="3024">
      <Part refID="90" designID="3024" materials="140">
        <Bone refID="90" transformation="0,-1.0000001192092896,0,-1.0000001192092896,0,0,0,0,-1,-2.0763330459594727,0.977996826171875,2">
        </Bone>
      </Part>
    </Brick>
    <Brick refID="91" designID="50950">
      <Part refID="91" designID="50950" materials="140">
        <Bone refID="91" transformation="0,0,1,-1,0,0,0,-1,0,-2.7163324356079102,0.977996826171875,0.40000152587890625">
        </Bone>
      </Part>
    </Brick>
    <Brick refID="92" designID="64727">
      <Part refID="92" designID="64727" materials="131">
        <Bone refID="92" transformation="0.98940581083297729,0,-0.1451762318611145,0,1,0,0.1451762318611145,0,0.98940581083297729,-2.8000030517578125,2.915985107421875,0.40000152587890625">
        </Bone>
      </Part>
    </Brick>
    <Brick refID="93" designID="64727">
      <Part refID="93" designID="64727" materials="131">
        <Bone refID="93" transformation="0.74551278352737427,0,0.66649132966995239,0,1,0,-0.66649132966995239,0,0.74551278352737427,-2.0000019073486328,2.915985107421875,-1.9999961853027344">
        </Bone>
      </Part>
    </Brick>
    <Brick refID="94" designID="64727">
      <Part refID="94" designID="64727" materials="131">
        <Bone refID="94" transformation="0.868294358253479,0,-0.49604931473731995,0,1,0,0.49604931473731995,0,0.868294358253479,-2.0000038146972656,2.915985107421875,1.2000007629394531">
        </Bone>
      </Part>
    </Brick>
    <Brick refID="95" designID="64727">
      <Part refID="95" designID="64727" materials="131">
        <Bone refID="95" transformation="-0.91182690858840942,0,0.41057485342025757,0,0.99999994039535522,0,-0.41057485342025757,0,-0.91182690858840942,1.9999990463256836,2.915985107421875,-1.2000007629394531">
        </Bone>
      </Part>
    </Brick>
    <Brick refID="96" designID="50950">
      <Part refID="96" designID="50950" materials="140">
        <Bone refID="96" transformation="0,0,1,1,0,0,0,1,0,2.7163295745849609,0.977996826171875,0.40000152587890625">
        </Bone>
      </Part>
    </Brick>
    <Brick refID="97" designID="64727">
      <Part refID="97" designID="64727" materials="131">
        <Bone refID="97" transformation="-0.72171413898468018,0,-0.69219124317169189,0,1,0,0.69219124317169189,0,-0.72171413898468018,0.39999961853027344,2.915985107421875,0.39999771118164063">
        </Bone>
      </Part>
    </Brick>
  </Bricks>
  <RigidSystems>
    <RigidSystem>
      <Rigid refID="0" transformation="0,-1,0,0,0,1,-1,0,0,13.200002670288086,433.93798828125,-61.123668670654297" boneRefs="0,1,2"/>
      <Rigid refID="1" transformation="1,0,0,0,1,0,0,0,1,10.800000190734863,434.09799194335937,-62.799999237060547" boneRefs="3,4,5,6,7,8,9,10,11,12,13,14,15,16,17,18,19,20,21,22,23,24,25,26,27,28,29,30,31,32,33,34,35,36,37,38,39,40,41,42,43,44,45,46,47,48,49,50,51,52,53,54,55,56,57,58,59,60,61,62"/>
      <Rigid refID="2" transformation="0.18846812844276428,0,-0.98207932710647583,0,1,0,0.98207932710647583,0,0.18846812844276428,10.799999237060547,435.8759765625,-62" boneRefs="63"/>
      <Rigid refID="3" transformation="0,0,-1,-1,0,0,0,1,0,8.4836692810058594,433.93798828125,-63.599998474121094" boneRefs="64"/>
      <Rigid refID="4" transformation="-1,0,0,0,0,1,0,1,0,10.799999237060547,433.93798828125,-60.483669281005859" boneRefs="65"/>
      <Rigid refID="5" transformation="-0.99372440576553345,0,0.11185640096664429,0,0.99999994039535522,0,-0.11185640096664429,0,-0.99372440576553345,12.399999618530273,435.8759765625,-63.600002288818359" boneRefs="66"/>
      <Rigid refID="6" transformation="-0.9715036153793335,0,-0.23702464997768402,0,1,0,0.23702464997768402,0,-0.9715036153793335,13.199999809265137,435.8759765625,-62.800003051757813" boneRefs="67"/>
      <Rigid refID="7" transformation="0,0,-1,1,0,0,0,-1,0,13.916330337524414,433.93798828125,-63.599998474121094" boneRefs="68,69,70"/>
      <Rigid refID="8" transformation="0.69386565685272217,0,0.72010445594787598,0,1,0,-0.72010445594787598,0,0.69386565685272217,10,435.8759765625,-64.400001525878906" boneRefs="71"/>
      <Rigid refID="9" transformation="-0.54469501972198486,0,0.838634192943573,0,1,0,-0.838634192943573,0,-0.54469501972198486,12.399999618530273,435.8759765625,-65.199996948242188" boneRefs="72"/>
      <Rigid refID="10" transformation="-1,0,0,0,0,-1.0000001192092896,0,-1.0000001192092896,0,10.799999237060547,433.93798828125,-65.916328430175781" boneRefs="73,74,75"/>
      <Rigid refID="11" transformation="-0.24215239286422729,0,0.97023820877075195,0,1,0,-0.97023820877075195,0,-0.24215239286422729,11.600000381469727,435.8759765625,-64.400001525878906" boneRefs="76"/>
      <Rigid refID="12" transformation="0.73953121900558472,0,0.67312222719192505,0,1,0,-0.67312222719192505,0,0.73953121900558472,10.800000190734863,435.87799072265625,-63.600002288818359" boneRefs="77"/>
      <Rigid refID="13" transformation="0.10231874883174896,0,-0.9947516918182373,0,1,0,0.9947516918182373,0,0.10231874883174896,10.79999828338623,435.8759765625,-60.400001525878906" boneRefs="78"/>
      <Rigid refID="14" transformation="-0.22295872867107391,0,-0.97482788562774658,0,0.99999994039535522,0,0.97482788562774658,0,-0.22295872867107391,11.600000381469727,435.8759765625,-61.200000762939453" boneRefs="79"/>
      <Rigid refID="15" transformation="0.98324644565582275,0,-0.18228116631507874,0,1,0,0.18228116631507874,0,0.98324644565582275,9.9999990463256836,435.8759765625,-62.799999237060547" boneRefs="80"/>
      <Rigid refID="16" transformation="0.95576637983322144,0,0.29412686824798584,0,1,0,-0.29412686824798584,0,0.95576637983322144,9.1999988555908203,435.8759765625,-63.600002288818359" boneRefs="81"/>
      <Rigid refID="17" transformation="-0.23549552261829376,0,0.97187542915344238,0,1,0,-0.97187542915344238,0,-0.23549552261829376,11.600001335144043,435.8759765625,-66" boneRefs="82"/>
      <Rigid refID="18" transformation="0.44478076696395874,0,-0.89563947916030884,0,1,0,0.89563947916030884,0,0.44478076696395874,9.9999980926513672,435.8759765625,-61.200000762939453" boneRefs="83"/>
      <Rigid refID="19" transformation="-0.69386518001556396,0,-0.72010493278503418,0,1,0,0.72010493278503418,0,-0.69386518001556396,13.199999809265137,435.8759765625,-61.200000762939453" boneRefs="84"/>
      <Rigid refID="20" transformation="-0.72671389579772949,0,-0.68694025278091431,0,1,0,0.68694025278091431,0,-0.72671389579772949,12.399999618530273,435.8759765625,-62" boneRefs="85"/>
      <Rigid refID="21" transformation="0.14069955050945282,0,0.99005234241485596,0,1,0,-0.99005234241485596,0,0.14069955050945282,10.800000190734863,435.8759765625,-65.199996948242188" boneRefs="86"/>
      <Rigid refID="22" transformation="-0.99546414613723755,0,0.095137409865856171,0,0.99999994039535522,0,-0.095137409865856171,0,-0.99546414613723755,14,435.8759765625,-63.600002288818359" boneRefs="87"/>
      <Rigid refID="23" transformation="1,0,0,0,0,-1,0,1,0,11.599998474121094,433.93798828125,-65.916328430175781" boneRefs="88"/>
      <Rigid refID="24" transformation="0,-1.0000001192092896,0,-1.0000001192092896,0,0,0,0,-1,9.4436683654785156,433.93798828125,-61.200000762939453" boneRefs="89,90,91"/>
      <Rigid refID="25" transformation="0.98940581083297729,0,-0.1451762318611145,0,1,0,0.1451762318611145,0,0.98940581083297729,8.3999977111816406,435.8759765625,-62.799999237060547" boneRefs="92"/>
      <Rigid refID="26" transformation="0.74551278352737427,0,0.66649132966995239,0,1,0,-0.66649132966995239,0,0.74551278352737427,9.1999988555908203,435.8759765625,-65.199996948242188" boneRefs="93"/>
      <Rigid refID="27" transformation="0.868294358253479,0,-0.49604931473731995,0,1,0,0.49604931473731995,0,0.868294358253479,9.1999969482421875,435.8759765625,-62" boneRefs="94"/>
      <Rigid refID="28" transformation="-0.91182690858840942,0,0.41057485342025757,0,0.99999994039535522,0,-0.41057485342025757,0,-0.91182690858840942,13.199999809265137,435.8759765625,-64.400001525878906" boneRefs="95"/>
      <Rigid refID="29" transformation="0,0,1,1,0,0,0,1,0,13.916330337524414,433.93798828125,-62.799999237060547" boneRefs="96"/>
      <Rigid refID="30" transformation="-0.72171413898468018,0,-0.69219124317169189,0,1,0,0.69219124317169189,0,-0.72171413898468018,11.600000381469727,435.8759765625,-62.800003051757813" boneRefs="97"/>
      <Joint type="hinge">
        <RigidRef rigidRef="1" a="0,0,1" z="0,-1,0" t="0.79999911785125732,-0.16000895202159882,2.3163342475891113"/>
        <RigidRef rigidRef="0" a="0,1,0" z="1,0,0" t="0,0.63999903202056885,1.6000019311904907"/>
      </Joint>
      <Joint type="hinge">
        <RigidRef rigidRef="2" a="0,-0.99999994039535522,0" z="1,0,0" t="0,-0.40000000596046448,0"/>
        <RigidRef rigidRef="1" a="0,-0.99999994039535522,0" z="0.1884680837392807,0,-0.98207932710647583" t="0,1.3779853582382202,0.7999994158744812"/>
      </Joint>
      <Joint type="hinge">
        <RigidRef rigidRef="3" a="0,1,0" z="0,0,1" t="0,0,0"/>
        <RigidRef rigidRef="1" a="-1,0,0" z="0,-1,0" t="-2.316331148147583,-0.1600089967250824,-0.79999899864196777"/>
      </Joint>
      <Joint type="hinge">
        <RigidRef rigidRef="4" a="0,1,0" z="0,0,1" t="0,0,0"/>
        <RigidRef rigidRef="1" a="0,0,1" z="0,-1,0" t="0,-0.16000895202159882,2.3163342475891113"/>
      </Joint>
      <Joint type="hinge">
        <RigidRef rigidRef="5" a="0,-0.99999994039535522,0" z="1,0,0" t="0,-0.40000000596046448,0"/>
        <RigidRef rigidRef="1" a="0,-0.99999988079071045,0" z="-0.99372440576553345,0,0.11185644567012787" t="1.5999994277954102,1.3779853582382202,-0.80000269412994385"/>
      </Joint>
      <Joint type="hinge">
        <RigidRef rigidRef="6" a="0,-0.99999994039535522,0" z="1,0,0" t="0,-0.40000000596046448,0"/>
        <RigidRef rigidRef="1" a="0,-0.99999994039535522,0" z="-0.9715036153793335,0,-0.23702460527420044" t="2.3999996185302734,1.3779853582382202,0"/>
      </Joint>
      <Joint type="hinge">
        <RigidRef rigidRef="7" a="0,1,0" z="0,0,1" t="0,0,0"/>
        <RigidRef rigidRef="1" a="1,0,0" z="0,-1,0" t="3.1163313388824463,-0.16000896692276001,-0.79999995231628418"/>
      </Joint>
      <Joint type="hinge">
        <RigidRef rigidRef="8" a="0,-0.99999994039535522,0" z="1,0,0" t="0,-0.40000000596046448,0"/>
        <RigidRef rigidRef="1" a="0,-0.99999994039535522,0" z="0.69386571645736694,0,0.7201043963432312" t="-0.80000019073486328,1.3779853582382202,-1.6000019311904907"/>
      </Joint>
      <Joint type="hinge">
        <RigidRef rigidRef="9" a="0,-0.99999994039535522,0" z="1,0,0" t="0,-0.40000000596046448,0"/>
        <RigidRef rigidRef="1" a="0,-0.99999994039535522,0" z="-0.54469496011734009,0,0.838634192943573" t="1.5999994277954102,1.3779853582382202,-2.3999972343444824"/>
      </Joint>
      <Joint type="hinge">
        <RigidRef rigidRef="10" a="0,1,0" z="0,0,1" t="0,0,0"/>
        <RigidRef rigidRef="1" a="0,0,-1.0000001192092896" z="0,-1.0000001192092896,0" t="0,-0.16000892221927643,-3.1163296699523926"/>
      </Joint>
      <Joint type="hinge">
        <RigidRef rigidRef="11" a="0,-0.99999994039535522,0" z="1,0,0" t="0,-0.40000000596046448,0"/>
        <RigidRef rigidRef="1" a="0,-0.99999994039535522,0" z="-0.24215234816074371,0,0.97023820877075195" t="0.80000019073486328,1.3779853582382202,-1.6000019311904907"/>
      </Joint>
      <Joint type="hinge">
        <RigidRef rigidRef="12" a="0,-0.99999994039535522,0" z="1,0,0" t="0,-0.40000000596046448,0"/>
        <RigidRef rigidRef="1" a="0,-0.99999994039535522,0" z="0.73953121900558472,0,0.67312216758728027" t="0,1.3799995183944702,-0.80000269412994385"/>
      </Joint>
      <Joint type="hinge">
        <RigidRef rigidRef="13" a="0,-0.99999994039535522,0" z="1,0,0" t="0,-0.40000000596046448,0"/>
        <RigidRef rigidRef="1" a="0,-0.99999994039535522,0" z="0.10231870412826538,0,-0.9947516918182373" t="0,1.3779852390289307,2.3999979496002197"/>
      </Joint>
      <Joint type="hinge">
        <RigidRef rigidRef="14" a="0,-0.99999994039535522,0" z="1,0,0" t="0,-0.40000000596046448,0"/>
        <RigidRef rigidRef="1" a="0,-0.99999988079071045,0" z="-0.2229587733745575,0,-0.97482788562774658" t="0.80000019073486328,1.3779853582382202,1.5999987125396729"/>
      </Joint>
      <Joint type="hinge">
        <RigidRef rigidRef="15" a="0,-0.99999994039535522,0" z="1,0,0" t="0,-0.40000000596046448,0"/>
        <RigidRef rigidRef="1" a="0,-0.99999994039535522,0" z="0.98324644565582275,0,-0.18228121101856232" t="-0.80000114440917969,1.3779853582382202,0"/>
      </Joint>
      <Joint type="hinge">
        <RigidRef rigidRef="16" a="0,-0.99999994039535522,0" z="1,0,0" t="0,-0.40000000596046448,0"/>
        <RigidRef rigidRef="1" a="0,-0.99999994039535522,0" z="0.95576637983322144,0,0.29412683844566345" t="-1.600001335144043,1.3779853582382202,-0.80000269412994385"/>
      </Joint>
      <Joint type="hinge">
        <RigidRef rigidRef="17" a="0,-0.99999994039535522,0" z="1,0,0" t="0,-0.40000000596046448,0"/>
        <RigidRef rigidRef="1" a="0,-0.99999994039535522,0" z="-0.23549547791481018,0,0.97187542915344238" t="0.80000114440917969,1.3779854774475098,-3.200000524520874"/>
      </Joint>
      <Joint type="hinge">
        <RigidRef rigidRef="18" a="0,-0.99999994039535522,0" z="1,0,0" t="0,-0.40000000596046448,0"/>
        <RigidRef rigidRef="1" a="0,-0.99999994039535522,0" z="0.44478073716163635,0,-0.89563947916030884" t="-0.80000209808349609,1.3779853582382202,1.5999987125396729"/>
      </Joint>
      <Joint type="hinge">
        <RigidRef rigidRef="19" a="0,-0.99999994039535522,0" z="1,0,0" t="0,-0.40000000596046448,0"/>
        <RigidRef rigidRef="1" a="0,-0.99999994039535522,0" z="-0.69386523962020874,0,-0.7201048731803894" t="2.3999996185302734,1.3779853582382202,1.5999987125396729"/>
      </Joint>
      <Joint type="hinge">
        <RigidRef rigidRef="20" a="0,-0.99999994039535522,0" z="1,0,0" t="0,-0.40000000596046448,0"/>
        <RigidRef rigidRef="1" a="0,-0.99999994039535522,0" z="-0.72671395540237427,0,-0.68694019317626953" t="1.5999994277954102,1.3779853582382202,0.7999994158744812"/>
      </Joint>
      <Joint type="hinge">
        <RigidRef rigidRef="21" a="0,-0.99999994039535522,0" z="1,0,0" t="0,-0.40000000596046448,0"/>
        <RigidRef rigidRef="1" a="0,-0.99999994039535522,0" z="0.1406995952129364,0,0.99005234241485596" t="0,1.3779853582382202,-2.3999972343444824"/>
      </Joint>
      <Joint type="hinge">
        <RigidRef rigidRef="22" a="0,-0.99999994039535522,0" z="1,0,0" t="0,-0.40000000596046448,0"/>
        <RigidRef rigidRef="1" a="0,-0.99999988079071045,0" z="-0.99546414613723755,0,0.095137454569339752" t="3.1999998092651367,1.3779853582382202,-0.80000269412994385"/>
      </Joint>
      <Joint type="hinge">
        <RigidRef rigidRef="23" a="0,1,0" z="0,0,1" t="0,0,0"/>
        <RigidRef rigidRef="1" a="0,0,-1.0000001192092896" z="0,-1.0000001192092896,0" t="0.79999828338623047,-0.16000896692276001,-3.1163296699523926"/>
      </Joint>
      <Joint type="hinge">
