<?xml version="1.0" encoding="UTF-8" standalone="no" ?>
<LXFML versionMajor="5" versionMinor="0">
  <Meta>
    <Application name="LEGO Universe" versionMajor="0" versionMinor="0"/>
    <Brand name="LEGOUniverse"/>
    <BrickSet version="330"/>
  </Meta>
  <Bricks>
    <Brick refID="0" designID="59275">
      <Part refID="0" designID="59275" materials="199">
        <Bone refID="0" transformation="-0.94004905223846436,0,0.34103918075561523,0,1,0,-0.34103918075561523,0,-0.94004905223846436,-0.39999961853027344,0.079999998211860657,0.39999896287918091">
        </Bone>
      </Part>
    </Brick>
    <Brick refID="1" designID="6141">
      <Part refID="1" designID="6141" materials="23">
        <Bone refID="1" transformation="1,0,0,0,0,-1,0,1,0,-0.40000149607658386,3.9999992847442627,1.2799975872039795">
        </Bone>
      </Part>
    </Brick>
    <Brick refID="2" designID="4070">
      <Part refID="2" designID="4070" materials="194">
        <Bone refID="2" transformation="1,0,0,0,0,-1,0,1,0,-0.40000137686729431,3.9999992847442627,0.95999801158905029">
        </Bone>
      </Part>
    </Brick>
    <Brick refID="3" designID="61975">
      <Part refID="3" designID="61975" materials="140">
        <Bone refID="3" transformation="-0.4131721556186676,0,0.91065293550491333,0,1,0,-0.91065293550491333,0,-0.4131721556186676,-0.40000054240226746,4.7018613815307617,0.39999961853027344">
        </Bone>
      </Part>
    </Brick>
    <Brick refID="4" designID="32028">
      <Part refID="4" designID="32028" materials="199">
        <Bone refID="4" transformation="1,0,0,0,1,0,0,0,1,-0.40000054240226746,3.2799994945526123,0.39999842643737793">
        </Bone>
      </Part>
    </Brick>
    <Brick refID="5" designID="6141">
      <Part refID="5" designID="6141" materials="23">
        <Bone refID="5" transformation="-1,0,0,0,0,-1.0000001192092896,0,-1.0000001192092896,0,0.39999872446060181,3.9999992847442627,1.2799975872039795">
        </Bone>
      </Part>
    </Brick>
    <Brick refID="6" designID="4070">
      <Part refID="6" designID="4070" materials="194">
        <Bone refID="6" transformation="1,0,0,0,0,-1,0,1,0,0.39999860525131226,3.9999992847442627,0.95999777317047119">
        </Bone>
      </Part>
    </Brick>
    <Brick refID="7" designID="49668">
      <Part refID="7" designID="49668" materials="194">
        <Bone refID="7" transformation="0,1,0,0,0,-1,-1,0,0,-0.40000054240226746,3.9999992847442627,0">
        </Bone>
      </Part>
    </Brick>
    <Brick refID="8" designID="61975">
      <Part refID="8" designID="61975" materials="140">
        <Bone refID="8" transformation="-0.38541692495346069,0,-0.92274254560470581,0,1,0,0.92274254560470581,0,-0.38541692495346069,0.39999872446060181,4.7018613815307617,0.39999765157699585">
        </Bone>
      </Part>
    </Brick>
    <Brick refID="9" designID="4032">
      <Part refID="9" designID="4032" materials="194">
        <Bone refID="9" transformation="-1,0,0,0,1,0,0,0,-1,0.40000015497207642,2.9599995613098145,-0.40000122785568237">
        </Bone>
      </Part>
    </Brick>
    <Brick refID="10" designID="30293">
      <Part refID="10" designID="30293" materials="194">
        <Bone refID="10" transformation="-1,0,0,0,1,0,0,0,-1,0.40000015497207642,1.679999828338623,-0.40000122785568237">
        </Bone>
      </Part>
    </Brick>
    <Brick refID="11" designID="50746">
      <Part refID="11" designID="50746" materials="194">
        <Bone refID="11" transformation="1,0,0,0,0,-1,0,1,0,-0.40000006556510925,3.9999992847442627,-0.32000118494033813">
        </Bone>
      </Part>
    </Brick>
    <Brick refID="12" designID="3069">
      <Part refID="12" designID="3069" materials="194,0" decoration="0">
        <Bone refID="12" transformation="-1,0,0,0,1,0,0,0,-1,0.40022379159927368,3.2799994945526123,-0.40000218152999878">
        </Bone>
      </Part>
    </Brick>
    <Brick refID="13" designID="49668">
      <Part refID="13" designID="49668" materials="194">
        <Bone refID="13" transformation="0,-1,0,0,0,-1,1,0,0,0.39999872446060181,3.9999997615814209,0">
        </Bone>
      </Part>
    </Brick>
    <Brick refID="14" designID="30294">
      <Part refID="14" designID="30294" materials="194">
        <Bone refID="14" transformation="-1,0,0,0,1,0,0,0,-1,0.40000015497207642,0.079999886453151703,-0.40000122785568237">
        </Bone>
      </Part>
    </Brick>
    <Brick refID="15" designID="50746">
      <Part refID="15" designID="50746" materials="194">
        <Bone refID="15" transformation="0,0,1,0,0.99999994039535522,0,-1,0,0,-0.40000048279762268,2,0.39999988675117493">
        </Bone>
      </Part>
    </Brick>
    <Brick refID="16" designID="3024">
      <Part refID="16" designID="3024" materials="194">
        <Bone refID="16" transformation="-1,0,0,0,1,0,0,0,-1,-0.40000048279762268,1.6800000667572021,0.39999902248382568">
        </Bone>
      </Part>
    </Brick>
    <Brick refID="17" designID="3023">
      <Part refID="17" designID="3023" materials="194">
        <Bone refID="17" transformation="-1,0,0,0,1,0,0,0,-1,0.39999920129776001,1.3599998950958252,0.39999988675117493">
        </Bone>
      </Part>
    </Brick>
    <Brick refID="18" designID="50746">
      <Part refID="18" designID="50746" materials="194">
        <Bone refID="18" transformation="1,0,0,0,1,0,0,0,1,0.39999920129776001,1.6800003051757812,0.39999991655349731">
        </Bone>
      </Part>
    </Brick>
    <Brick refID="19" designID="3022">
      <Part refID="19" designID="3022" materials="194">
        <Bone refID="19" transformation="-1,0,0,0,1,0,0,0,-1,0.39999920129776001,1.0399997234344482,-0.40000027418136597">
        </Bone>
      </Part>
    </Brick>
    <Brick refID="20" designID="3024">
      <Part refID="20" designID="3024" materials="194">
        <Bone refID="20" transformation="-1,0,0,0,1,0,0,0,-1,0,0.72000044584274292,0">
        </Bone>
      </Part>
    </Brick>
    <Brick refID="21" designID="3024">
      <Part refID="21" designID="3024" materials="194">
        <Bone refID="21" transformation="-1,0,0,0,1,0,0,0,-1,0,0.40000003576278687,0">
        </Bone>
      </Part>
    </Brick>
    <Brick refID="22" designID="50746">
      <Part refID="22" designID="50746" materials="194">
        <Bone refID="22" transformation="-1,0,0,0,1,0,0,0,-1,-0.40000054240226746,1.3599996566772461,-0.40000027418136597">
        </Bone>
      </Part>
    </Brick>
    <Brick refID="23" designID="50746">
      <Part refID="23" designID="50746" materials="194">
        <Bone refID="23" transformation="1,0,0,0,0,-1,0,1,0,0.39999872446060181,3.9999997615814209,-0.32000201940536499">
        </Bone>
      </Part>
    </Brick>
    <Brick refID="24" designID="50746">
      <Part refID="24" designID="50746" materials="194">
        <Bone refID="24" transformation="-1,0,0,0,1,0,0,0,-1,0.39999920129776001,1.3599996566772461,-0.40000027418136597">
        </Bone>
      </Part>
    </Brick>
    <Brick refID="25" designID="59275">
      <Part refID="25" designID="59275" materials="199">
        <Bone refID="25" transformation="0.93728679418563843,0,0.34855914115905762,0,1,0,-0.34855914115905762,0,0.93728679418563843,0.39999908208847046,0.079999998211860657,0.3999980092048645">
        </Bone>
      </Part>
    </Brick>
    <Brick refID="26" designID="59275">
      <Part refID="26" designID="59275" materials="199">
        <Bone refID="26" transformation="-0.34855866432189941,0,-0.93728697299957275,0,1,0,0.93728697299957275,0,-0.34855866432189941,-0.40000057220458984,0.079999998211860657,-0.40000218152999878">
        </Bone>
      </Part>
    </Brick>
    <Brick refID="27" designID="59275">
      <Part refID="27" designID="59275" materials="199">
        <Bone refID="27" transformation="0.29423555731773376,0,-0.95573294162750244,0,1,0,0.95573294162750244,0,0.29423555731773376,0.39999908208847046,0.079999998211860657,-0.40000122785568237">
        </Bone>
      </Part>
    </Brick>
  </Bricks>
  <RigidSystems>
    <RigidSystem>
      <Rigid refID="0" transformation="-0.94004905223846436,0,0.34103918075561523,0,1,0,-0.34103918075561523,0,-0.94004905223846436,0.40000039339065552,0.079999685287475586,-0.40000104904174805" boneRefs="0"/>
      <Rigid refID="1" transformation="1,0,0,0,0,-1,0,1,0,0.39999851584434509,3.9999990463256836,0.47999757528305054" boneRefs="1,2,3,4,5,6,7,8,9,10,11,12,13,14,15,16,17,18,19,20,21,22,23,24"/>
      <Rigid refID="2" transformation="0.93728679418563843,0,0.34855914115905762,0,1,0,-0.34855914115905762,0,0.93728679418563843,1.1999990940093994,0.079999685287475586,-0.40000200271606445" boneRefs="25"/>
      <Rigid refID="3" transformation="-0.34855866432189941,0,-0.93728697299957275,0,1,0,0.93728697299957275,0,-0.34855866432189941,0.39999943971633911,0.079999685287475586,-1.2000021934509277" boneRefs="26"/>
      <Rigid refID="4" transformation="0.29423555731773376,0,-0.95573294162750244,0,1,0,0.95573294162750244,0,0.29423555731773376,1.1999990940093994,0.079999685287475586,-1.2000012397766113" boneRefs="27"/>
      <Joint type="hinge">
        <RigidRef rigidRef="1" a="0,0,1" z="0,1,0" t="0,0.87999838590621948,-3.9199995994567871"/>
        <RigidRef rigidRef="0" a="0,1,0" z="0,0,1" t="0,0,0"/>
      </Joint>
      <Joint type="hinge">
        <RigidRef rigidRef="2" a="0,1,0" z="0,0,1" t="0,0,0"/>
        <RigidRef rigidRef="1" a="0,0,1" z="0,1,0" t="0.80000168085098267,0.87999844551086426,-3.9199995994567871"/>
      </Joint>
      <Joint type="hinge">
        <RigidRef rigidRef="3" a="0,1,0" z="0,0,1" t="0,0,0"/>
        <RigidRef rigidRef="1" a="0,0,1" z="0,1,0" t="0,1.6799983978271484,-3.9199995994567871"/>
      </Joint>
      <Joint type="hinge">
        <RigidRef rigidRef="4" a="0,1,0" z="0,0,1" t="0,0,0"/>
        <RigidRef rigidRef="1" a="0,0,1" z="0,1,0" t="0.80000162124633789,1.679998517036438,-3.9199995994567871"/>
      </Joint>
    </RigidSystem>
  </RigidSystems>
  <GroupSystems>
    <GroupSystem>
    </GroupSystem>
  </GroupSystems>
</LXFML>
