<?xml version="1.0" encoding="UTF-8" standalone="no" ?>
<LXFML versionMajor="5" versionMinor="0">
  <Meta>
    <Application name="LEGO Universe" versionMajor="0" versionMinor="0"/>
    <Brand name="LEGOUniverse"/>
    <BrickSet version="330"/>
  </Meta>
  <Bricks>
    <Brick refID="0" designID="56750">
      <Part refID="0" designID="56750" materials="21">
        <Bone refID="0" transformation="0.98470145463943481,0.17226427793502808,0.02624078094959259,0.17226427793502808,-0.93969255685806274,-0.29547074437141418,-0.02624078094959259,0.29547074437141418,-0.95499134063720703,-0.79135215282440186,1.5204175710678101,0.27807271480560303">
        </Bone>
      </Part>
    </Brick>
    <Brick refID="1" designID="3741">
      <Part refID="1" designID="3741" materials="28">
        <Bone refID="1" transformation="1,0,0,0,1,0,0,0,1,-0.4000009298324585,0,-0.40000021457672119">
        </Bone>
      </Part>
    </Brick>
    <Brick refID="2" designID="56750">
      <Part refID="2" designID="56750" materials="21">
        <Bone refID="2" transformation="0.98489612340927124,0.17116312682628632,-0.026129504665732384,0.17116312682628632,-0.93969231843948364,0.29611048102378845,0.026129504665732384,-0.29611048102378845,-0.9547961950302124,-0.75501811504364014,1.3202805519104004,-1.0149365663528442">
        </Bone>
      </Part>
    </Brick>
    <Brick refID="3" designID="56750">
      <Part refID="3" designID="56750" materials="21">
        <Bone refID="3" transformation="0.93829363584518433,-0.34151336550712585,-0.0545327328145504,-0.3420223593711853,-0.93969184160232544,0,-0.051243513822555542,0.018652647733688354,-0.99851197004318237,0.45565259456634521,1.7202945947647095,-0.39999926090240479">
        </Bone>
      </Part>
    </Brick>
  </Bricks>
  <RigidSystems>
    <RigidSystem>
      <Rigid refID="0" transformation="0.98470145463943481,0.17226427793502808,0.02624078094959259,0.17226427793502808,-0.93969255685806274,-0.29547074437141418,-0.02624078094959259,0.29547074437141418,-0.95499134063720703,0.80864787101745605,1.5204175710678101,1.8780727386474609" boneRefs="0"/>
      <Rigid refID="1" transformation="1,0,0,0,1,0,0,0,1,1.1999990940093994,0,1.1999998092651367" boneRefs="1"/>
      <Rigid refID="2" transformation="0.98489612340927124,0.17116312682628632,-0.026129504665732384,0.17116312682628632,-0.93969231843948364,0.29611048102378845,0.026129504665732384,-0.29611048102378845,-0.9547961950302124,0.84498190879821777,1.3202805519104004,0.58506345748901367" boneRefs="2"/>
      <Rigid refID="3" transformation="0.93829363584518433,-0.34151336550712585,-0.0545327328145504,-0.3420223593711853,-0.93969184160232544,0,-0.051243513822555542,0.018652647733688354,-0.99851197004318237,2.0556526184082031,1.7202945947647095,1.2000007629394531" boneRefs="3"/>
      <Joint type="hinge">
        <RigidRef rigidRef="1" a="-0.17226424813270569,0.93969261646270752,0.2954704761505127" z="0.47329333424568176,0.34202015399932861,-0.81179791688919067" t="-0.40511000156402588,1.5954699516296387,0.7016720175743103"/>
        <RigidRef rigidRef="0" a="0,-1,0" z="0.50366801023483276,0,0.86389738321304321" t="0,-0.079869136214256287,0"/>
      </Joint>
      <Joint type="hinge">
        <RigidRef rigidRef="2" a="0,-1,0" z="0,0,1" t="0,0,0"/>
        <RigidRef rigidRef="1" a="-0.17116314172744751,0.93969243764877319,-0.29611051082611084" z="0.026129508391022682,-0.29611051082611084,-0.95479631423950195" t="-0.35501718521118164,1.3202805519104004,-0.61493635177612305"/>
      </Joint>
      <Joint type="hinge">
        <RigidRef rigidRef="3" a="0,-1,0" z="0,0,1" t="0,0,0"/>
        <RigidRef rigidRef="1" a="0.3420223593711853,0.93969184160232544,0" z="-0.051243513822555542,0.018652647733688354,-0.99851197004318237" t="0.85565352439880371,1.7202945947647095,0"/>
      </Joint>
    </RigidSystem>
  </RigidSystems>
  <GroupSystems>
    <GroupSystem>
    </GroupSystem>
  </GroupSystems>
</LXFML>
