<?xml version="1.0" encoding="UTF-8" standalone="no" ?>
<LXFML versionMajor="5" versionMinor="0">
  <Meta>
    <Application name="LEGO Universe" versionMajor="0" versionMinor="0"/>
    <Brand name="LEGOUniverse"/>
    <BrickSet version="238"/>
  </Meta>
  <Bricks>
    <Brick refID="0" designID="3048">
      <Part refID="0" designID="3048" materials="191">
        <Bone refID="0" transformation="0.5996938943862915,0.80022948980331421,0,-0.80022948980331421,0.5996938943862915,0,0,0,1,-0.23712557554244995,2.8841438293457031,0.26013016700744629">
        </Bone>
      </Part>
    </Brick>
    <Brick refID="1" designID="6044">
      <Part refID="1" designID="6044" materials="26">
        <Bone refID="1" transformation="-1,0,0,0,1,0,0,0,-1,-0.39999681711196899,0.9600028395652771,-0.53986972570419312">
        </Bone>
      </Part>
    </Brick>
    <Brick refID="2" designID="87580">
      <Part refID="2" designID="87580" materials="26">
        <Bone refID="2" transformation="0,0,-1.0000001192092896,-0.80022937059402466,0.59969437122344971,0,0.59969425201416016,0.80022937059402466,0,-0.71687799692153931,2.2439565658569336,0.26013031601905823">
        </Bone>
      </Part>
    </Brick>
    <Brick refID="3" designID="6044">
      <Part refID="3" designID="6044" materials="26">
        <Bone refID="3" transformation="-1,0,0,0,1,0,0,0,-1,-0.39999669790267944,0.96000200510025024,0.26013046503067017">
        </Bone>
      </Part>
    </Brick>
    <Brick refID="4" designID="87580">
      <Part refID="4" designID="87580" materials="26">
        <Bone refID="4" transformation="0,0,-1,-0.80022954940795898,0.59969383478164673,0,0.59969383478164673,0.80022954940795898,0,-1.6763913631439209,0.96359258890151978,0.26013028621673584">
        </Bone>
      </Part>
    </Brick>
    <Brick refID="5" designID="3003">
      <Part refID="5" designID="3003" materials="26,0,0" decoration="0,0">
        <Bone refID="5" transformation="0,0,-1,0,1,0,1,0,0,0.40000781416893005,0,0.26013022661209106">
        </Bone>
      </Part>
    </Brick>
    <Brick refID="6" designID="6044">
      <Part refID="6" designID="6044" materials="26">
        <Bone refID="6" transformation="1,0,0,0,1,0,0,0,1,0.40000435709953308,0.96000289916992188,-0.53987020254135132">
        </Bone>
      </Part>
    </Brick>
    <Brick refID="7" designID="87580">
      <Part refID="7" designID="87580" materials="26">
        <Bone refID="7" transformation="0,0,-1,0.80023032426834106,0.59969282150268555,0,0.59969276189804077,-0.80023032426834106,0,1.1966398954391479,1.6037753820419312,0.26012974977493286">
        </Bone>
      </Part>
    </Brick>
    <Brick refID="8" designID="6044">
      <Part refID="8" designID="6044" materials="26">
        <Bone refID="8" transformation="1,0,0,0,1,0,0,0,1,0.40000414848327637,0.9600030779838562,0.26012974977493286">
        </Bone>
      </Part>
    </Brick>
    <Brick refID="9" designID="87580">
      <Part refID="9" designID="87580" materials="26">
        <Bone refID="9" transformation="0,0,-1,0.80023062229156494,0.59969252347946167,0,0.59969246387481689,-0.80023062229156494,0,2.1561501026153564,0.32340642809867859,0.26012974977493286">
        </Bone>
      </Part>
    </Brick>
    <Brick refID="10" designID="3048">
      <Part refID="10" designID="3048" materials="191">
        <Bone refID="10" transformation="-0.59969419240951538,0.80022925138473511,0,0.80022925138473511,0.59969419240951538,0,0,0,-1,0.2371293306350708,2.8841438293457031,-0.53987020254135132">
        </Bone>
      </Part>
    </Brick>
    <Brick refID="11" designID="3048">
      <Part refID="11" designID="3048" materials="191">
        <Bone refID="11" transformation="0.5996938943862915,0.80022948980331421,0,-0.80022948980331421,0.5996938943862915,0,0,0,1,-2.1723425388336182,0.83540350198745728,0.26013028621673584">
        </Bone>
      </Part>
    </Brick>
    <Brick refID="12" designID="3048">
      <Part refID="12" designID="3048" materials="191">
        <Bone refID="12" transformation="-0.59969419240951538,0.80022925138473511,0,0.80022925138473511,0.59969419240951538,0,0,0,-1,2.1723411083221436,0.83540350198745728,-0.53987014293670654">
        </Bone>
      </Part>
    </Brick>
    <Brick refID="13" designID="3048">
      <Part refID="13" designID="3048" materials="191">
        <Bone refID="13" transformation="0.5996938943862915,0.80022948980331421,0,-0.80022948980331421,0.5996938943862915,0,0,0,1,-1.2128326892852783,2.1157722473144531,0.26013016700744629">
        </Bone>
      </Part>
    </Brick>
    <Brick refID="14" designID="3048">
      <Part refID="14" designID="3048" materials="191">
        <Bone refID="14" transformation="-0.59969407320022583,0.80022943019866943,0,0.80022943019866943,0.59969419240951538,0,0,0,-1,1.2128312587738037,2.1157722473144531,-0.53987014293670654">
        </Bone>
      </Part>
    </Brick>
  </Bricks>
  <RigidSystems>
    <RigidSystem>
      <Rigid refID="0" transformation="0.5996938943862915,0.80022948980331421,0,-0.80022948980331421,0.5996938943862915,0,0,0,1,-1.0371255874633789,2.8841438293457031,0.26013016700744629" boneRefs="0,1,2,3,4,5,6,7,8,9,10"/>
      <Rigid refID="1" transformation="0.5996938943862915,0.80022948980331421,0,-0.80022948980331421,0.5996938943862915,0,0,0,1,-2.9723424911499023,0.8354034423828125,0.26013028621673584" boneRefs="11"/>
      <Rigid refID="2" transformation="-0.59969419240951538,0.80022925138473511,0,0.80022925138473511,0.59969419240951538,0,0,0,-1,1.3723411560058594,0.8354034423828125,-0.53987014293670654" boneRefs="12"/>
      <Rigid refID="3" transformation="0.5996938943862915,0.80022948980331421,0,-0.80022948980331421,0.5996938943862915,0,0,0,1,-2.0128326416015625,2.1157722473144531,0.26013016700744629" boneRefs="13"/>
      <Rigid refID="4" transformation="-0.59969407320022583,0.80022943019866943,0,0.80022943019866943,0.59969419240951538,0,0,0,-1,0.41283130645751953,2.1157722473144531,-0.53987014293670654" boneRefs="14"/>
      <Joint type="hinge">
        <RigidRef rigidRef="1" a="0,1,0" z="1,0,0" t="0,0,-0.40000003576278687"/>
        <RigidRef rigidRef="0" a="0,1,0" z="1,0,0" t="-2.8000006675720215,0.31999990344047546,-0.39999991655349731"/>
      </Joint>
      <Joint type="hinge">
        <RigidRef rigidRef="3" a="0,1,0" z="1,0,0" t="0,0,-0.40000003576278687"/>
        <RigidRef rigidRef="0" a="0,1,0" z="1,0,0" t="-1.2000011205673218,0.31999555230140686,-0.4000001847743988"/>
      </Joint>
      <Joint type="hinge">
        <RigidRef rigidRef="4" a="0,1,0" z="1,0,0" t="0,0,-0.40000003576278687"/>
        <RigidRef rigidRef="0" a="0.9597851037979126,-0.28073579072952271,0" z="-0.28073585033416748,-0.95978516340255737,0" t="0.25465714931488037,-1.6210923194885254,-0.40000069141387939"/>
      </Joint>
      <Joint type="hinge">
        <RigidRef rigidRef="2" a="0,1,0" z="1,0,0" t="0,0,-0.40000003576278687"/>
        <RigidRef rigidRef="0" a="0.95978504419326782,-0.28073620796203613,0" z="-0.28073623776435852,-0.95978498458862305,0" t="-0.19451926648616791,-3.1567502021789551,-0.40000075101852417"/>
      </Joint>
    </RigidSystem>
  </RigidSystems>
  <GroupSystems>
    <GroupSystem>
    </GroupSystem>
  </GroupSystems>
</LXFML>
