<?xml version="1.0" encoding="UTF-8" standalone="no" ?>
<LXFML versionMajor="5" versionMinor="0">
  <Meta>
    <Application name="LEGO Universe" versionMajor="0" versionMinor="0"/>
    <Brand name="LEGOUniverse"/>
    <BrickSet version="238"/>
  </Meta>
  <Bricks>
    <Brick refID="0" designID="50950">
      <Part refID="0" designID="50950" materials="26">
        <Bone refID="0" transformation="0,0,1,0,0.99999994039535522,0,-1,0,0,2.000002384185791,0.64000034332275391,2.7999999523162842">
        </Bone>
      </Part>
    </Brick>
    <Brick refID="1" designID="3623">
      <Part refID="1" designID="3623" materials="26">
        <Bone refID="1" transformation="0,0,-1,0,0.99999994039535522,0,1,0,0,2.000002384185791,0,4.3999996185302734">
        </Bone>
      </Part>
    </Brick>
    <Brick refID="2" designID="2555">
      <Part refID="2" designID="2555" materials="26">
        <Bone refID="2" transformation="0,0,-1,0,0.99999994039535522,0,1,0,0,2.000002384185791,0.64000034332275391,1.9999997615814209">
        </Bone>
      </Part>
    </Brick>
    <Brick refID="3" designID="2420">
      <Part refID="3" designID="2420" materials="26">
        <Bone refID="3" transformation="1,0,0,0,1,0,0,0,1,1.2000033855438232,0.31999960541725159,1.9999997615814209">
        </Bone>
      </Part>
    </Brick>
    <Brick refID="4" designID="2555">
      <Part refID="4" designID="2555" materials="26">
        <Bone refID="4" transformation="0,0,-1,0,0.99999994039535522,0,1,0,0,1.2000033855438232,0.64000022411346436,1.9999997615814209">
        </Bone>
      </Part>
    </Brick>
    <Brick refID="5" designID="3048">
      <Part refID="5" designID="3048" materials="268">
        <Bone refID="5" transformation="0,0.27816018462181091,-0.96053469181060791,0,0.96053475141525269,0.27816018462181091,1,0,0,2.0150017738342285,1.4996871948242187,1.2515988349914551">
        </Bone>
      </Part>
    </Brick>
    <Brick refID="6" designID="48336">
      <Part refID="6" designID="48336" materials="268">
        <Bone refID="6" transformation="1,0,0,0,0.96053510904312134,0.27815899252891541,0,-0.27815899252891541,0.96053504943847656,1.2150025367736816,1.1923153400421143,1.1625876426696777">
        </Bone>
      </Part>
    </Brick>
    <Brick refID="7" designID="61406">
      <Part refID="7" designID="61406" materials="26,268" decoration="0">
        <Bone refID="7" transformation="-1,0,0,0,0.96053475141525269,0.27816024422645569,0,0.27816024422645569,-0.96053469181060791,2.0150017738342285,0.88494443893432617,1.0735759735107422">
        </Bone>
      </Part>
    </Brick>
    <Brick refID="8" designID="3070">
      <Part refID="8" designID="3070" materials="148">
        <Bone refID="8" transformation="-0.70710659027099609,0,-0.70710694789886475,0,1,0,0.70710694789886475,0,-0.70710659027099609,0,1.6000003814697266,0.79999756813049316">
        </Bone>
      </Part>
    </Brick>
    <Brick refID="9" designID="87580">
      <Part refID="9" designID="87580" materials="26">
        <Bone refID="9" transformation="-1,0,0,0,1,0,0,0,-1,0.40000450611114502,1.2799999713897705,0.39999818801879883">
        </Bone>
      </Part>
    </Brick>
    <Brick refID="10" designID="41862">
      <Part refID="10" designID="41862" materials="148">
        <Bone refID="10" transformation="0,0,-1,0,0.99999994039535522,0,1,0,0,0.40000438690185547,0.96000003814697266,1.1999993324279785">
        </Bone>
      </Part>
    </Brick>
    <Brick refID="11" designID="47457">
      <Part refID="11" designID="47457" materials="26">
        <Bone refID="11" transformation="1,0,0,0,1,0,0,0,1,-0.39999675750732422,0.32000020146369934,2">
        </Bone>
      </Part>
    </Brick>
    <Brick refID="12" designID="3031">
      <Part refID="12" designID="3031" materials="26">
        <Bone refID="12" transformation="-1,0,0,0,1,0,0,0,-1,1.2000037431716919,0,-0.40000152587890625">
        </Bone>
      </Part>
    </Brick>
    <Brick refID="13" designID="50746">
      <Part refID="13" designID="50746" materials="26">
        <Bone refID="13" transformation="1,0,0,0,1,0,0,0,1,1.2000018358230591,0.32000020146369934,1.1999988555908203">
        </Bone>
      </Part>
    </Brick>
    <Brick refID="14" designID="50746">
      <Part refID="14" designID="50746" materials="26">
        <Bone refID="14" transformation="1,0,0,0,1,0,0,0,1,-1.1999982595443726,0.32000020146369934,1.1999988555908203">
        </Bone>
      </Part>
    </Brick>
    <Brick refID="15" designID="3049">
      <Part refID="15" designID="3049" materials="26">
        <Bone refID="15" transformation="-1,0,0,0,1,0,0,0,-1,1.2000018358230591,0.32000020146369934,-0.40000057220458984">
        </Bone>
      </Part>
    </Brick>
    <Brick refID="16" designID="47456">
      <Part refID="16" designID="47456" materials="268">
        <Bone refID="16" transformation="-1,0,0,0,1,0,0,0,-1,0.40000236034393311,0.32000020146369934,-1.2000007629394531">
        </Bone>
      </Part>
    </Brick>
    <Brick refID="17" designID="3049">
      <Part refID="17" designID="3049" materials="26">
        <Bone refID="17" transformation="1,0,0,0,1,0,0,0,1,-1.1999980211257935,0.32000020146369934,0.39999866485595703">
        </Bone>
      </Part>
    </Brick>
    <Brick refID="18" designID="3023">
      <Part refID="18" designID="3023" materials="268">
        <Bone refID="18" transformation="-1,0,0,0,1,0,0,0,-1,0.40000236034393311,0,-1.2000007629394531">
        </Bone>
      </Part>
    </Brick>
    <Brick refID="19" designID="50950">
      <Part refID="19" designID="50950" materials="26">
        <Bone refID="19" transformation="0,0,1,0,0.99999994039535522,0,-1,0,0,-1.9999974966049194,0.64000034332275391,2.7999997138977051">
        </Bone>
      </Part>
    </Brick>
    <Brick refID="20" designID="3623">
      <Part refID="20" designID="3623" materials="26">
        <Bone refID="20" transformation="0,0,-1,0,0.99999994039535522,0,1,0,0,-1.9999974966049194,0,4.3999996185302734">
        </Bone>
      </Part>
    </Brick>
    <Brick refID="21" designID="2555">
      <Part refID="21" designID="2555" materials="26">
        <Bone refID="21" transformation="0,0,-1,0,0.99999994039535522,0,1,0,0,-1.1999982595443726,0.64000034332275391,1.9999995231628418">
        </Bone>
      </Part>
    </Brick>
    <Brick refID="22" designID="2420">
      <Part refID="22" designID="2420" materials="26">
        <Bone refID="22" transformation="0,0,-1,0,0.99999994039535522,0,1,0,0,-1.9999974966049194,0.31999960541725159,2.8000001907348633">
        </Bone>
      </Part>
    </Brick>
    <Brick refID="23" designID="2555">
      <Part refID="23" designID="2555" materials="26">
        <Bone refID="23" transformation="0,0,-1,0,0.99999994039535522,0,1,0,0,-1.9999974966049194,0.64000022411346436,1.9999997615814209">
        </Bone>
      </Part>
    </Brick>
    <Brick refID="24" designID="3048">
      <Part refID="24" designID="3048" materials="268">
        <Bone refID="24" transformation="0,0.29539087414741516,-0.95537656545639038,0,0.95537662506103516,0.29539087414741516,1.0000001192092896,0,0,-1.1849988698959351,1.5131015777587891,1.256965160369873">
        </Bone>
      </Part>
    </Brick>
    <Brick refID="25" designID="48336">
      <Part refID="25" designID="48336" materials="268">
        <Bone refID="25" transformation="1,0,0,0,0.95537650585174561,0.29539060592651367,0,-0.29539060592651367,0.95537650585174561,-1.9849988222122192,1.207381010055542,1.1624405384063721">
        </Bone>
      </Part>
    </Brick>
    <Brick refID="26" designID="61406">
      <Part refID="26" designID="61406" materials="26,268" decoration="0">
        <Bone refID="26" transformation="-1,0,0,0,0.95537650585174561,0.29539090394973755,0,0.29539090394973755,-0.95537644624710083,-1.184998631477356,0.9016605019569397,1.0679147243499756">
        </Bone>
      </Part>
    </Brick>
  </Bricks>
  <RigidSystems>
    <RigidSystem>
      <Rigid refID="0" transformation="0,0,1,0,0.99999994039535522,0,-1,0,0,0.40000247955322266,0.64000034332275391,-1.2000000476837158" boneRefs="0,1"/>
      <Rigid refID="1" transformation="0,0,-1,0,0.99999994039535522,0,1,0,0,0.40000247955322266,0.64000034332275391,-2.0000002384185791" boneRefs="2,3,4"/>
      <Rigid refID="2" transformation="0,0.27816018462181091,-0.96053469181060791,0,0.96053475141525269,0.27816018462181091,1,0,0,0.41500186920166016,1.4996871948242187,-2.7484011650085449" boneRefs="5,6,7"/>
      <Rigid refID="3" transformation="-0.70710659027099609,0,-0.70710694789886475,0,1,0,0.70710694789886475,0,-0.70710659027099609,-1.5999970436096191,1.6000003814697266,-3.2000024318695068" boneRefs="8,9,10,11,12,13,14,15,16,17,18"/>
      <Rigid refID="4" transformation="0,0,1,0,0.99999994039535522,0,-1,0,0,-3.5999975204467773,0.64000034332275391,-1.2000002861022949" boneRefs="19,20"/>
      <Rigid refID="5" transformation="0,0,-1,0,0.99999994039535522,0,1,0,0,-2.7999982833862305,0.64000034332275391,-2.0000004768371582" boneRefs="21,22,23"/>
      <Rigid refID="6" transformation="0,0.29539087414741516,-0.95537656545639038,0,0.95537662506103516,0.29539087414741516,1.0000001192092896,0,0,-2.784998893737793,1.5131015777587891,-2.743034839630127" boneRefs="24,25,26"/>
      <Joint type="hinge">
        <RigidRef rigidRef="1" a="0,1,0" z="-1,0,0" t="-0.80000007152557373,0,0"/>
        <RigidRef rigidRef="0" a="0,1,0" z="0,0,1" t="0,0,0"/>
      </Joint>
      <Joint type="hinge">
        <RigidRef rigidRef="2" a="0,0,1" z="-1,0,0" t="-0.79999995231628418,-0.071999743580818176,0.17500074207782745"/>
        <RigidRef rigidRef="1" a="0,0,1" z="-0.96053510904312134,-0.27815902233123779,0" t="0,0.56800049543380737,0.19000005722045898"/>
      </Joint>
      <Joint type="hinge">
        <RigidRef rigidRef="3" a="0,1,0" z="0.7071070671081543,0,0.70710659027099609" t="-1.6970574855804443,-1.2800004482269287,0"/>
        <RigidRef rigidRef="1" a="0,1,0" z="-1,0,0" t="0,-0.32000079751014709,-0.7999991774559021"/>
      </Joint>
      <Joint type="hinge">
        <RigidRef rigidRef="5" a="0,1,0" z="0,0,1" t="0,-0.32000079751014709,0"/>
        <RigidRef rigidRef="3" a="0,1,0" z="0.7071070671081543,0,0.70710659027099609" t="0,-1.2800004482269287,-1.6970562934875488"/>
      </Joint>
      <Joint type="hinge">
        <RigidRef rigidRef="5" a="0,1,0" z="0,0,1" t="-0.80000048875808716,0,-0.7999991774559021"/>
        <RigidRef rigidRef="4" a="0,1,0" z="0,0,1" t="0,0,0"/>
      </Joint>
      <Joint type="hinge">
        <RigidRef rigidRef="6" a="0,0,1" z="-1,0,0" t="-0.80000019073486328,-0.071999810636043549,0.1750001460313797"/>
        <RigidRef rigidRef="5" a="0,0,1" z="-0.95537656545639038,-0.29539063572883606,0" t="0,0.56800156831741333,0.18999943137168884"/>
      </Joint>
    </RigidSystem>
  </RigidSystems>
  <GroupSystems>
    <GroupSystem>
    </GroupSystem>
  </GroupSystems>
</LXFML>
