<?xml version="1.0" encoding="UTF-8" standalone="no" ?>
<LXFML versionMajor="5" versionMinor="0">
  <Meta>
    <Application name="LEGO Universe" versionMajor="0" versionMinor="0"/>
    <Brand name="LEGOUniverse"/>
    <BrickSet version="238"/>
  </Meta>
  <Bricks>
    <Brick refID="0" designID="3024">
      <Part refID="0" designID="3024" materials="21">
        <Bone refID="0" transformation="1,0,0,0,1,0,0,0,1,-1.999997615814209,0,3.6000056266784668">
        </Bone>
      </Part>
    </Brick>
    <Brick refID="1" designID="3004">
      <Part refID="1" designID="3004" materials="21,0,0,0" decoration="0,0,0">
        <Bone refID="1" transformation="0,0,1,0,0.99999994039535522,0,-1,0,0,-1.999997615814209,0.31999969482421875,2.8000044822692871">
        </Bone>
      </Part>
    </Brick>
    <Brick refID="2" designID="61678">
      <Part refID="2" designID="61678" materials="28">
        <Bone refID="2" transformation="0,0,1,0,0.99999994039535522,0,-1,0,0,-1.999997615814209,1.9199998378753662,1.2000042200088501">
        </Bone>
      </Part>
    </Brick>
    <Brick refID="3" designID="3031">
      <Part refID="3" designID="3031" materials="21">
        <Bone refID="3" transformation="1,0,0,0,1,0,0,0,1,-1.1999976634979248,0,1.2000061273574829">
        </Bone>
      </Part>
    </Brick>
    <Brick refID="4" designID="3460">
      <Part refID="4" designID="3460" materials="21">
        <Bone refID="4" transformation="0,0,1,0,0.99999994039535522,0,-1,0,0,-1.1999976634979248,0.31999993324279785,-2.7999939918518066">
        </Bone>
      </Part>
    </Brick>
    <Brick refID="5" designID="3795">
      <Part refID="5" designID="3795" materials="21">
        <Bone refID="5" transformation="1,0,0,0,1,0,0,0,1,-1.9999980926513672,0,-1.9999927282333374">
        </Bone>
      </Part>
    </Brick>
    <Brick refID="6" designID="3460">
      <Part refID="6" designID="3460" materials="21">
        <Bone refID="6" transformation="0,0,1,0,0.99999994039535522,0,-1,0,0,1.2000031471252441,0.32000017166137695,-2.7999939918518066">
        </Bone>
      </Part>
    </Brick>
    <Brick refID="7" designID="3022">
      <Part refID="7" designID="3022" materials="21">
        <Bone refID="7" transformation="1,0,0,0,1,0,0,0,1,1.2000026702880859,0,2.8000063896179199">
        </Bone>
      </Part>
    </Brick>
    <Brick refID="8" designID="4865">
      <Part refID="8" designID="4865" materials="21,0" decoration="0">
        <Bone refID="8" transformation="0,0,1,0,0.99999994039535522,0,-1,0,0,1.2000031471252441,0.6400001049041748,-1.1999934911727905">
        </Bone>
      </Part>
    </Brick>
    <Brick refID="9" designID="4865">
      <Part refID="9" designID="4865" materials="21,0" decoration="0">
        <Bone refID="9" transformation="0,0,1,0,0.99999994039535522,0,-1,0,0,1.2000031471252441,0.6400001049041748,0.40000689029693604">
        </Bone>
      </Part>
    </Brick>
    <Brick refID="10" designID="3005">
      <Part refID="10" designID="3005" materials="21,0" decoration="0">
        <Bone refID="10" transformation="1,0,0,0,1,0,0,0,1,-1.9999980926513672,0.31999993324279785,-2.7999920845031738">
        </Bone>
      </Part>
    </Brick>
    <Brick refID="11" designID="3665">
      <Part refID="11" designID="3665" materials="21">
        <Bone refID="11" transformation="-1,0,0,0,1,0,0,0,-1,-1.9999980926513672,1.2799997329711914,-2.7999920845031738">
        </Bone>
      </Part>
    </Brick>
    <Brick refID="12" designID="3024">
      <Part refID="12" designID="3024" materials="154">
        <Bone refID="12" transformation="1,0,0,0,1,0,0,0,1,-1.9999980926513672,2.239999532699585,-3.5999932289123535">
        </Bone>
      </Part>
    </Brick>
    <Brick refID="13" designID="61678">
      <Part refID="13" designID="61678" materials="28">
        <Bone refID="13" transformation="0,0,1,0,0.99999994039535522,0,-1,0,0,-1.9999980926513672,2.5600001811981201,-3.5999932289123535">
        </Bone>
      </Part>
    </Brick>
    <Brick refID="14" designID="3024">
      <Part refID="14" designID="3024" materials="21">
        <Bone refID="14" transformation="1,0,0,0,1,0,0,0,1,-1.999997615814209,1.6000001430511475,-1.9999927282333374">
        </Bone>
      </Part>
    </Brick>
    <Brick refID="15" designID="3666">
      <Part refID="15" designID="3666" materials="21">
        <Bone refID="15" transformation="0,0,1,0,0.99999994039535522,0,-1,0,0,-1.999997615814209,1.2799992561340332,-1.9999927282333374">
        </Bone>
      </Part>
    </Brick>
    <Brick refID="16" designID="3455">
      <Part refID="16" designID="3455" materials="21">
        <Bone refID="16" transformation="0,0,-1,0,0.99999994039535522,0,1,0,0,-1.999997615814209,0.31999945640563965,2.000007152557373">
        </Bone>
      </Part>
    </Brick>
    <Brick refID="17" designID="3710">
      <Part refID="17" designID="3710" materials="21">
        <Bone refID="17" transformation="0,0,1,0,0.99999994039535522,0,-1,0,0,-1.9999980926513672,1.5999991893768311,-1.1999934911727905">
        </Bone>
      </Part>
    </Brick>
    <Brick refID="18" designID="3069">
      <Part refID="18" designID="3069" materials="28,0" decoration="0">
        <Bone refID="18" transformation="0,0,1,0,0.99999994039535522,0,-1,0,0,-1.9999980926513672,1.9199998378753662,-0.40021741390228271">
        </Bone>
      </Part>
    </Brick>
    <Brick refID="19" designID="3005">
      <Part refID="19" designID="3005" materials="21,0" decoration="0">
        <Bone refID="19" transformation="1,0,0,0,1,0,0,0,1,2.0000028610229492,0.31999993324279785,-2.7999920845031738">
        </Bone>
      </Part>
    </Brick>
    <Brick refID="20" designID="3665">
      <Part refID="20" designID="3665" materials="21">
        <Bone refID="20" transformation="-1,0,0,0,1,0,0,0,-1,2.0000028610229492,1.2799997329711914,-2.7999920845031738">
        </Bone>
      </Part>
    </Brick>
    <Brick refID="21" designID="3024">
      <Part refID="21" designID="3024" materials="154">
        <Bone refID="21" transformation="1,0,0,0,1,0,0,0,1,2.0000028610229492,2.239999532699585,-3.5999913215637207">
        </Bone>
      </Part>
    </Brick>
    <Brick refID="22" designID="61678">
      <Part refID="22" designID="61678" materials="28">
        <Bone refID="22" transformation="0,0,1,0,0.99999994039535522,0,-1,0,0,2.000002384185791,2.5600001811981201,-3.5999913215637207">
        </Bone>
      </Part>
    </Brick>
    <Brick refID="23" designID="3024">
      <Part refID="23" designID="3024" materials="21">
        <Bone refID="23" transformation="1,0,0,0,1,0,0,0,1,2.0000028610229492,1.6000001430511475,-1.9999927282333374">
        </Bone>
      </Part>
    </Brick>
    <Brick refID="24" designID="3666">
      <Part refID="24" designID="3666" materials="21">
        <Bone refID="24" transformation="0,0,1,0,0.99999994039535522,0,-1,0,0,2.0000028610229492,1.2800002098083496,-1.9999927282333374">
        </Bone>
      </Part>
    </Brick>
    <Brick refID="25" designID="3455">
      <Part refID="25" designID="3455" materials="21">
        <Bone refID="25" transformation="0,0,-1,0,0.99999994039535522,0,1,0,0,2.0000028610229492,0.32000017166137695,2.000007152557373">
        </Bone>
      </Part>
    </Brick>
    <Brick refID="26" designID="3710">
      <Part refID="26" designID="3710" materials="21">
        <Bone refID="26" transformation="0,0,1,0,0.99999994039535522,0,-1,0,0,2.0000028610229492,1.6000001430511475,-1.1999934911727905">
        </Bone>
      </Part>
    </Brick>
    <Brick refID="27" designID="3069">
      <Part refID="27" designID="3069" materials="28,0" decoration="0">
        <Bone refID="27" transformation="0,0,1,0,0.99999994039535522,0,-1,0,0,2.0000028610229492,1.9199998378753662,-0.40021741390228271">
        </Bone>
      </Part>
    </Brick>
    <Brick refID="28" designID="3795">
      <Part refID="28" designID="3795" materials="21">
        <Bone refID="28" transformation="0,0,1,0,0.99999994039535522,0,-1,0,0,-0.39999741315841675,0.31999993324279785,-2.7999939918518066">
        </Bone>
      </Part>
    </Brick>
    <Brick refID="29" designID="87580">
      <Part refID="29" designID="87580" materials="21">
        <Bone refID="29" transformation="1,0,0,0,1,0,0,0,1,-0.39999741315841675,0.6400001049041748,-1.1999934911727905">
        </Bone>
      </Part>
    </Brick>
    <Brick refID="30" designID="3022">
      <Part refID="30" designID="3022" materials="21">
        <Bone refID="30" transformation="1,0,0,0,1,0,0,0,1,-1.999997615814209,0,2.8000063896179199">
        </Bone>
      </Part>
    </Brick>
    <Brick refID="31" designID="4865">
      <Part refID="31" designID="4865" materials="21,0" decoration="0">
        <Bone refID="31" transformation="0,0,-1,0,0.99999994039535522,0,1,0,0,-1.1999976634979248,0.6399998664855957,-0.39999425411224365">
        </Bone>
      </Part>
    </Brick>
    <Brick refID="32" designID="4865">
      <Part refID="32" designID="4865" materials="21,0" decoration="0">
        <Bone refID="32" transformation="0,0,-1,0,0.99999994039535522,0,1,0,0,-1.1999976634979248,0.6399998664855957,1.2000061273574829">
        </Bone>
      </Part>
    </Brick>
    <Brick refID="33" designID="3069">
      <Part refID="33" designID="3069" materials="21,0" decoration="0">
        <Bone refID="33" transformation="1,0,0,0,1,0,0,0,1,-0.40022057294845581,0.6400001049041748,-0.39999425411224365">
        </Bone>
      </Part>
    </Brick>
    <Brick refID="34" designID="3070">
      <Part refID="34" designID="3070" materials="21">
        <Bone refID="34" transformation="1,0,0,0,1,0,0,0,1,-1.1999974250793457,0.6400001049041748,-1.9999946355819702">
        </Bone>
      </Part>
    </Brick>
    <Brick refID="35" designID="3070">
      <Part refID="35" designID="3070" materials="21">
        <Bone refID="35" transformation="1,0,0,0,1,0,0,0,1,1.2000031471252441,0.6400001049041748,-1.9999946355819702">
        </Bone>
      </Part>
    </Brick>
    <Brick refID="36" designID="3069">
      <Part refID="36" designID="3069" materials="21,0" decoration="0">
        <Bone refID="36" transformation="0,0,1,0,0.99999994039535522,0,-1,0,0,-1.1999976634979248,0.6400001049041748,1.9997822046279907">
        </Bone>
      </Part>
    </Brick>
    <Brick refID="37" designID="3069">
      <Part refID="37" designID="3069" materials="21,0" decoration="0">
        <Bone refID="37" transformation="0,0,1,0,0.99999994039535522,0,-1,0,0,1.2000031471252441,0.6400001049041748,1.9997822046279907">
        </Bone>
      </Part>
    </Brick>
    <Brick refID="38" designID="3069">
      <Part refID="38" designID="3069" materials="21,0" decoration="0">
        <Bone refID="38" transformation="1,0,0,0,1,0,0,0,1,-0.40022057294845581,0.6399998664855957,1.2000061273574829">
        </Bone>
      </Part>
    </Brick>
    <Brick refID="39" designID="3794">
      <Part refID="39" designID="3794" materials="21">
        <Bone refID="39" transformation="-1,0,0,0,1,0,0,0,-1,0.40000277757644653,0.6399998664855957,0.40000593662261963">
        </Bone>
      </Part>
    </Brick>
    <Brick refID="40" designID="3024">
      <Part refID="40" designID="3024" materials="21">
        <Bone refID="40" transformation="1,0,0,0,1,0,0,0,1,2.0000028610229492,0,3.6000070571899414">
        </Bone>
      </Part>
    </Brick>
    <Brick refID="41" designID="3004">
      <Part refID="41" designID="3004" materials="21,0,0,0" decoration="0,0,0">
        <Bone refID="41" transformation="0,0,1,0,0.99999994039535522,0,-1,0,0,2.0000026226043701,0.32000017166137695,2.8000059127807617">
        </Bone>
      </Part>
    </Brick>
    <Brick refID="42" designID="61678">
      <Part refID="42" designID="61678" materials="28">
        <Bone refID="42" transformation="0,0,1,0,0.99999994039535522,0,-1,0,0,2.0000026226043701,1.9199998378753662,1.2000075578689575">
        </Bone>
      </Part>
    </Brick>
    <Brick refID="43" designID="3660">
      <Part refID="43" designID="3660" materials="21">
        <Bone refID="43" transformation="-1,0,0,0,1,0,0,0,-1,-0.39999741315841675,0.6399998664855957,-2.7999944686889648">
        </Bone>
      </Part>
    </Brick>
    <Brick refID="44" designID="4865">
      <Part refID="44" designID="4865" materials="21,0" decoration="0">
        <Bone refID="44" transformation="1,0,0,0,1,0,0,0,1,-1.1999969482421875,1.6000001430511475,-3.5999937057495117">
        </Bone>
      </Part>
    </Brick>
    <Brick refID="45" designID="2431">
      <Part refID="45" designID="2431" materials="21,0" decoration="0">
        <Bone refID="45" transformation="1,0,0,0,1,0,0,0,1,-1.1999974250793457,1.6000001430511475,-2.7999944686889648">
        </Bone>
      </Part>
    </Brick>
    <Brick refID="46" designID="3660">
      <Part refID="46" designID="3660" materials="21">
        <Bone refID="46" transformation="-1,0,0,0,1,0,0,0,-1,1.200002908706665,0.6400001049041748,-2.7999944686889648">
        </Bone>
      </Part>
    </Brick>
    <Brick refID="47" designID="4865">
      <Part refID="47" designID="4865" materials="21,0" decoration="0">
        <Bone refID="47" transformation="1,0,0,0,1,0,0,0,1,0.40000307559967041,1.6000001430511475,-3.5999937057495117">
        </Bone>
      </Part>
    </Brick>
    <Brick refID="48" designID="3023">
      <Part refID="48" designID="3023" materials="24">
        <Bone refID="48" transformation="-0.16018609702587128,0,0.98708683252334595,0,0.99999994039535522,0,-0.98708683252334595,0,-0.16018609702587128,0,0.95999979972839355,0.40000641345977783">
        </Bone>
      </Part>
    </Brick>
    <Brick refID="49" designID="3021">
      <Part refID="49" designID="3021" materials="24">
        <Bone refID="49" transformation="0.98708683252334595,0,0.16018611192703247,0,1,0,-0.16018611192703247,0,0.98708683252334595,-0.91781562566757202,1.2799997329711914,1.0615291595458984">
        </Bone>
      </Part>
    </Brick>
    <Brick refID="50" designID="3023">
      <Part refID="50" designID="3023" materials="23">
        <Bone refID="50" transformation="-0.16018611192703247,0,0.98708683252334595,0,0.99999994039535522,0,-0.98708683252334595,0,-0.16018611192703247,-0.78966718912124634,0.95999979972839355,0.27185797691345215">
        </Bone>
      </Part>
    </Brick>
    <Brick refID="51" designID="3023">
      <Part refID="51" designID="3023" materials="23">
        <Bone refID="51" transformation="-0.16018611192703247,0,0.98708683252334595,0,0.99999994039535522,0,-0.98708683252334595,0,-0.16018611192703247,0.78967291116714478,0.95999979972839355,0.52815556526184082">
        </Bone>
      </Part>
    </Brick>
    <Brick refID="52" designID="3069">
      <Part refID="52" designID="3069" materials="23,0" decoration="0">
        <Bone refID="52" transformation="-0.16018624603748322,0,0.9870869517326355,0,0.99999994039535522,0,-0.9870869517326355,0,-0.16018624603748322,0.78970605134963989,1.6000006198883057,0.5279381275177002">
        </Bone>
      </Part>
    </Brick>
    <Brick refID="53" designID="3794">
      <Part refID="53" designID="3794" materials="24">
        <Bone refID="53" transformation="-0.16018611192703247,0,0.98708683252334595,0,0.99999994039535522,0,-0.98708683252334595,0,-0.16018611192703247,0,1.5999996662139893,0.4000096321105957">
        </Bone>
      </Part>
    </Brick>
    <Brick refID="54" designID="3069">
      <Part refID="54" designID="3069" materials="23,0" decoration="0">
        <Bone refID="54" transformation="-0.16018611192703247,0,0.98708683252334595,0,0.99999994039535522,0,-0.98708683252334595,0,-0.16018611192703247,-0.7896302342414856,1.6000006198883057,0.27163982391357422">
        </Bone>
      </Part>
    </Brick>
    <Brick refID="55" designID="3069">
      <Part refID="55" designID="3069" materials="1,0" decoration="0">
        <Bone refID="55" transformation="0.98266768455505371,0,-0.18537589907646179,0,1,0,0.18537589907646179,0,0.98266768455505371,-0.45735853910446167,1.9200007915496826,0.86903750896453857">
        </Bone>
      </Part>
    </Brick>
    <Brick refID="56" designID="3023">
      <Part refID="56" designID="3023" materials="37">
        <Bone refID="56" transformation="0.22161750495433807,0,0.97513365745544434,0,1,0,-0.97513365745544434,0,0.22161750495433807,-0.78010362386703491,0.95999979972839355,-1.4226998090744019">
        </Bone>
      </Part>
    </Brick>
    <Brick refID="57" designID="3021">
      <Part refID="57" designID="3021" materials="226">
        <Bone refID="57" transformation="0.97513461112976074,0,-0.22161391377449036,0,1,0,0.22161391377449036,0,0.97513461112976074,-0.6028098464012146,1.2799997329711914,-0.64259040355682373">
        </Bone>
      </Part>
    </Brick>
    <Brick refID="58" designID="3023">
      <Part refID="58" designID="3023" materials="226">
        <Bone refID="58" transformation="0.22161763906478882,0,0.97513377666473389,0,1,0,-0.97513377666473389,0,0.22161763906478882,0,0.96000003814697266,-1.5999926328659058">
        </Bone>
      </Part>
    </Brick>
    <Brick refID="59" designID="3023">
      <Part refID="59" designID="3023" materials="37">
        <Bone refID="59" transformation="0.22161763906478882,0,0.97513377666473389,0,1,0,-0.97513377666473389,0,0.22161763906478882,0.78011006116867065,0.95999979972839355,-1.7772864103317261">
        </Bone>
      </Part>
    </Brick>
    <Brick refID="60" designID="3069">
      <Part refID="60" designID="3069" materials="37,0" decoration="0">
        <Bone refID="60" transformation="0.22161753475666046,0,0.97513377666473389,0,1,0,-0.97513377666473389,0,0.22161753475666046,0.7800595760345459,1.6000006198883057,-1.7775038480758667">
        </Bone>
      </Part>
    </Brick>
    <Brick refID="61" designID="3794">
      <Part refID="61" designID="3794" materials="226">
        <Bone refID="61" transformation="0.22161763906478882,0,0.97513377666473389,0,1,0,-0.97513377666473389,0,0.22161763906478882,0,1.5999996662139893,-1.5999926328659058">
        </Bone>
      </Part>
    </Brick>
    <Brick refID="62" designID="3069">
      <Part refID="62" designID="3069" materials="37,0" decoration="0">
        <Bone refID="62" transformation="0.22161763906478882,0,0.97513377666473389,0,1,0,-0.97513377666473389,0,0.22161763906478882,-0.78015273809432983,1.6000006198883057,-1.4229158163070679">
        </Bone>
      </Part>
    </Brick>
    <Brick refID="63" designID="3023">
      <Part refID="63" designID="3023" materials="140">
        <Bone refID="63" transformation="0.76963108777999878,0,-0.63848882913589478,0,1,0,0.63848882913589478,0,0.76963108777999878,0.08864903450012207,1.919999361038208,-1.2099407911300659">
        </Bone>
      </Part>
    </Brick>
    <Brick refID="64" designID="3021">
      <Part refID="64" designID="3021" materials="5">
        <Bone refID="64" transformation="-0.63848882913589478,0,-0.76963108777999878,0,0.99999994039535522,0,0.76963108777999878,0,-0.63848882913589478,0.70435470342636108,2.2399990558624268,-1.7207316160202026">
        </Bone>
      </Part>
    </Brick>
    <Brick refID="65" designID="3023">
      <Part refID="65" designID="3023" materials="5">
        <Bone refID="65" transformation="0.76963108777999878,0,-0.63848882913589478,0,1,0,0.63848882913589478,0,0.76963108777999878,-0.42214149236679077,1.919999361038208,-1.8256453275680542">
        </Bone>
      </Part>
    </Brick>
    <Brick refID="66" designID="3023">
      <Part refID="66" designID="3023" materials="140">
        <Bone refID="66" transformation="0.76963108777999878,0,-0.63848882913589478,0,1,0,0.63848882913589478,0,0.76963108777999878,-0.9329332709312439,1.919999361038208,-2.4413509368896484">
        </Bone>
      </Part>
    </Brick>
    <Brick refID="67" designID="3069">
      <Part refID="67" designID="3069" materials="140,0" decoration="0">
        <Bone refID="67" transformation="0.76963108777999878,0,-0.63848882913589478,0,1,0,0.63848882913589478,0,0.76963108777999878,-0.93310338258743286,2.5599987506866455,-2.4412078857421875">
        </Bone>
      </Part>
    </Brick>
    <Brick refID="68" designID="3794">
      <Part refID="68" designID="3794" materials="5">
        <Bone refID="68" transformation="0.76963108777999878,0,-0.63848882913589478,0,1,0,0.63848882913589478,0,0.76963108777999878,-0.42214149236679077,2.5599992275238037,-1.8256453275680542">
        </Bone>
      </Part>
    </Brick>
    <Brick refID="69" designID="3069">
      <Part refID="69" designID="3069" materials="140,0" decoration="0">
        <Bone refID="69" transformation="0.76963096857070923,0,-0.6384890079498291,0,1,0,0.6384890079498291,0,0.76963096857070923,0.088478326797485352,2.5599982738494873,-1.2097986936569214">
        </Bone>
      </Part>
    </Brick>
    <Brick refID="70" designID="3069">
      <Part refID="70" designID="3069" materials="1,0" decoration="0">
        <Bone refID="70" transformation="-0.18467658758163452,0,-0.98279935121536255,0,1,0,0.98279935121536255,0,-0.18467658758163452,-0.040377616882324219,2.8799979686737061,-1.687703013420105">
        </Bone>
      </Part>
    </Brick>
  </Bricks>
  <RigidSystems>
    <RigidSystem>
      <Rigid refID="0" transformation="1,0,0,0,1,0,0,0,1,-2.7999975681304932,0,2.0000057220458984" boneRefs="0,1,2,3,4,5,6,7,8,9,10,11,12,13,14,15,16,17,18,19,20,21,22,23,24,25,26,27,28,29,30,31,32,33,34,35,36,37,38,39,40,41,42,43,44,45,46,47"/>
      <Rigid refID="1" transformation="-0.16018609702587128,0,0.98708683252334595,0,0.99999994039535522,0,-0.98708683252334595,0,-0.16018609702587128,-0.79999750852584839,0.95999979972839355,-1.1999936103820801" boneRefs="48,49,50,51,52,53,54"/>
      <Rigid refID="2" transformation="0.98266768455505371,0,-0.18537589907646179,0,1,0,0.18537589907646179,0,0.98266768455505371,-1.2573585510253906,1.9200007915496826,-0.73096251487731934" boneRefs="55"/>
      <Rigid refID="3" transformation="0.22161750495433807,0,0.97513365745544434,0,1,0,-0.97513365745544434,0,0.22161750495433807,-1.5801036357879639,0.95999979972839355,-3.0226998329162598" boneRefs="56,57,58,59,60,61,62"/>
      <Rigid refID="4" transformation="0.76963108777999878,0,-0.63848882913589478,0,1,0,0.63848882913589478,0,0.76963108777999878,-0.71135097742080688,1.919999361038208,-2.8099408149719238" boneRefs="63,64,65,66,67,68,69"/>
      <Rigid refID="5" transformation="-0.18467658758163452,0,-0.98279935121536255,0,1,0,0.98279935121536255,0,-0.18467658758163452,-0.84037762880325317,2.8799979686737061,-3.2877030372619629" boneRefs="70"/>
      <Joint type="hinge">
        <RigidRef rigidRef="3" a="0,1,0" z="0,0,1" t="0,0,-0.79999935626983643"/>
        <RigidRef rigidRef="0" a="0,1,0" z="0,0,1" t="2,0.96000009775161743,-5.1999993324279785"/>
      </Joint>
      <Joint type="hinge">
        <RigidRef rigidRef="1" a="0,1,0" z="0,0,1" t="0,0,0"/>
        <RigidRef rigidRef="0" a="0,1,0" z="0,0,-1" t="2.0000004768371582,0.95999985933303833,-3.1999998092651367"/>
      </Joint>
      <Joint type="hinge">
        <RigidRef rigidRef="2" a="0,1,0" z="0,0,1" t="0.4002230167388916,0,0"/>
        <RigidRef rigidRef="1" a="0,1,0" z="0,0,1" t="0.40000337362289429,0.95999991893768311,0"/>
      </Joint>
      <Joint type="hinge">
        <RigidRef rigidRef="4" a="0,1,0" z="0,0,1" t="0,0,0"/>
        <RigidRef rigidRef="3" a="0,1,0" z="0,0,1" t="0.40000104904174805,0.95999985933303833,-0.799998939037323"/>
      </Joint>
      <Joint type="hinge">
        <RigidRef rigidRef="5" a="0,1,0" z="0,0,1" t="0.4002230167388916,0,0"/>
        <RigidRef rigidRef="4" a="0,1,0" z="0,0,1" t="0.40000027418136597,0.95999985933303833,-0.7999994158744812"/>
      </Joint>
    </RigidSystem>
  </RigidSystems>
  <GroupSystems>
    <GroupSystem>
    </GroupSystem>
  </GroupSystems>
</LXFML>
