<?xml version="1.0" encoding="UTF-8" standalone="no" ?>
<LXFML versionMajor="5" versionMinor="0">
  <Meta>
    <Application name="LEGO Universe" versionMajor="0" versionMinor="0"/>
    <Brand name="LEGOUniverse"/>
    <BrickSet version="238"/>
  </Meta>
  <Bricks>
    <Brick refID="0" designID="3794">
      <Part refID="0" designID="3794" materials="192">
        <Bone refID="0" transformation="1,0,0,0,1,0,0,0,1,-0.39999699592590332,3.1999967098236084,1.2000062465667725">
        </Bone>
      </Part>
    </Brick>
    <Brick refID="1" designID="87087">
      <Part refID="1" designID="87087" materials="192">
        <Bone refID="1" transformation="1,0,0,0,1,0,0,0,1,0.40000200271606445,2.2399966716766357,1.2000062465667725">
        </Bone>
      </Part>
    </Brick>
    <Brick refID="2" designID="71076">
      <Part refID="2" designID="71076" materials="192">
        <Bone refID="2" transformation="0,0,-1,-0.16448663175106049,0.98637932538986206,0,0.98637932538986206,0.16448663175106049,0,0.59738588333129883,1.616341233253479,2.800006628036499">
        </Bone>
      </Part>
    </Brick>
    <Brick refID="3" designID="6141">
      <Part refID="3" designID="6141" materials="26">
        <Bone refID="3" transformation="0.98638033866882324,0.16448047757148743,0,-0.16448047757148743,0.98638033866882324,0,0,0,1,0.65002137422561646,1.3006995916366577,2.8000056743621826">
        </Bone>
      </Part>
    </Brick>
    <Brick refID="4" designID="87087">
      <Part refID="4" designID="87087" materials="192">
        <Bone refID="4" transformation="1,0,0,0,1,0,0,0,1,-0.39999818801879883,2.2399966716766357,1.2000062465667725">
        </Bone>
      </Part>
    </Brick>
    <Brick refID="5" designID="3069">
      <Part refID="5" designID="3069" materials="21,0" decoration="0">
        <Bone refID="5" transformation="1,0,0,0,1,0,0,0,1,-0.40022218227386475,0.95999658107757568,-1.1999952793121338">
        </Bone>
      </Part>
    </Brick>
    <Brick refID="6" designID="61678">
      <Part refID="6" designID="61678" materials="21">
        <Bone refID="6" transformation="0,0,-1,0,0.99999994039535522,0,1,0,0,1.2000021934509277,1.9199968576431274,1.2000062465667725">
        </Bone>
      </Part>
    </Brick>
    <Brick refID="7" designID="3024">
      <Part refID="7" designID="3024" materials="21">
        <Bone refID="7" transformation="1,0,0,0,1,0,0,0,1,1.20000159740448,0.95999652147293091,-1.1999962329864502">
        </Bone>
      </Part>
    </Brick>
    <Brick refID="8" designID="3001">
      <Part refID="8" designID="3001" materials="21">
        <Bone refID="8" transformation="0,0,-1,0,0.99999994039535522,0,1,0,0,1.20000159740448,0,0.40000516176223755">
        </Bone>
      </Part>
    </Brick>
    <Brick refID="9" designID="3666">
      <Part refID="9" designID="3666" materials="21">
        <Bone refID="9" transformation="1,0,0,0,1,0,0,0,1,-2.0000028610229492,0.95999675989151001,-0.39999505877494812">
        </Bone>
      </Part>
    </Brick>
    <Brick refID="10" designID="3001">
      <Part refID="10" designID="3001" materials="21">
        <Bone refID="10" transformation="0,0,-1,0,0.99999994039535522,0,1,0,0,-0.39999893307685852,0,0.40000706911087036">
        </Bone>
      </Part>
    </Brick>
    <Brick refID="11" designID="3024">
      <Part refID="11" designID="3024" materials="21">
        <Bone refID="11" transformation="1,0,0,0,1,0,0,0,1,-1.199999213218689,0.95999652147293091,-1.1999951601028442">
        </Bone>
      </Part>
    </Brick>
    <Brick refID="12" designID="61678">
      <Part refID="12" designID="61678" materials="21">
        <Bone refID="12" transformation="0,0,-1,0,0.99999994039535522,0,1,0,0,-1.1999993324279785,1.9199968576431274,1.2000043392181396">
        </Bone>
      </Part>
    </Brick>
    <Brick refID="13" designID="2431">
      <Part refID="13" designID="2431" materials="21,0" decoration="0">
        <Bone refID="13" transformation="1,0,0,0,1,0,0,0,1,-1.2000011205673218,0.95999652147293091,-1.9999953508377075">
        </Bone>
      </Part>
    </Brick>
    <Brick refID="14" designID="50746">
      <Part refID="14" designID="50746" materials="192">
        <Bone refID="14" transformation="-1,0,0,0,1,0,0,0,-1,0.40000122785568237,1.2799967527389526,-0.39999601244926453">
        </Bone>
      </Part>
    </Brick>
    <Brick refID="15" designID="50746">
      <Part refID="15" designID="50746" materials="192">
        <Bone refID="15" transformation="-1,0,0,0,1,0,0,0,-1,-0.39999896287918091,1.2799967527389526,-0.39999598264694214">
        </Bone>
      </Part>
    </Brick>
    <Brick refID="16" designID="3660">
      <Part refID="16" designID="3660" materials="21">
        <Bone refID="16" transformation="1,0,0,0,1,0,0,0,1,0.40000259876251221,0,1.2000081539154053">
        </Bone>
      </Part>
    </Brick>
    <Brick refID="17" designID="6081">
      <Part refID="17" designID="6081" materials="21">
        <Bone refID="17" transformation="-1,0,0,0,1,0,0,0,-1,1.200002908706665,1.5999966859817505,1.2000081539154053">
        </Bone>
      </Part>
    </Brick>
    <Brick refID="18" designID="3710">
      <Part refID="18" designID="3710" materials="21">
        <Bone refID="18" transformation="1,0,0,0,1,0,0,0,1,-1.1999995708465576,1.2799965143203735,1.2000062465667725">
        </Bone>
      </Part>
    </Brick>
    <Brick refID="19" designID="3022">
      <Part refID="19" designID="3022" materials="21">
        <Bone refID="19" transformation="1,0,0,0,1,0,0,0,1,-0.39999908208847046,0.95999681949615479,1.2000081539154053">
        </Bone>
      </Part>
    </Brick>
    <Brick refID="20" designID="3666">
      <Part refID="20" designID="3666" materials="21">
        <Bone refID="20" transformation="1,0,0,0,1,0,0,0,1,-1.999998927116394,1.2799965143203735,0.40000700950622559">
        </Bone>
      </Part>
    </Brick>
    <Brick refID="21" designID="2420">
      <Part refID="21" designID="2420" materials="21">
        <Bone refID="21" transformation="0,0,-1,0,0.99999994039535522,0,1,0,0,1.2000018358230591,0.95999658107757568,1.2000062465667725">
        </Bone>
      </Part>
    </Brick>
    <Brick refID="22" designID="2420">
      <Part refID="22" designID="2420" materials="21">
        <Bone refID="22" transformation="1,0,0,0,1,0,0,0,1,-1.9999979734420776,0.95999658107757568,0.40000700950622559">
        </Bone>
      </Part>
    </Brick>
    <Brick refID="23" designID="3023">
      <Part refID="23" designID="3023" materials="192">
        <Bone refID="23" transformation="1,0,0,0,1,0,0,0,1,-0.39999920129776001,1.5999966859817505,0.40000700950622559">
        </Bone>
      </Part>
    </Brick>
    <Brick refID="24" designID="3660">
      <Part refID="24" designID="3660" materials="21">
        <Bone refID="24" transformation="1,0,0,0,1,0,0,0,1,-1.1999979019165039,0,1.2000081539154053">
        </Bone>
      </Part>
    </Brick>
    <Brick refID="25" designID="50746">
      <Part refID="25" designID="50746" materials="192">
        <Bone refID="25" transformation="-1,0,0,0,1,0,0,0,-1,0.40000221133232117,2.8799965381622314,0.4000089168548584">
        </Bone>
      </Part>
    </Brick>
    <Brick refID="26" designID="3004">
      <Part refID="26" designID="3004" materials="192,0,0,0" decoration="0,0,0">
        <Bone refID="26" transformation="1,0,0,0,1,0,0,0,1,-0.40000081062316895,1.9199968576431274,0.40000700950622559">
        </Bone>
      </Part>
    </Brick>
    <Brick refID="27" designID="50746">
      <Part refID="27" designID="50746" materials="192">
        <Bone refID="27" transformation="-1,0,0,0,1,0,0,0,-1,-0.3999982476234436,2.8799965381622314,0.4000089168548584">
        </Bone>
      </Part>
    </Brick>
    <Brick refID="28" designID="3023">
      <Part refID="28" designID="3023" materials="21">
        <Bone refID="28" transformation="1,0,0,0,1,0,0,0,1,-0.3999972939491272,1.9199968576431274,1.2000081539154053">
        </Bone>
      </Part>
    </Brick>
    <Brick refID="29" designID="3024">
      <Part refID="29" designID="3024" materials="141">
        <Bone refID="29" transformation="-1,0,0,0,0,1.0000001192092896,0,1.0000001192092896,0,2.0000019073486328,1.5199962854385376,1.4518687725067139">
        </Bone>
      </Part>
    </Brick>
    <Brick refID="30" designID="4070">
      <Part refID="30" designID="4070" materials="21">
        <Bone refID="30" transformation="1,0,0,0,1,0,0,0,1,2.0000019073486328,0.95999705791473389,1.2000052928924561">
        </Bone>
      </Part>
    </Brick>
    <Brick refID="31" designID="3455">
      <Part refID="31" designID="3455" materials="21">
        <Bone refID="31" transformation="0,0,-1,0,0.99999994039535522,0,1,0,0,2.0000014305114746,0,1.2000052928924561">
        </Bone>
      </Part>
    </Brick>
    <Brick refID="32" designID="61678">
      <Part refID="32" designID="61678" materials="21">
        <Bone refID="32" transformation="0,0,-1,0,0.99999994039535522,0,1,0,0,2.0000019073486328,1.5999976396560669,0.40000513195991516">
        </Bone>
      </Part>
    </Brick>
    <Brick refID="33" designID="3070">
      <Part refID="33" designID="3070" materials="28">
        <Bone refID="33" transformation="1,0,0,0,1,0,0,0,1,2.0000019073486328,0.95999699831008911,-2.799994945526123">
        </Bone>
      </Part>
    </Brick>
    <Brick refID="34" designID="4070">
      <Part refID="34" designID="4070" materials="21">
        <Bone refID="34" transformation="1,0,0,0,1,0,0,0,1,-1.9999977350234985,0.95999634265899658,1.2000062465667725">
        </Bone>
      </Part>
    </Brick>
    <Brick refID="35" designID="3455">
      <Part refID="35" designID="3455" materials="21">
        <Bone refID="35" transformation="0,0,-1,0,0.99999994039535522,0,1,0,0,-1.9999982118606567,0,1.2000062465667725">
        </Bone>
      </Part>
    </Brick>
    <Brick refID="36" designID="61678">
      <Part refID="36" designID="61678" materials="21">
        <Bone refID="36" transformation="0,0,-1,0,0.99999994039535522,0,1,0,0,-1.9999994039535522,1.5999966859817505,0.40000700950622559">
        </Bone>
      </Part>
    </Brick>
    <Brick refID="37" designID="3070">
      <Part refID="37" designID="3070" materials="28">
        <Bone refID="37" transformation="1,0,0,0,1,0,0,0,1,-2.0000007152557373,0.95999658107757568,-2.7999918460845947">
        </Bone>
      </Part>
    </Brick>
    <Brick refID="38" designID="3024">
      <Part refID="38" designID="3024" materials="141">
        <Bone refID="38" transformation="-1,0,0,0,0,1.0000001192092896,0,1.0000001192092896,0,-1.9999982118606567,1.5199962854385376,1.4518697261810303">
        </Bone>
      </Part>
    </Brick>
    <Brick refID="39" designID="6141">
      <Part refID="39" designID="6141" materials="26">
        <Bone refID="39" transformation="0.92338705062866211,-0.38387024402618408,0,0.38387024402618408,0.92338705062866211,0,0,0,1,-0.9834822416305542,1.3964484930038452,2.8000056743621826">
        </Bone>
      </Part>
    </Brick>
    <Brick refID="40" designID="71076">
      <Part refID="40" designID="71076" materials="192">
        <Bone refID="40" transformation="0,0,-1,0.38387012481689453,0.92338722944259644,0,0.92338711023330688,-0.38387012481689453,0,-0.86064296960830688,1.6919318437576294,2.800006628036499">
        </Bone>
      </Part>
    </Brick>
    <Brick refID="41" designID="6141">
      <Part refID="41" designID="6141" materials="26">
        <Bone refID="41" transformation="1,0,0,0,1,0,0,0,1,0,4.3318586349487305,2.1600048542022705">
        </Bone>
      </Part>
    </Brick>
    <Brick refID="42" designID="4070">
      <Part refID="42" designID="4070" materials="192">
        <Bone refID="42" transformation="-1,0,0,0,0,1.0000001192092896,0,1.0000001192092896,0,0,4.0799965858459473,1.6000041961669922">
        </Bone>
      </Part>
    </Brick>
    <Brick refID="43" designID="3024">
      <Part refID="43" designID="3024" materials="192">
        <Bone refID="43" transformation="-1,0,0,0,0,1.0000001192092896,0,1.0000001192092896,0,0,4.0799965858459473,2.5600051879882813">
        </Bone>
      </Part>
    </Brick>
    <Brick refID="44" designID="6141">
      <Part refID="44" designID="6141" materials="154">
        <Bone refID="44" transformation="0.99999994039535522,0,0,0,0,1,0,-1,0,0,4.0799965858459473,2.8800048828125">
        </Bone>
      </Part>
    </Brick>
    <Brick refID="45" designID="87087">
      <Part refID="45" designID="87087" materials="192">
        <Bone refID="45" transformation="1,0,0,0,1,0,0,0,1,0,3.5199968814849854,1.2000045776367187">
        </Bone>
      </Part>
    </Brick>
    <Brick refID="46" designID="2555">
      <Part refID="46" designID="2555" materials="192">
        <Bone refID="46" transformation="0,0,-1,0,0.99999994039535522,0,1,0,0,0,4.4799966812133789,1.2000045776367187">
        </Bone>
      </Part>
    </Brick>
    <Brick refID="47" designID="30031">
      <Part refID="47" designID="30031" materials="138">
        <Bone refID="47" transformation="-1,0,0,0,1,0,0,0,-1,0.0050024986267089844,5.0479974746704102,1.2000043392181396">
        </Bone>
      </Part>
    </Brick>
    <Brick refID="48" designID="30377">
      <Part refID="48" designID="30377" materials="138">
        <Bone refID="48" transformation="-0.10567270219326019,-0.99430721998214722,-0.013661431148648262,0.3474956750869751,-0.049796253442764282,0.93635851144790649,-0.93170821666717529,0.094200283288955688,0.35077956318855286,-0.4505239725112915,7.225550651550293,1.2895047664642334">
        </Bone>
      </Part>
    </Brick>
    <Brick refID="49" designID="30377">
      <Part refID="49" designID="30377" materials="138">
        <Bone refID="49" transformation="0.07647908478975296,-0.99692964553833008,-0.016800513491034508,-0.31631886959075928,-0.04023883119225502,0.94779914617538452,-0.94556510448455811,-0.067172490060329437,-0.31842508912086487,0.49507951736450195,7.2272586822509766,1.2964379787445068">
        </Bone>
      </Part>
    </Brick>
    <Brick refID="50" designID="30377">
      <Part refID="50" designID="30377" materials="138">
        <Bone refID="50" transformation="-0.12405473738908768,-0.83018487691879272,0.54351043701171875,-0.30086034536361694,0.55342668294906616,0.77666085958480835,-0.94556522369384766,-0.067172281444072723,-0.31842488050460815,1.1185145378112793,6.9819622039794922,0.50183486938476563">
        </Bone>
      </Part>
    </Brick>
    <Brick refID="51" designID="30377">
      <Part refID="51" designID="30377" materials="138">
        <Bone refID="51" transformation="0.11876184493303299,-0.83368080854415894,0.5393255352973938,0.34324279427528381,0.54415321350097656,0.76555973291397095,-0.93170815706253052,0.094200335443019867,0.35077956318855286,-1.1077648401260376,6.998692512512207,0.51697325706481934">
        </Bone>
      </Part>
    </Brick>
  </Bricks>
  <RigidSystems>
    <RigidSystem>
      <Rigid refID="0" transformation="1,0,0,0,1,0,0,0,1,-0.39999699592590332,3.1999964714050293,1.2000062465667725" boneRefs="0"/>
      <Rigid refID="1" transformation="1,0,0,0,1,0,0,0,1,0.40000200271606445,2.2399964332580566,1.2000062465667725" boneRefs="1"/>
      <Rigid refID="2" transformation="0,0,-1,-0.16448663175106049,0.98637932538986206,0,0.98637932538986206,0.16448663175106049,0,0.59738588333129883,1.6163411140441895,2.800006628036499" boneRefs="2,3"/>
      <Rigid refID="3" transformation="1,0,0,0,1,0,0,0,1,-0.39999818801879883,2.2399964332580566,1.2000062465667725" boneRefs="4"/>
      <Rigid refID="4" transformation="1,0,0,0,1,0,0,0,1,-0.40022218227386475,0.95999646186828613,-1.1999952793121338" boneRefs="5,6,7,8,9,10,11,12,13,14,15,16,17,18,19,20,21,22,23,24,25,26,27,28,29,30,31,32,33,34,35,36,37,38"/>
      <Rigid refID="5" transformation="0.92338705062866211,-0.38387024402618408,0,0.38387024402618408,0.92338705062866211,0,0,0,1,-0.9834822416305542,1.3964483737945557,2.8000056743621826" boneRefs="39,40"/>
      <Rigid refID="6" transformation="1,0,0,0,1,0,0,0,1,0,4.3318586349487305,2.1600048542022705" boneRefs="41,42,43,44,45,46"/>
      <Rigid refID="7" transformation="-1,0,0,0,1,0,0,0,-1,0.0050024986267089844,5.0479974746704102,1.2000043392181396" boneRefs="47"/>
      <Rigid refID="8" transformation="-0.10567270219326019,-0.99430721998214722,-0.013661431148648262,0.3474956750869751,-0.049796253442764282,0.93635851144790649,-0.93170821666717529,0.094200283288955688,0.35077956318855286,-0.4505239725112915,7.225550651550293,1.2895047664642334" boneRefs="48"/>
      <Rigid refID="9" transformation="0.07647908478975296,-0.99692964553833008,-0.016800513491034508,-0.31631886959075928,-0.04023883119225502,0.94779914617538452,-0.94556510448455811,-0.067172490060329437,-0.31842508912086487,0.49507951736450195,7.2272586822509766,1.2964379787445068" boneRefs="49"/>
      <Rigid refID="10" transformation="-0.12405473738908768,-0.83018487691879272,0.54351043701171875,-0.30086034536361694,0.55342668294906616,0.77666085958480835,-0.94556522369384766,-0.067172281444072723,-0.31842488050460815,1.1185145378112793,6.9819622039794922,0.50183486938476563" boneRefs="50"/>
      <Rigid refID="11" transformation="0.11876184493303299,-0.83368080854415894,0.5393255352973938,0.34324279427528381,0.54415321350097656,0.76555973291397095,-0.93170815706253052,0.094200335443019867,0.35077956318855286,-1.1077648401260376,6.998692512512207,0.51697325706481934" boneRefs="51"/>
      <Joint type="hinge">
        <RigidRef rigidRef="1" a="0,1,0" z="0,0,1" t="0,0.95999997854232788,0"/>
        <RigidRef rigidRef="0" a="0,1,0" z="0,0,1" t="0.80000007152557373,0,0"/>
      </Joint>
      <Joint type="hinge">
        <RigidRef rigidRef="3" a="0,1,0" z="0,0,1" t="0,0.95999997854232788,0"/>
        <RigidRef rigidRef="0" a="0,1,0" z="0,0,1" t="0,0,0"/>
      </Joint>
      <Joint type="hinge">
        <RigidRef rigidRef="6" a="0,1,0" z="0,0,1" t="0,-0.81186199188232422,-0.96000027656555176"/>
        <RigidRef rigidRef="0" a="0,1,0" z="0,0,1" t="0.40000000596046448,0.31999999284744263,0"/>
      </Joint>
      <Joint type="hinge">
        <RigidRef rigidRef="4" a="0,1,0" z="0,0,1" t="0.80022495985031128,1.2800002098083496,2.4000034332275391"/>
        <RigidRef rigidRef="1" a="0,1,0" z="0,0,1" t="0,0,0"/>
      </Joint>
      <Joint type="hinge">
        <RigidRef rigidRef="2" a="-1,0,0" z="0,0,1" t="1.2000000476837158,1.2000000476837158,0"/>
        <RigidRef rigidRef="1" a="0,0,1" z="0,-1,0" t="0,0.55999994277954102,0.39999997615814209"/>
      </Joint>
      <Joint type="hinge">
        <RigidRef rigidRef="4" a="0,1,0" z="0,0,1" t="0.00022488832473754883,1.2800002098083496,2.4000034332275391"/>
        <RigidRef rigidRef="3" a="0,1,0" z="0,0,1" t="0,0,0"/>
      </Joint>
      <Joint type="hinge">
        <RigidRef rigidRef="5" a="0,0,1" z="1,0,0" t="0,1.5199999809265137,-1.1999990940093994"/>
        <RigidRef rigidRef="3" a="0,0,1" z="0,-1,0" t="0,0.55999994277954102,0.39999997615814209"/>
      </Joint>
      <Joint type="hinge">
        <RigidRef rigidRef="7" a="-1,0,0" z="0,0,-1" t="-0.16500003635883331,0,0"/>
        <RigidRef rigidRef="6" a="1,0,0" z="0,0,1" t="0.1700025349855423,0.71613889932632446,-0.96000051498413086"/>
      </Joint>
      <Joint type="hinge">
        <RigidRef rigidRef="8" a="0,0,-1" z="0.28225299715995789,-0.95934009552001953,0" t="1.6000000238418579,0,-0.1600000262260437"/>
        <RigidRef rigidRef="7" a="-0.93170815706253052,-0.094200342893600464,0.35077935457229614" z="0.36319288611412048,-0.23287458717823029,0.90214204788208008" t="0.47552946209907532,0.57158946990966797,-0.011517364531755447"/>
      </Joint>
      <Joint type="hinge">
        <RigidRef rigidRef="9" a="0,0,1" z="0.28225299715995789,-0.95934009552001953,0" t="1.6000000238418579,0,0.15999999642372131"/>
        <RigidRef rigidRef="7" a="0.94556510448455811,-0.067172423005104065,0.31842526793479919" z="-0.32504379749298096,-0.24278363585472107,0.91400361061096191" t="-0.46115314960479736,0.57342624664306641,-0.018604796379804611"/>
      </Joint>
      <Joint type="hinge">
        <RigidRef rigidRef="10" a="0,0,1" z="0.28225299715995789,-0.95934009552001953,0" t="1.6000000238418579,0,0.15999999642372131"/>
        <RigidRef rigidRef="7" a="0.94556516408920288,-0.067172273993492126,0.31842508912086487" z="-0.25361251831054688,-0.76524645090103149,0.59167444705963135" t="-0.76373404264450073,0.59492111206054688,-0.12049932032823563"/>
      </Joint>
      <Joint type="hinge">
        <RigidRef rigidRef="11" a="0,0,-1" z="0.28225299715995789,-0.95934009552001953,0" t="1.6000000238418579,0,-0.1600000262260437"/>
        <RigidRef rigidRef="7" a="-0.93170815706253052,-0.09420032799243927,0.35077932476997375" z="0.29576566815376282,-0.75733679533004761,0.58220583200454712" t="0.77367502450942993,0.60173368453979492,-0.12376504391431808"/>
      </Joint>
    </RigidSystem>
  </RigidSystems>
  <GroupSystems>
    <GroupSystem>
    </GroupSystem>
  </GroupSystems>
</LXFML>
