<?xml version="1.0" encoding="UTF-8" standalone="no" ?>
<LXFML versionMajor="5" versionMinor="0" name="LEGO_SpiderBoss">
  <Meta>
    <Application name="LEGO Digital Designer" versionMajor="4" versionMinor="1"/>
    <Brand name="LEGOUniverse"/>
    <BrickSet version="385"/>
  </Meta>
  <Cameras>
    <Camera refID="0" fieldOfView="80" distance="86.001373291015625" transformation="-0.10124197602272034,0,-0.99486172199249268,-0.46075931191444397,0.88628554344177246,0.046889115124940872,0.88173162937164307,0.46313905715942383,-0.08972930908203125,80.042884826660156,34.766044616699219,-3.7102742195129395"/>
  </Cameras>
  <Bricks cameraRef="0">
    <Brick refID="0" designID="4032">
      <Part refID="0" designID="4032" materials="26">
        <Bone refID="0" transformation="0,0,1,1,0,0,0,1,0,6.0000004768371582,-9.9515857696533203,4">
        </Bone>
      </Part>
    </Brick>
    <Brick refID="1" designID="6141">
      <Part refID="1" designID="6141" materials="26">
        <Bone refID="1" transformation="0,-1,0,1,0,0,0,0,1,6.3200006484985352,-10.751585006713867,4">
        </Bone>
      </Part>
    </Brick>
    <Brick refID="2" designID="59900">
      <Part refID="2" designID="59900" materials="26">
        <Bone refID="2" transformation="0,1,0,1,0,0,0,0,-1,6.6400008201599121,-10.751585006713867,4">
        </Bone>
      </Part>
    </Brick>
    <Brick refID="3" designID="6141">
      <Part refID="3" designID="6141" materials="26">
        <Bone refID="3" transformation="0,-1,0,1,0,0,0,0,1,6.320000171661377,-10.751585006713867,4.8000001907348633">
        </Bone>
      </Part>
    </Brick>
    <Brick refID="4" designID="59900">
      <Part refID="4" designID="59900" materials="26">
        <Bone refID="4" transformation="0,1,0,1,0,0,0,0,-1,6.6399998664855957,-10.751585006713867,4.8000011444091797">
        </Bone>
      </Part>
    </Brick>
    <Brick refID="5" designID="2516">
      <Part refID="5" designID="2516" materials="26">
        <Bone refID="5" transformation="0,0,-1,-1,0,0,0,1,0,6,-10.351585388183594,4.4000005722045898">
        </Bone>
      </Part>
    </Brick>
    <Brick refID="6" designID="30552">
      <Part refID="6" designID="30552" materials="26">
        <Bone refID="6" transformation="0,0,1,0,-1,0,1,0,0,4.8000001907348633,-10.351584434509277,2.5320000648498535">
        </Bone>
      </Part>
    </Brick>
    <Brick refID="7" designID="6141">
      <Part refID="7" designID="6141" materials="26">
        <Bone refID="7" transformation="0.91751515865325928,0.093217760324478149,-0.38662180304527283,-0.038650825619697571,-0.94663971662521362,-0.31996738910675049,-0.39581823348999023,0.30851814150810242,-0.86495345830917358,-1.2170820236206055,-0.91583222150802612,-1.6127243041992187">
        </Bone>
      </Part>
    </Brick>
    <Brick refID="8" designID="59900">
      <Part refID="8" designID="59900" materials="26">
        <Bone refID="8" transformation="-0.91751521825790405,-0.093217730522155762,0.38662171363830566,-0.038650821894407272,-0.94663971662521362,-0.31996738910675049,0.39581814408302307,-0.30851814150810242,0.86495351791381836,-1.2294503450393677,-1.2187572717666626,-1.7151137590408325">
        </Bone>
      </Part>
    </Brick>
    <Brick refID="9" designID="32556">
      <Part refID="9" designID="32556" materials="26">
        <Bone refID="9" transformation="-0.91751521825790405,-0.09321768581867218,0.3866216242313385,0.39581805467605591,-0.30851823091506958,0.86495351791381836,0.038650866597890854,0.94663971662521362,0.31996744871139526,-1.3082197904586792,-3.1480081081390381,-2.3672056198120117">
        </Bone>
      </Part>
    </Brick>
    <Brick refID="10" designID="3710">
      <Part refID="10" designID="3710" materials="26">
        <Bone refID="10" transformation="0.038650777190923691,0.94663989543914795,0.31996753811836243,-0.39581811428070068,0.30851829051971436,-0.86495375633239746,-0.91751527786254883,-0.09321778267621994,0.38662159442901611,-0.31355130672454834,-5.5720009803771973,-2.6603488922119141">
        </Bone>
      </Part>
    </Brick>
    <Brick refID="11" designID="3023">
      <Part refID="11" designID="3023" materials="26">
        <Bone refID="11" transformation="0.038650792092084885,0.94663965702056885,0.31996750831604004,-0.39581802487373352,0.30851826071739197,-0.86495351791381836,-0.91751527786254883,-0.093217775225639343,0.38662159442901611,-0.1559690535068512,-4.9134130477905273,-2.1275897026062012">
        </Bone>
      </Part>
    </Brick>
    <Brick refID="12" designID="4081">
      <Part refID="12" designID="4081" materials="26">
        <Bone refID="12" transformation="-0.038650698959827423,-0.94663965702056885,-0.31996753811836243,-0.39581802487373352,0.30851823091506958,-0.86495351791381836,0.91751527786254883,0.093217864632606506,-0.38662156462669373,-0.18689002096652985,-5.6707258224487305,-2.3835630416870117">
        </Bone>
      </Part>
    </Brick>
    <Brick refID="13" designID="3023">
      <Part refID="13" designID="3023" materials="26">
        <Bone refID="13" transformation="0.038650784641504288,0.94663965702056885,0.31996747851371765,-0.39581802487373352,0.30851823091506958,-0.86495351791381836,-0.91751527786254883,-0.093217775225639343,0.38662159442901611,-0.060227785259485245,-5.7694511413574219,-2.106778621673584">
        </Bone>
      </Part>
    </Brick>
    <Brick refID="14" designID="57906">
      <Part refID="14" designID="57906" materials="26">
        <Bone refID="14" transformation="-0.038650862872600555,-0.9466400146484375,-0.31996753811836243,-0.39581820368766785,0.30851832032203674,-0.86495381593704224,0.91751527786254883,0.093217693269252777,-0.3866216242313385,-0.38377231359481812,-1.6102025508880615,-1.8717724084854126">
        </Bone>
      </Part>
    </Brick>
    <Brick refID="15" designID="2412">
      <Part refID="15" designID="2412" materials="26">
        <Bone refID="15" transformation="-0.03865070641040802,-0.9466397762298584,-0.31996756792068481,-0.39581811428070068,0.30851832032203674,-0.86495369672775269,0.91751527786254883,0.093217864632606506,-0.38662156462669373,-0.56985414028167725,-2.2465753555297852,-2.4668080806732178">
        </Bone>
      </Part>
    </Brick>
    <Brick refID="16" designID="2540">
      <Part refID="16" designID="2540" materials="26">
        <Bone refID="16" transformation="0.038650777190923691,0.94663989543914795,0.31996753811836243,-0.3958180844783783,0.30851832032203674,-0.86495375633239746,-0.91751527786254883,-0.093217797577381134,0.38662159442901611,-0.47411283850669861,-3.1026129722595215,-2.4459967613220215">
        </Bone>
      </Part>
    </Brick>
    <Brick refID="17" designID="50746">
      <Part refID="17" designID="50746" materials="26">
        <Bone refID="17" transformation="-0.91831165552139282,-0.13878266513347626,0.3707335889339447,-0.39581826329231262,0.30851820111274719,-0.86495369672775269,0.0056624887511134148,-0.9410398006439209,-0.338248610496521,-0.50503337383270264,-3.8599255084991455,-2.7019712924957275">
        </Bone>
      </Part>
    </Brick>
    <Brick refID="18" designID="30552">
      <Part refID="18" designID="30552" materials="26">
        <Bone refID="18" transformation="0.044308703392744064,0.94212979078292847,0.33230710029602051,-0.39522469043731689,0.32202750444412231,-0.86028820276260376,-0.91751521825790405,-0.093217715620994568,0.3866216242313385,0.5422089695930481,-1.541265606880188,0.34132617712020874">
        </Bone>
      </Part>
    </Brick>
    <Brick refID="19" designID="30386">
      <Part refID="19" designID="30386" materials="26">
        <Bone refID="19" transformation="-0.38567396998405457,-0.028709320351481438,-0.922188401222229,-0.097063899040222168,0.99523162841796875,0.0096103893592953682,0.91751527786254883,0.093217670917510986,-0.3866216242313385,0.28802505135536194,-2.1215627193450928,-0.40180668234825134">
        </Bone>
      </Part>
    </Brick>
    <Brick refID="20" designID="6117">
      <Part refID="20" designID="6117" materials="26">
        <Bone refID="20" transformation="0.91751521825790405,0.093217812478542328,-0.38662165403366089,-0.038650643080472946,-0.9466397762298584,-0.31996721029281616,-0.39581811428070068,0.3085179328918457,-0.86495357751846313,0.45685708522796631,-5.3695130348205566,-2.8524281978607178">
        </Bone>
      </Part>
    </Brick>
    <Brick refID="21" designID="6141">
      <Part refID="21" designID="6141" materials="26">
        <Bone refID="21" transformation="0.95995026826858521,-0.061827480792999268,0.27326324582099915,0.032427188009023666,-0.94427323341369629,-0.32756152749061584,0.27828747034072876,0.3233039379119873,-0.90445047616958618,3.4359357357025146,-0.76158517599105835,-2.2173478603363037">
        </Bone>
      </Part>
    </Brick>
    <Brick refID="22" designID="59900">
      <Part refID="22" designID="59900" materials="26">
        <Bone refID="22" transformation="-0.95995026826858521,0.061827510595321655,-0.27326333522796631,0.032427188009023666,-0.94427323341369629,-0.32756152749061584,-0.27828755974769592,-0.3233039379119873,0.90445047616958618,3.4463121891021729,-1.0637528896331787,-2.3221673965454102">
        </Bone>
      </Part>
    </Brick>
    <Brick refID="23" designID="3710">
      <Part refID="23" designID="3710" materials="26">
        <Bone refID="23" transformation="-0.032427184283733368,0.94427329301834106,0.32756140828132629,0.27828752994537354,0.32330381870269775,-0.90445047616958618,-0.95995026826858521,0.061827469617128372,-0.27326330542564392,4.1094441413879395,-5.5437808036804199,-2.7377452850341797">
        </Bone>
      </Part>
    </Brick>
    <Brick refID="24" designID="4081">
      <Part refID="24" designID="4081" materials="26">
        <Bone refID="24" transformation="0.032427258789539337,-0.94427305459976196,-0.32756128907203674,0.27828747034072876,0.32330372929573059,-0.90445023775100708,0.95995026826858521,-0.061827387660741806,0.27326333522796631,4.0203914642333984,-5.6472368240356445,-2.4483211040496826">
        </Bone>
      </Part>
    </Brick>
    <Brick refID="25" designID="3023">
      <Part refID="25" designID="3023" materials="26">
        <Bone refID="25" transformation="-0.032427176833152771,0.94427305459976196,0.32756131887435913,0.27828747034072876,0.32330372929573059,-0.90445023775100708,-0.95995026826858521,0.061827469617128372,-0.27326330542564392,3.931340217590332,-5.7506937980651855,-2.1588973999023437">
        </Bone>
      </Part>
    </Brick>
    <Brick refID="26" designID="3023">
      <Part refID="26" designID="3023" materials="26">
        <Bone refID="26" transformation="-0.032427176833152771,0.94427305459976196,0.32756131887435913,0.27828747034072876,0.32330372929573059,-0.90445023775100708,-0.95995026826858521,0.061827469617128372,-0.27326330542564392,3.9944503307342529,-4.8918180465698242,-2.186272144317627">
        </Bone>
      </Part>
    </Brick>
    <Brick refID="27" designID="57906">
      <Part refID="27" designID="57906" materials="26">
        <Bone refID="27" transformation="0.032427094876766205,-0.94427341222763062,-0.32756143808364868,0.27828755974769592,0.32330381870269775,-0.90445059537887573,0.95995026826858521,-0.061827551573514938,0.27326327562332153,4.1378030776977539,-1.583051323890686,-1.9412275552749634">
        </Bone>
      </Part>
    </Brick>
    <Brick refID="28" designID="2540">
      <Part refID="28" designID="2540" materials="26">
        <Bone refID="28" transformation="-0.032427158206701279,0.94427329301834106,0.32756131887435913,0.27828752994537354,0.32330372929573059,-0.90445047616958618,-0.95995026826858521,0.061827469617128372,-0.27326330542564392,4.2097229957580566,-3.0706107616424561,-2.5304455757141113">
        </Bone>
      </Part>
    </Brick>
    <Brick refID="29" designID="2412">
      <Part refID="29" designID="2412" materials="26">
        <Bone refID="29" transformation="0.032427266240119934,-0.94427317380905151,-0.32756134867668152,0.27828750014305115,0.32330378890037537,-0.90445035696029663,0.95995026826858521,-0.061827387660741806,0.27326333522796631,4.2728328704833984,-2.2117350101470947,-2.55782151222229">
        </Bone>
      </Part>
    </Brick>
    <Brick refID="30" designID="50746">
      <Part refID="30" designID="50746" materials="26">
        <Bone refID="30" transformation="-0.96048921346664429,0.097573705017566681,-0.26065132021903992,0.27828764915466309,0.32330378890037537,-0.90445041656494141,-0.0039810724556446075,-0.94125109910964966,-0.33768343925476074,4.2356643676757812,-3.8260302543640137,-2.7924947738647461">
        </Bone>
      </Part>
    </Brick>
    <Brick refID="31" designID="6117">
      <Part refID="31" designID="6117" materials="26">
        <Bone refID="31" transformation="0.95995026826858521,-0.061827465891838074,0.2732633650302887,0.032427173107862473,-0.94427329301834106,-0.32756128907203674,0.27828758955001831,0.3233036994934082,-0.90445053577423096,4.8509736061096191,-5.4668359756469727,-2.3976864814758301">
        </Bone>
      </Part>
    </Brick>
    <Brick refID="32" designID="30386">
      <Part refID="32" designID="30386" materials="26">
        <Bone refID="32" transformation="0.27292656898498535,-0.013991507701575756,-0.96193313598632813,0.063297346234321594,0.99798876047134399,0.0034432339016348124,0.95995026826858521,-0.061827566474676132,0.27326327562332153,3.6660542488098145,-2.1195621490478516,-0.40395322442054749">
        </Bone>
      </Part>
    </Brick>
    <Brick refID="33" designID="30552">
      <Part refID="33" designID="30552" materials="26">
        <Bone refID="33" transformation="-0.036404475569725037,0.93955206871032715,0.34046530723571777,0.27779516577720642,0.33677777647972107,-0.89967250823974609,-0.95995026826858521,0.061827514320611954,-0.27326324582099915,3.4831593036651611,-1.5494951009750366,0.36752220988273621">
        </Bone>
      </Part>
    </Brick>
    <Brick refID="34" designID="32556">
      <Part refID="34" designID="32556" materials="26">
        <Bone refID="34" transformation="-0.95995026826858521,0.061827559024095535,-0.27326327562332153,-0.27828752994537354,-0.32330387830734253,0.90445047616958618,-0.032427117228507996,0.94427323341369629,0.32756149768829346,3.5123987197875977,-2.9881820678710937,-2.989736795425415">
        </Bone>
      </Part>
    </Brick>
    <Brick refID="35" designID="6141">
      <Part refID="35" designID="6141" materials="26">
        <Bone refID="35" transformation="-0.9175150990486145,0.093217767775058746,0.38662189245223999,0.038650855422019958,-0.94663983583450317,0.31996738910675049,0.3958183228969574,0.3085181713104248,0.86495339870452881,5.2170825004577637,-0.91582620143890381,5.6127238273620605">
        </Bone>
      </Part>
    </Brick>
    <Brick refID="36" designID="59900">
      <Part refID="36" designID="59900" materials="26">
        <Bone refID="36" transformation="0.91751515865325928,-0.093217737972736359,-0.38662180304527283,0.03865085169672966,-0.94663983583450317,0.31996738910675049,-0.39581823348999023,-0.3085181713104248,-0.86495345830917358,5.2294507026672363,-1.2187511920928955,5.7151131629943848">
        </Bone>
      </Part>
    </Brick>
    <Brick refID="37" designID="3023">
      <Part refID="37" designID="3023" materials="26">
        <Bone refID="37" transformation="-0.038650814443826675,0.9466397762298584,-0.31996750831604004,0.39581811428070068,0.30851829051971436,0.86495345830917358,0.91751521825790405,-0.093217790126800537,-0.38662168383598328,4.1559696197509766,-4.9134078025817871,6.127589225769043">
        </Bone>
      </Part>
    </Brick>
    <Brick refID="38" designID="3710">
      <Part refID="38" designID="3710" materials="26">
        <Bone refID="38" transformation="-0.038650806993246078,0.9466400146484375,-0.31996753811836243,0.39581820368766785,0.30851832032203674,0.86495369672775269,0.91751521825790405,-0.093217790126800537,-0.38662168383598328,4.3135519027709961,-5.571995735168457,6.6603484153747559">
        </Bone>
      </Part>
    </Brick>
    <Brick refID="39" designID="57906">
      <Part refID="39" designID="57906" materials="26">
        <Bone refID="39" transformation="0.038650885224342346,-0.94664013385772705,0.31996753811836243,0.39581826329231262,0.30851835012435913,0.86495375633239746,-0.91751521825790405,0.093217708170413971,0.38662171363830566,4.3837728500366211,-1.6101968288421631,5.8717718124389648">
        </Bone>
      </Part>
    </Brick>
    <Brick refID="40" designID="2540">
      <Part refID="40" designID="2540" materials="26">
        <Bone refID="40" transformation="-0.038650806993246078,0.9466400146484375,-0.31996753811836243,0.39581820368766785,0.30851832032203674,0.86495369672775269,0.91751521825790405,-0.093217790126800537,-0.38662168383598328,4.4741134643554687,-3.1026077270507813,6.4459962844848633">
        </Bone>
      </Part>
    </Brick>
    <Brick refID="41" designID="2412">
      <Part refID="41" designID="2412" materials="26">
        <Bone refID="41" transformation="0.038650732487440109,-0.94663989543914795,0.31996756792068481,0.39581817388534546,0.30851832032203674,0.86495357751846313,-0.91751521825790405,0.093217872083187103,0.38662165403366089,4.569854736328125,-2.2465696334838867,6.4668073654174805">
        </Bone>
      </Part>
    </Brick>
    <Brick refID="42" designID="4081">
      <Part refID="42" designID="4081" materials="26">
        <Bone refID="42" transformation="0.038650725036859512,-0.9466397762298584,0.31996753811836243,0.39581811428070068,0.30851826071739197,0.86495345830917358,-0.91751521825790405,0.093217872083187103,0.38662165403366089,4.1868906021118164,-5.6707205772399902,6.3835625648498535">
        </Bone>
      </Part>
    </Brick>
    <Brick refID="43" designID="3023">
      <Part refID="43" designID="3023" materials="26">
        <Bone refID="43" transformation="-0.038650806993246078,0.9466397762298584,-0.31996747851371765,0.39581811428070068,0.30851826071739197,0.86495345830917358,0.91751521825790405,-0.093217790126800537,-0.38662168383598328,4.0602283477783203,-5.7694458961486816,6.1067781448364258">
        </Bone>
      </Part>
    </Brick>
    <Brick refID="44" designID="50746">
      <Part refID="44" designID="50746" materials="26">
        <Bone refID="44" transformation="0.91831153631210327,-0.13878268003463745,-0.37073367834091187,0.3958183228969574,0.30851823091506958,0.86495363712310791,-0.005662460345774889,-0.94103991985321045,0.338248610496521,4.5050339698791504,-3.8599200248718262,6.7019705772399902">
        </Bone>
      </Part>
    </Brick>
    <Brick refID="45" designID="32556">
      <Part refID="45" designID="32556" materials="26">
        <Bone refID="45" transformation="0.91751515865325928,-0.093217693269252777,-0.38662171363830566,-0.39581814408302307,-0.30851826071739197,-0.86495345830917358,-0.038650896400213242,0.94663983583450317,-0.31996744871139526,5.308220386505127,-3.1480023860931396,6.3672051429748535">
        </Bone>
      </Part>
    </Brick>
    <Brick refID="46" designID="6117">
      <Part refID="46" designID="6117" materials="26">
        <Bone refID="46" transformation="-0.91751515865325928,0.093217819929122925,0.38662174344062805,0.038650672882795334,-0.94663989543914795,0.31996721029281616,0.39581820368766785,0.30851796269416809,0.86495351791381836,3.5431435108184814,-5.3695077896118164,6.8524279594421387">
        </Bone>
      </Part>
    </Brick>
    <Brick refID="47" designID="30386">
      <Part refID="47" designID="30386" materials="26">
        <Bone refID="47" transformation="0.38567405939102173,-0.028709324076771736,0.92218834161758423,0.097063899040222168,0.9952317476272583,-0.0096103977411985397,-0.91751521825790405,0.093217678368091583,0.38662171363830566,3.7119753360748291,-2.1215567588806152,4.4018063545227051">
        </Bone>
      </Part>
    </Brick>
    <Brick refID="48" designID="30552">
      <Part refID="48" designID="30552" materials="26">
        <Bone refID="48" transformation="-0.044308733195066452,0.94212990999221802,-0.33230710029602051,0.39522477984428406,0.3220275342464447,0.86028814315795898,0.91751515865325928,-0.093217723071575165,-0.38662171363830566,3.4577913284301758,-1.5412596464157104,3.6586735248565674">
        </Bone>
      </Part>
    </Brick>
    <Brick refID="49" designID="6141">
      <Part refID="49" designID="6141" materials="26">
        <Bone refID="49" transformation="-0.95995026826858521,-0.061827473342418671,-0.27326315641403198,-0.032427158206701279,-0.94427311420440674,0.32756152749061584,-0.2782873809337616,0.32330390810966492,0.90445047616958618,0.56406444311141968,-0.84224820137023926,6.2173480987548828">
        </Bone>
      </Part>
    </Brick>
    <Brick refID="50" designID="59900">
      <Part refID="50" designID="59900" materials="26">
        <Bone refID="50" transformation="0.95995026826858521,0.061827503144741058,0.27326324582099915,-0.032427161931991577,-0.94427311420440674,0.32756152749061584,0.27828747034072876,-0.32330390810966492,-0.90445047616958618,0.5536879301071167,-1.1444158554077148,6.3221673965454102">
        </Bone>
      </Part>
    </Brick>
    <Brick refID="51" designID="32556">
      <Part refID="51" designID="32556" materials="26">
        <Bone refID="51" transformation="0.95995026826858521,0.061827551573514938,0.27326318621635437,0.27828744053840637,-0.32330384850502014,-0.90445047616958618,0.032427087426185608,0.94427311420440674,-0.32756149768829346,0.48760154843330383,-3.0688447952270508,6.9897370338439941">
        </Bone>
      </Part>
    </Brick>
    <Brick refID="52" designID="3710">
      <Part refID="52" designID="3710" materials="26">
        <Bone refID="52" transformation="0.03242715448141098,0.94427317380905151,-0.32756140828132629,-0.27828744053840637,0.32330378890037537,0.90445047616958618,0.95995026826858521,0.061827462166547775,0.27326321601867676,-0.10944390296936035,-5.6244430541992187,6.7377457618713379">
        </Bone>
      </Part>
    </Brick>
    <Brick refID="53" designID="3023">
      <Part refID="53" designID="3023" materials="26">
        <Bone refID="53" transformation="0.03242715448141098,0.94427293539047241,-0.32756131887435913,-0.2782873809337616,0.3233036994934082,0.90445023775100708,0.95995026826858521,0.061827462166547775,0.27326321601867676,0.0055499901063740253,-4.972480297088623,6.1862726211547852">
        </Bone>
      </Part>
    </Brick>
    <Brick refID="54" designID="4081">
      <Part refID="54" designID="4081" materials="26">
        <Bone refID="54" transformation="-0.032427236437797546,-0.94427293539047241,0.32756131887435913,-0.2782873809337616,0.3233036994934082,0.90445023775100708,-0.95995026826858521,-0.061827380210161209,-0.27326324582099915,-0.020391125231981277,-5.7278990745544434,6.4483213424682617">
        </Bone>
      </Part>
    </Brick>
    <Brick refID="55" designID="3023">
      <Part refID="55" designID="3023" materials="26">
        <Bone refID="55" transformation="0.03242715448141098,0.94427293539047241,-0.32756131887435913,-0.2782873809337616,0.3233036994934082,0.90445023775100708,0.95995026826858521,0.061827462166547775,0.27326321601867676,0.06866009533405304,-5.8313560485839844,6.158897876739502">
        </Bone>
      </Part>
    </Brick>
    <Brick refID="56" designID="57906">
      <Part refID="56" designID="57906" materials="26">
        <Bone refID="56" transformation="-0.032427072525024414,-0.94427329301834106,0.32756143808364868,-0.27828747034072876,0.32330378890037537,0.90445059537887573,-0.95995026826858521,-0.061827544122934341,-0.27326318621635437,-0.13780277967453003,-1.6637142896652222,5.941227912902832">
        </Bone>
      </Part>
    </Brick>
    <Brick refID="57" designID="2412">
      <Part refID="57" designID="2412" materials="26">
        <Bone refID="57" transformation="-0.032427243888378143,-0.94427305459976196,0.32756134867668152,-0.27828741073608398,0.32330375909805298,0.90445035696029663,-0.95995026826858521,-0.061827380210161209,-0.27326324582099915,-0.27283251285552979,-2.2923979759216309,6.5578222274780273">
        </Bone>
      </Part>
    </Brick>
    <Brick refID="58" designID="2540">
      <Part refID="58" designID="2540" materials="26">
        <Bone refID="58" transformation="0.032427139580249786,0.94427317380905151,-0.32756134867668152,-0.27828747034072876,0.3233036994934082,0.90445053577423096,0.95995026826858521,0.061827465891838074,0.27326324582099915,-0.20972266793251038,-3.151273250579834,6.5304460525512695">
        </Bone>
      </Part>
    </Brick>
    <Brick refID="59" designID="50746">
      <Part refID="59" designID="50746" materials="26">
        <Bone refID="59" transformation="0.96048921346664429,0.097573690116405487,0.26065123081207275,-0.27828755974769592,0.32330375909805298,0.90445041656494141,0.0039810971356928349,-0.94125097990036011,0.33768343925476074,-0.2356639951467514,-3.9066929817199707,6.7924952507019043">
        </Bone>
      </Part>
    </Brick>
    <Brick refID="60" designID="30552">
      <Part refID="60" designID="30552" materials="26">
        <Bone refID="60" transformation="0.036404445767402649,0.9395519495010376,-0.34046530723571777,-0.27779507637023926,0.33677774667739868,0.89967250823974609,0.95995026826858521,0.061827506870031357,0.27326315641403198,0.51684063673019409,-1.6301580667495728,3.6324779987335205">
        </Bone>
      </Part>
    </Brick>
    <Brick refID="61" designID="30386">
      <Part refID="61" designID="30386" materials="26">
        <Bone refID="61" transformation="-0.27292647957801819,-0.013991505838930607,0.96193313598632813,-0.063297346234321594,0.99798864126205444,-0.0034432283136993647,-0.95995026826858521,-0.061827559024095535,-0.27326318621635437,0.33394578099250793,-2.2002251148223877,4.4039535522460938">
        </Bone>
      </Part>
    </Brick>
    <Brick refID="62" designID="6117">
      <Part refID="62" designID="6117" materials="26">
        <Bone refID="62" transformation="-0.95995026826858521,-0.061827458441257477,-0.27326327562332153,-0.032427143305540085,-0.94427317380905151,0.32756128907203674,-0.27828750014305115,0.32330366969108582,0.90445053577423096,-0.85097336769104004,-5.5474982261657715,6.3976869583129883">
        </Bone>
      </Part>
    </Brick>
    <Brick refID="63" designID="30552">
      <Part refID="63" designID="30552" materials="26">
        <Bone refID="63" transformation="0,0,-1,0,1,0,1,0,0,4.8000006675720215,-9.406153678894043,0.66799980401992798">
        </Bone>
      </Part>
    </Brick>
    <Brick refID="64" designID="2516">
      <Part refID="64" designID="2516" materials="26">
        <Bone refID="64" transformation="0,0,1,-1,0,0,0,-1,0,6.0000004768371582,-9.406153678894043,-1.200000524520874">
        </Bone>
      </Part>
    </Brick>
    <Brick refID="65" designID="32530">
      <Part refID="65" designID="32530" materials="26">
        <Bone refID="65" transformation="0,0,1,0,-1,0,1,0,0,4.8000006675720215,-9.7311534881591797,-1.2000007629394531">
        </Bone>
      </Part>
    </Brick>
    <Brick refID="66" designID="32556">
      <Part refID="66" designID="32556" materials="26">
        <Bone refID="66" transformation="0,0,-1,0,-1,0,-1,0,0,4.4000015258789062,-10.151153564453125,-0.80000108480453491">
        </Bone>
      </Part>
    </Brick>
    <Brick refID="67" designID="32556">
      <Part refID="67" designID="32556" materials="26">
        <Bone refID="67" transformation="0,0,-1,0,-1,0,-1,0,0,4.400001049041748,-10.951153755187988,-0.80000084638595581">
        </Bone>
      </Part>
    </Brick>
  </Bricks>
  <RigidSystems>
    <RigidSystem>
      <Rigid refID="0" transformation="0,0,1,1,0,0,0,1,0,6.0000004768371582,-9.9515857696533203,4" boneRefs="0,1,2,3,4"/>
      <Rigid refID="1" transformation="0,0,-1,-1,0,0,0,1,0,6,-10.351585388183594,4.4000005722045898" boneRefs="5"/>
      <Rigid refID="2" transformation="0,0,1,0,-1,0,1,0,0,4.8000001907348633,-10.351584434509277,2.5320000648498535" boneRefs="6"/>
      <Joint type="hinge">
        <RigidRef rigidRef="1" a="0,-1,0" z="0,0,-1" t="0,0,0"/>
        <RigidRef rigidRef="0" a="0,1,0" z="0,0,1" t="0.40000000596046448,0,-0.40000003576278687"/>
      </Joint>
      <Joint type="hinge">
        <RigidRef rigidRef="2" a="-1,0,0" z="0,0,1" t="1.2000000476837158,0,0"/>
        <RigidRef rigidRef="1" a="1,0,0" z="0,0,1" t="0.6679997444152832,1.2000000476837158,0"/>
      </Joint>
    </RigidSystem>
    <RigidSystem>
      <Rigid refID="3" transformation="0.91751515865325928,0.093217760324478149,-0.38662180304527283,-0.038650825619697571,-0.94663971662521362,-0.31996738910675049,-0.39581823348999023,0.30851814150810242,-0.86495345830917358,-1.2170820236206055,-0.91583222150802612,-1.6127243041992187" boneRefs="7,8"/>
      <Rigid refID="4" transformation="-0.91751521825790405,-0.09321768581867218,0.3866216242313385,0.39581805467605591,-0.30851823091506958,0.86495351791381836,0.038650866597890854,0.94663971662521362,0.31996744871139526,-1.3082197904586792,-3.1480081081390381,-2.3672056198120117" boneRefs="9"/>
      <Rigid refID="5" transformation="0.038650777190923691,0.94663989543914795,0.31996753811836243,-0.39581811428070068,0.30851829051971436,-0.86495375633239746,-0.91751527786254883,-0.09321778267621994,0.38662159442901611,-0.31355130672454834,-5.5720009803771973,-2.6603488922119141" boneRefs="10,11,12,13,14,15,16,17"/>
      <Rigid refID="6" transformation="0.044308703392744064,0.94212979078292847,0.33230710029602051,-0.39522469043731689,0.32202750444412231,-0.86028820276260376,-0.91751521825790405,-0.093217715620994568,0.3866216242313385,0.5422089695930481,-1.541265606880188,0.34132617712020874" boneRefs="18"/>
      <Rigid refID="7" transformation="-0.38567396998405457,-0.028709320351481438,-0.922188401222229,-0.097063899040222168,0.99523162841796875,0.0096103893592953682,0.91751527786254883,0.093217670917510986,-0.3866216242313385,0.28802505135536194,-2.1215627193450928,-0.40180668234825134" boneRefs="19"/>
      <Rigid refID="8" transformation="0.91751521825790405,0.093217812478542328,-0.38662165403366089,-0.038650643080472946,-0.9466397762298584,-0.31996721029281616,-0.39581811428070068,0.3085179328918457,-0.86495357751846313,0.45685708522796631,-5.3695130348205566,-2.8524281978607178" boneRefs="20"/>
      <Joint type="hinge">
        <RigidRef rigidRef="5" a="1,0,0" z="0,0,-1" t="3.6000006198883057,0.88799971342086792,0.79999995231628418"/>
        <RigidRef rigidRef="3" a="0,-1,0" z="-1,0,0" t="0,1.1079977750778198,0"/>
      </Joint>
      <Joint type="hinge">
        <RigidRef rigidRef="5" a="-1,0,0" z="0,0,1" t="2.0000007152557373,0.8879997730255127,0.7999998927116394"/>
        <RigidRef rigidRef="4" a="0,0,-1" z="1,0,0" t="0,0,-0.34999930858612061"/>
      </Joint>
      <Joint type="hinge">
        <RigidRef rigidRef="5" a="0,0,1" z="1,0,0" t="4.0000004768371582,0.56799983978271484,-0.00039655051659792662"/>
        <RigidRef rigidRef="7" a="0,0,-1" z="-1,0,0" t="1.6000000238418579,0.56000000238418579,0"/>
      </Joint>
      <Joint type="hinge">
        <RigidRef rigidRef="8" a="0,-1,0" z="1,0,0" t="0,0,0"/>
        <RigidRef rigidRef="5" a="1,0,0" z="0,0,-1" t="0.16000108420848846,-0.076331034302711487,-0.7999994158744812"/>
      </Joint>
      <Joint type="hinge">
        <RigidRef rigidRef="7" a="0,0,-1" z="-1,0,0" t="-0.80000001192092896,0.56000000238418579,0"/>
        <RigidRef rigidRef="6" a="0,0,1" z="1,0,0" t="0,0,0"/>
      </Joint>
    </RigidSystem>
    <RigidSystem>
      <Rigid refID="9" transformation="0.95995026826858521,-0.061827480792999268,0.27326324582099915,0.032427188009023666,-0.94427323341369629,-0.32756152749061584,0.27828747034072876,0.3233039379119873,-0.90445047616958618,3.4359357357025146,-0.76158517599105835,-2.2173478603363037" boneRefs="21,22"/>
      <Rigid refID="10" transformation="-0.032427184283733368,0.94427329301834106,0.32756140828132629,0.27828752994537354,0.32330381870269775,-0.90445047616958618,-0.95995026826858521,0.061827469617128372,-0.27326330542564392,4.1094441413879395,-5.5437808036804199,-2.7377452850341797" boneRefs="23,24,25,26,27,28,29,30"/>
      <Rigid refID="11" transformation="0.95995026826858521,-0.061827465891838074,0.2732633650302887,0.032427173107862473,-0.94427329301834106,-0.32756128907203674,0.27828758955001831,0.3233036994934082,-0.90445053577423096,4.8509736061096191,-5.4668359756469727,-2.3976864814758301" boneRefs="31"/>
      <Rigid refID="12" transformation="0.27292656898498535,-0.013991507701575756,-0.96193313598632813,0.063297346234321594,0.99798876047134399,0.0034432339016348124,0.95995026826858521,-0.061827566474676132,0.27326327562332153,3.6660542488098145,-2.1195621490478516,-0.40395322442054749" boneRefs="32"/>
      <Rigid refID="13" transformation="-0.036404475569725037,0.93955206871032715,0.34046530723571777,0.27779516577720642,0.33677777647972107,-0.89967250823974609,-0.95995026826858521,0.061827514320611954,-0.27326324582099915,3.4831593036651611,-1.5494951009750366,0.36752220988273621" boneRefs="33"/>
      <Rigid refID="14" transformation="-0.95995026826858521,0.061827559024095535,-0.27326327562332153,-0.27828752994537354,-0.32330387830734253,0.90445047616958618,-0.032427117228507996,0.94427323341369629,0.32756149768829346,3.5123987197875977,-2.9881820678710937,-2.989736795425415" boneRefs="34"/>
      <Joint type="hinge">
        <RigidRef rigidRef="10" a="1,0,0" z="0,0,-1" t="3.5999999046325684,0.88799941539764404,0.79999983310699463"/>
        <RigidRef rigidRef="9" a="0,-1,0" z="-1,0,0" t="0,1.1080002784729004,0"/>
      </Joint>
      <Joint type="hinge">
        <RigidRef rigidRef="10" a="0,0,1" z="1,0,0" t="3.9999997615814209,0.56799995899200439,-0.00039623939665034413"/>
        <RigidRef rigidRef="12" a="0,0,-1" z="-1,0,0" t="1.6000000238418579,0.56000000238418579,0"/>
      </Joint>
      <Joint type="hinge">
        <RigidRef rigidRef="14" a="0,0,-1" z="1,0,0" t="0,0,-0.3500007688999176"/>
        <RigidRef rigidRef="10" a="-1,0,0" z="0,0,1" t="1.9999998807907104,0.88799929618835449,0.79999983310699463"/>
      </Joint>
      <Joint type="hinge">
        <RigidRef rigidRef="11" a="0,-1,0" z="1,0,0" t="0,0,0"/>
        <RigidRef rigidRef="10" a="1,0,0" z="0,0,-1" t="0.16000089049339294,-0.076330900192260742,-0.79999935626983643"/>
      </Joint>
      <Joint type="hinge">
        <RigidRef rigidRef="12" a="0,0,-1" z="-1,0,0" t="-0.80000001192092896,0.56000000238418579,0"/>
        <RigidRef rigidRef="13" a="0,0,1" z="1,0,0" t="0,0,0"/>
      </Joint>
    </RigidSystem>
    <RigidSystem>
      <Rigid refID="15" transformation="-0.9175150990486145,0.093217767775058746,0.38662189245223999,0.038650855422019958,-0.94663983583450317,0.31996738910675049,0.3958183228969574,0.3085181713104248,0.86495339870452881,5.2170825004577637,-0.91582620143890381,5.6127238273620605" boneRefs="35,36"/>
      <Rigid refID="16" transformation="-0.038650814443826675,0.9466397762298584,-0.31996750831604004,0.39581811428070068,0.30851829051971436,0.86495345830917358,0.91751521825790405,-0.093217790126800537,-0.38662168383598328,4.1559696197509766,-4.9134078025817871,6.127589225769043" boneRefs="37,38,39,40,41,42,43,44"/>
      <Rigid refID="17" transformation="0.91751515865325928,-0.093217693269252777,-0.38662171363830566,-0.39581814408302307,-0.30851826071739197,-0.86495345830917358,-0.038650896400213242,0.94663983583450317,-0.31996744871139526,5.308220386505127,-3.1480023860931396,6.3672051429748535" boneRefs="45"/>
      <Rigid refID="18" transformation="-0.91751515865325928,0.093217819929122925,0.38662174344062805,0.038650672882795334,-0.94663989543914795,0.31996721029281616,0.39581820368766785,0.30851796269416809,0.86495351791381836,3.5431435108184814,-5.3695077896118164,6.8524279594421387" boneRefs="46"/>
      <Rigid refID="19" transformation="0.38567405939102173,-0.028709324076771736,0.92218834161758423,0.097063899040222168,0.9952317476272583,-0.0096103977411985397,-0.91751521825790405,0.093217678368091583,0.38662171363830566,3.7119753360748291,-2.1215567588806152,4.4018063545227051" boneRefs="47"/>
      <Rigid refID="20" transformation="-0.044308733195066452,0.94212990999221802,-0.33230710029602051,0.39522477984428406,0.3220275342464447,0.86028814315795898,0.91751515865325928,-0.093217723071575165,-0.38662171363830566,3.4577913284301758,-1.5412596464157104,3.6586735248565674" boneRefs="48"/>
      <Joint type="hinge">
        <RigidRef rigidRef="16" a="1,0,0" z="0,0,-1" t="2.799999475479126,1.2079992294311523,0.79999983310699463"/>
        <RigidRef rigidRef="15" a="0,-1,0" z="-1,0,0" t="0,1.1079998016357422,0"/>
      </Joint>
      <Joint type="hinge">
        <RigidRef rigidRef="17" a="0,0,-1" z="1,0,0" t="0,0,-0.35000041127204895"/>
        <RigidRef rigidRef="16" a="-1,0,0" z="0,0,1" t="1.1999990940093994,1.2079992294311523,0.79999983310699463"/>
      </Joint>
      <Joint type="hinge">
        <RigidRef rigidRef="18" a="0,-1,0" z="1,0,0" t="0,0,0"/>
        <RigidRef rigidRef="16" a="1,0,0" z="0,0,-1" t="-0.64000058174133301,0.243668332695961,-0.7999994158744812"/>
      </Joint>
      <Joint type="hinge">
        <RigidRef rigidRef="16" a="0,0,1" z="1,0,0" t="3.1999995708465576,0.88799959421157837,-0.00039632385596632957"/>
        <RigidRef rigidRef="19" a="0,0,-1" z="-1,0,0" t="1.6000000238418579,0.56000000238418579,0"/>
      </Joint>
      <Joint type="hinge">
        <RigidRef rigidRef="19" a="0,0,-1" z="-1,0,0" t="-0.80000001192092896,0.56000000238418579,0"/>
        <RigidRef rigidRef="20" a="0,0,1" z="1,0,0" t="0,0,0"/>
      </Joint>
    </RigidSystem>
    <RigidSystem>
      <Rigid refID="21" transformation="-0.95995026826858521,-0.061827473342418671,-0.27326315641403198,-0.032427158206701279,-0.94427311420440674,0.32756152749061584,-0.2782873809337616,0.32330390810966492,0.90445047616958618,0.56406444311141968,-0.84224820137023926,6.2173480987548828" boneRefs="49,50"/>
      <Rigid refID="22" transformation="0.95995026826858521,0.061827551573514938,0.27326318621635437,0.27828744053840637,-0.32330384850502014,-0.90445047616958618,0.032427087426185608,0.94427311420440674,-0.32756149768829346,0.48760154843330383,-3.0688447952270508,6.9897370338439941" boneRefs="51"/>
      <Rigid refID="23" transformation="0.03242715448141098,0.94427317380905151,-0.32756140828132629,-0.27828744053840637,0.32330378890037537,0.90445047616958618,0.95995026826858521,0.061827462166547775,0.27326321601867676,-0.10944390296936035,-5.6244430541992187,6.7377457618713379" boneRefs="52,53,54,55,56,57,58,59"/>
      <Rigid refID="24" transformation="0.036404445767402649,0.9395519495010376,-0.34046530723571777,-0.27779507637023926,0.33677774667739868,0.89967250823974609,0.95995026826858521,0.061827506870031357,0.27326315641403198,0.51684063673019409,-1.6301580667495728,3.6324779987335205" boneRefs="60"/>
      <Rigid refID="25" transformation="-0.27292647957801819,-0.013991505838930607,0.96193313598632813,-0.063297346234321594,0.99798864126205444,-0.0034432283136993647,-0.95995026826858521,-0.061827559024095535,-0.27326318621635437,0.33394578099250793,-2.2002251148223877,4.4039535522460938" boneRefs="61"/>
      <Rigid refID="26" transformation="-0.95995026826858521,-0.061827458441257477,-0.27326327562332153,-0.032427143305540085,-0.94427317380905151,0.32756128907203674,-0.27828750014305115,0.32330366969108582,0.90445053577423096,-0.85097336769104004,-5.5474982261657715,6.3976869583129883" boneRefs="62"/>
      <Joint type="hinge">
        <RigidRef rigidRef="23" a="1,0,0" z="0,0,-1" t="3.5999999046325684,0.88799947500228882,0.7999998927116394"/>
        <RigidRef rigidRef="21" a="0,-1,0" z="-1,0,0" t="0,1.1080014705657959,0"/>
      </Joint>
      <Joint type="hinge">
        <RigidRef rigidRef="23" a="-1,0,0" z="0,0,1" t="2,0.88799935579299927,0.7999998927116394"/>
        <RigidRef rigidRef="22" a="0,0,-1" z="1,0,0" t="0,0,-0.35000142455101013"/>
      </Joint>
      <Joint type="hinge">
        <RigidRef rigidRef="23" a="0,0,1" z="1,0,0" t="3.9999995231628418,0.56799995899200439,-0.00039622676558792591"/>
