<?xml version="1.0" encoding="UTF-8" standalone="no" ?>
<LXFML versionMajor="5" versionMinor="0">
  <Meta>
    <Application name="CCOP" versionMajor="0" versionMinor="0"/>
    <Brand name="LEGOUniverse"/>
    <BrickSet version="215"/>
  </Meta>
  <Bricks>
    <Brick refID="0" designID="6141">
      <Part refID="0" designID="6141" materials="44">
        <Bone refID="0" transformation="0.99950861930847168,0.0079205986112356186,0.030327383428812027,-0.018325921148061752,0.93261730670928955,0.36040127277374268,-0.025429248809814453,-0.36077994108200073,0.93230420351028442,-5.8874578475952148,5.9432787895202637,-4.7120265960693359">
        </Bone>
      </Part>
    </Brick>
    <Brick refID="1" designID="6019">
      <Part refID="1" designID="6019" materials="1">
        <Bone refID="1" transformation="0.99950861930847168,0.0079206014052033424,0.030327392742037773,-0.018325930461287498,0.9326174259185791,0.36040136218070984,-0.025429258123040199,-0.36078000068664551,0.93230432271957397,-5.9206395149230957,6.2409257888793945,-4.5982365608215332">
        </Bone>
      </Part>
    </Brick>
    <Brick refID="2" designID="2540">
      <Part refID="2" designID="2540" materials="21">
        <Bone refID="2" transformation="-0.99950850009918213,-0.0079206572845578194,-0.030331196263432503,-0.0071995733305811882,0.99969083070755005,-0.023809539154171944,0.030510399490594864,-0.023579467087984085,-0.99925631284713745,-5.6379575729370117,5.9562258720397949,-2.953557014465332">
        </Bone>
      </Part>
    </Brick>
    <Brick refID="3" designID="3023">
      <Part refID="3" designID="3023" materials="194">
        <Bone refID="3" transformation="0.03050629049539566,-0.02357969805598259,-0.999256432056427,-0.0071996869519352913,0.99969065189361572,-0.02380974218249321,0.99950867891311646,0.0079206796362996101,0.030327083542943001,-6.4642739295959473,6.2886548042297363,-2.186032772064209">
        </Bone>
      </Part>
    </Brick>
    <Brick refID="4" designID="3023">
      <Part refID="4" designID="3023" materials="194">
        <Bone refID="4" transformation="0.03050629049539566,-0.02357969805598259,-0.999256432056427,-0.0071996860206127167,0.99969065189361572,-0.02380974218249321,0.99950867891311646,0.0079206787049770355,0.03032708540558815,-6.4863748550415039,5.9876174926757812,-1.379008412361145">
        </Bone>
      </Part>
    </Brick>
    <Brick refID="5" designID="3023">
      <Part refID="5" designID="3023" materials="194">
        <Bone refID="5" transformation="0.030507838353514671,-0.023579705506563187,-0.99925637245178223,-0.0071996841579675674,0.99969065189361572,-0.023809762671589851,0.99950861930847168,0.0079207131639122963,0.030328631401062012,-7.2007026672363281,0.031464099884033203,-1.2559130191802979">
        </Bone>
      </Part>
    </Brick>
    <Brick refID="6" designID="6141">
      <Part refID="6" designID="6141" materials="44">
        <Bone refID="6" transformation="0.99950861930847168,0.0079205967485904694,0.030327357351779938,-0.018325900658965111,0.9326174259185791,0.3604009747505188,-0.025429230183362961,-0.36077964305877686,0.93230432271957397,-0.10471463203430176,5.9836745262145996,-4.2423486709594727">
        </Bone>
      </Part>
    </Brick>
    <Brick refID="7" designID="6019">
      <Part refID="7" designID="6019" materials="1">
        <Bone refID="7" transformation="0.99950873851776123,0.0079205986112356186,0.030327385291457176,-0.018325924873352051,0.9326174259185791,0.36040136218070984,-0.025429250672459602,-0.36078000068664551,0.93230432271957397,-0.13466358184814453,6.3467178344726563,-4.173980712890625">
        </Bone>
      </Part>
    </Brick>
    <Brick refID="8" designID="2540">
      <Part refID="8" designID="2540" materials="21">
        <Bone refID="8" transformation="-0.99950850009918213,-0.0079206572845578194,-0.030331196263432503,-0.0071995733305811882,0.99969083070755005,-0.023809539154171944,0.030510399490594864,-0.023579467087984085,-0.99925631284713745,0.14801836013793945,6.0620183944702148,-2.5293021202087402">
        </Bone>
      </Part>
    </Brick>
    <Brick refID="9" designID="3023">
      <Part refID="9" designID="3023" materials="194">
        <Bone refID="9" transformation="0.03050617128610611,-0.02357969805598259,-0.999256432056427,-0.0071996897459030151,0.99969065189361572,-0.02380974218249321,0.99950867891311646,0.0079206787049770355,0.03032696433365345,0.12130928039550781,6.4007830619812012,-1.7375158071517944">
        </Bone>
      </Part>
    </Brick>
    <Brick refID="10" designID="3023">
      <Part refID="10" designID="3023" materials="194">
        <Bone refID="10" transformation="0.03050617128610611,-0.02357969805598259,-0.999256432056427,-0.0071996906772255898,0.99969065189361572,-0.02380974218249321,0.99950867891311646,0.0079206796362996101,0.03032696433365345,0.099208354949951172,6.0997457504272461,-0.93049168586730957">
        </Bone>
      </Part>
    </Brick>
    <Brick refID="11" designID="3023">
      <Part refID="11" designID="3023" materials="194">
        <Bone refID="11" transformation="0,1.0000001192092896,0,0,0,-1.0000001192092896,-1.0000001192092896,0,0,7.6000003814697266,0.40000006556510925,4.3200006484985352">
        </Bone>
      </Part>
    </Brick>
    <Brick refID="12" designID="3023">
      <Part refID="12" designID="3023" materials="194">
        <Bone refID="12" transformation="0.030507838353514671,-0.023579705506563187,-0.99925637245178223,-0.0071996841579675674,0.99969065189361572,-0.023809762671589851,0.99950861930847168,0.0079207131639122963,0.030328631401062012,-0.00070238113403320313,0.031463980674743652,-1.2559130191802979">
        </Bone>
      </Part>
    </Brick>
    <Brick refID="13" designID="6178">
      <Part refID="13" designID="6178" materials="194">
        <Bone refID="13" transformation="-0.9995083212852478,-0.0079077417030930519,-0.030341649428009987,0.03052053414285183,-0.023578371852636337,-0.99925613403320313,0.007186447735875845,-0.99969083070755005,0.023808401077985764,1.5554571151733398,1.6391136646270752,-1.5913048982620239">
        </Bone>
      </Part>
    </Brick>
  </Bricks>
  <RigidSystems>
    <RigidSystem>
      <Rigid refID="0" transformation="0.99950861930847168,0.0079205986112356186,0.030327383428812027,-0.018325921148061752,0.93261730670928955,0.36040127277374268,-0.025429248809814453,-0.36077994108200073,0.93230420351028442,-1.8874576091766357,5.143277645111084,-1.5120264291763306" boneRefs="0,1"/>
      <Rigid refID="1" transformation="-0.99950850009918213,-0.0079206572845578194,-0.030331196263432503,-0.0071995733305811882,0.99969083070755005,-0.023809539154171944,0.030510399490594864,-0.023579467087984085,-0.99925631284713745,-1.6379578113555908,5.1562247276306152,0.24644291400909424" boneRefs="2"/>
      <Rigid refID="2" transformation="0.03050629049539566,-0.02357969805598259,-0.999256432056427,-0.0071996869519352913,0.99969065189361572,-0.02380974218249321,0.99950867891311646,0.0079206796362996101,0.030327083542943001,-2.4642739295959473,5.4886536598205566,1.0139673948287964" boneRefs="3"/>
      <Rigid refID="3" transformation="0.03050629049539566,-0.02357969805598259,-0.999256432056427,-0.0071996860206127167,0.99969065189361572,-0.02380974218249321,0.99950867891311646,0.0079206787049770355,0.03032708540558815,-2.4863748550415039,5.1876163482666016,1.8209916353225708" boneRefs="4"/>
      <Joint type="hinge">
        <RigidRef rigidRef="1" a="-1,0,0" z="0,0,0.99999994039535522" t="0.17000000178813934,0.24799999594688416,0.80000001192092896"/>
        <RigidRef rigidRef="0" a="0.99999994039535522,0,0" z="0,-0.38268294930458069,-0.92387968301773071" t="0.13281252980232239,0.56423228979110718,0.79440295696258545"/>
      </Joint>
      <Joint type="hinge">
        <RigidRef rigidRef="2" a="0,1,0" z="0,0,1" t="0.80000007152557373,0,0"/>
        <RigidRef rigidRef="1" a="0,1,0" z="0,0,1" t="0.80000007152557373,0.31999999284744263,0"/>
      </Joint>
      <Joint type="hinge">
        <RigidRef rigidRef="3" a="0,1,0" z="0,0,1" t="0.80000007152557373,0.31999999284744263,0"/>
        <RigidRef rigidRef="2" a="0,1,0" z="0,0,1" t="0,0,0"/>
      </Joint>
    </RigidSystem>
    <RigidSystem>
      <Rigid refID="4" transformation="0.030507838353514671,-0.023579705506563187,-0.99925637245178223,-0.0071996841579675674,0.99969065189361572,-0.023809762671589851,0.99950861930847168,0.0079207131639122963,0.030328631401062012,-3.2007026672363281,-0.76853716373443604,1.944087028503418" boneRefs="5"/>
    </RigidSystem>
    <RigidSystem>
      <Rigid refID="5" transformation="0.99950861930847168,0.0079205967485904694,0.030327357351779938,-0.018325900658965111,0.9326174259185791,0.3604009747505188,-0.025429230183362961,-0.36077964305877686,0.93230432271957397,3.8952853679656982,5.1836733818054199,-1.0423483848571777" boneRefs="6,7"/>
      <Rigid refID="6" transformation="-0.99950850009918213,-0.0079206572845578194,-0.030331196263432503,-0.0071995733305811882,0.99969083070755005,-0.023809539154171944,0.030510399490594864,-0.023579467087984085,-0.99925631284713745,4.1480183601379395,5.2620172500610352,0.67069804668426514" boneRefs="8"/>
      <Rigid refID="7" transformation="0.03050617128610611,-0.02357969805598259,-0.999256432056427,-0.0071996897459030151,0.99969065189361572,-0.02380974218249321,0.99950867891311646,0.0079206787049770355,0.03032696433365345,4.1213092803955078,5.6007819175720215,1.4624842405319214" boneRefs="9"/>
      <Rigid refID="8" transformation="0.03050617128610611,-0.02357969805598259,-0.999256432056427,-0.0071996906772255898,0.99969065189361572,-0.02380974218249321,0.99950867891311646,0.0079206796362996101,0.03032696433365345,4.0992083549499512,5.2997446060180664,2.2695083618164062" boneRefs="10"/>
      <Joint type="hinge">
        <RigidRef rigidRef="6" a="-1,0,0" z="0,0,0.99999994039535522" t="0.17000000178813934,0.24799999594688416,0.80000001192092896"/>
        <RigidRef rigidRef="5" a="0.99999994039535522,0,0" z="0,-0.3826826810836792,-0.92387980222702026" t="0.13518451154232025,0.60879290103912354,0.7283790111541748"/>
      </Joint>
      <Joint type="hinge">
        <RigidRef rigidRef="7" a="0,1,0" z="0,0,1" t="0.80000007152557373,0,0"/>
        <RigidRef rigidRef="6" a="0,1,0" z="0,0,1" t="0,0.31999999284744263,0"/>
      </Joint>
      <Joint type="hinge">
        <RigidRef rigidRef="8" a="0,1,0" z="0,0,1" t="0.80000007152557373,0.31999999284744263,0"/>
        <RigidRef rigidRef="7" a="0,1,0" z="0,0,1" t="0,0,0"/>
      </Joint>
    </RigidSystem>
    <RigidSystem>
      <Rigid refID="9" transformation="0,1.0000001192092896,0,0,0,-1.0000001192092896,-1.0000001192092896,0,0,11.600000381469727,-0.40000119805335999,7.5200004577636719" boneRefs="11"/>
    </RigidSystem>
    <RigidSystem>
      <Rigid refID="10" transformation="0.030507838353514671,-0.023579705506563187,-0.99925637245178223,-0.0071996841579675674,0.99969065189361572,-0.023809762671589851,0.99950861930847168,0.0079207131639122963,0.030328631401062012,3.9992976188659668,-0.76853728294372559,1.944087028503418" boneRefs="12"/>
    </RigidSystem>
    <RigidSystem>
      <Rigid refID="11" transformation="-0.9995083212852478,-0.0079077417030930519,-0.030341649428009987,0.03052053414285183,-0.023578371852636337,-0.99925613403320313,0.007186447735875845,-0.99969083070755005,0.023808401077985764,5.5554571151733398,0.83911240100860596,1.6086951494216919" boneRefs="13"/>
    </RigidSystem>
  </RigidSystems>
  <GroupSystems>
    <GroupSystem>
    </GroupSystem>
  </GroupSystems>
</LXFML>
