<?xml version="1.0" encoding="UTF-8" standalone="no" ?>
<LXFML versionMajor="5" versionMinor="0">
  <Meta>
    <Application name="CCOP" versionMajor="0" versionMinor="0"/>
    <Brand name="LEGOUniverse"/>
    <BrickSet version="215"/>
  </Meta>
  <Bricks>
    <Brick refID="0" designID="32073">
      <Part refID="0" designID="32073" materials="26">
        <Bone refID="0" transformation="0,0.027821585536003113,-0.99961298704147339,0,0.99961298704147339,0.027821585536003113,1.0000001192092896,0,0,2.0083260536193848,1.3068393468856812,-0.83999985456466675">
        </Bone>
      </Part>
    </Brick>
    <Brick refID="1" designID="4185">
      <Part refID="1" designID="4185" materials="192">
        <Bone refID="1" transformation="0,-0.027820790186524391,0.99961292743682861,0,0.99961286783218384,0.027820790186524391,-1,0,0,1.608325719833374,1.3068393468856812,-0.83999985456466675">
        </Bone>
      </Part>
    </Brick>
    <Brick refID="2" designID="4185">
      <Part refID="2" designID="4185" materials="192">
        <Bone refID="2" transformation="0,-0.027820797637104988,0.99961292743682861,0,0.99961286783218384,0.027820797637104988,-1,0,0,-1.9916744232177734,1.3068394660949707,-0.83999985456466675">
        </Bone>
      </Part>
    </Brick>
    <Brick refID="3" designID="3031">
      <Part refID="3" designID="3031" materials="5">
        <Bone refID="3" transformation="1,0,0,0,0.91785573959350586,0.39691415429115295,0,-0.39691415429115295,0.91785573959350586,-1.191673755645752,0.86179637908935547,1.1465388536453247">
        </Bone>
      </Part>
    </Brick>
    <Brick refID="4" designID="30413">
      <Part refID="4" designID="30413" materials="5">
        <Bone refID="4" transformation="0,-0.39691412448883057,0.91785573959350586,0,0.91785573959350586,0.39691412448883057,-1,0,0,1.2083263397216797,2.4256355762481689,-1.6635869741439819">
        </Bone>
      </Part>
    </Brick>
    <Brick refID="5" designID="3068">
      <Part refID="5" designID="3068" materials="5,0" decoration="0">
        <Bone refID="5" transformation="1,0,0,0,0.91785573959350586,0.39691415429115295,0,-0.39691415429115295,0.91785573959350586,-0.39167368412017822,2.1081039905548096,-0.92930257320404053">
        </Bone>
      </Part>
    </Brick>
    <Brick refID="6" designID="3710">
      <Part refID="6" designID="3710" materials="5">
        <Bone refID="6" transformation="1,0,0,0,0.91785573959350586,0.39691415429115295,0,-0.39691415429115295,0.91785573959350586,-1.1916738748550415,2.1319212913513184,-1.7905994653701782">
        </Bone>
      </Part>
    </Brick>
    <Brick refID="7" designID="30413">
      <Part refID="7" designID="30413" materials="5">
        <Bone refID="7" transformation="0,0.39691412448883057,-0.91785573959350586,0,0.91785573959350586,0.39691412448883057,1,0,0,-1.191673755645752,1.4730416536331177,0.53926694393157959">
        </Bone>
      </Part>
    </Brick>
    <Brick refID="8" designID="2817">
      <Part refID="8" designID="2817" materials="5">
        <Bone refID="8" transformation="0,-0.39691409468650818,0.91785579919815063,0,0.91785579919815063,0.39691409468650818,-1,0,0,0.40832614898681641,1.8143900632858276,-1.0563149452209473">
        </Bone>
      </Part>
    </Brick>
    <Brick refID="9" designID="3068">
      <Part refID="9" designID="3068" materials="5,0" decoration="0">
        <Bone refID="9" transformation="1,0,0,0,0.91785573959350586,0.39691415429115295,0,-0.39691415429115295,0.91785573959350586,-0.391673743724823,1.473041296005249,0.53926688432693481">
        </Bone>
      </Part>
    </Brick>
    <Brick refID="10" designID="2817">
      <Part refID="10" designID="2817" materials="5">
        <Bone refID="10" transformation="0,-0.39691409468650818,0.91785579919815063,0,0.91785579919815063,0.39691409468650818,-1,0,0,-1.191673755645752,1.8143900632858276,-1.0563149452209473">
        </Bone>
      </Part>
    </Brick>
    <Brick refID="11" designID="3839">
      <Part refID="11" designID="3839" materials="26">
        <Bone refID="11" transformation="1,0,0,0,0.91785573959350586,0.39691415429115295,0,-0.39691415429115295,0.91785573959350586,-0.39167380332946777,0.56808257102966309,1.0195263624191284">
        </Bone>
      </Part>
    </Brick>
    <Brick refID="12" designID="4865">
      <Part refID="12" designID="4865" materials="5,0" decoration="0">
        <Bone refID="12" transformation="-1,0,0,0,0.91785579919815063,0.39691409468650818,0,0.39691409468650818,-0.91785573959350586,0.40832638740539551,1.1555103063583374,1.273551344871521">
        </Bone>
      </Part>
    </Brick>
    <Brick refID="13" designID="6231">
      <Part refID="13" designID="6231" materials="5">
        <Bone refID="13" transformation="-1,0,0,0,0.91785573959350586,0.39691412448883057,0,0.39691415429115295,-0.91785573959350586,-1.191673755645752,1.1555101871490479,1.2735514640808105">
        </Bone>
      </Part>
    </Brick>
    <Brick refID="14" designID="6231">
      <Part refID="14" designID="6231" materials="5">
        <Bone refID="14" transformation="0,-0.39691412448883057,0.91785573959350586,0,0.91785573959350586,0.39691412448883057,-1,0,0,1.2083263397216797,1.1555101871490479,1.2735514640808105">
        </Bone>
      </Part>
    </Brick>
  </Bricks>
  <RigidSystems>
    <RigidSystem>
      <Rigid refID="0" transformation="0,0.027821585536003113,-0.99961298704147339,0,0.99961298704147339,0.027821585536003113,1.0000001192092896,0,0,2.0083260536193848,0.88000005483627319,-0.83999985456466675" boneRefs="0,1,2"/>
      <Rigid refID="1" transformation="1,0,0,0,0.91785573959350586,0.39691415429115295,0,-0.39691415429115295,0.91785573959350586,-1.191673755645752,0.43495708703994751,1.1465388536453247" boneRefs="3,4,5,6,7,8,9,10,11,12,13,14"/>
      <Joint type="hinge">
        <RigidRef rigidRef="1" a="1.0000001192092896,0,0" z="0,-1.0000001192092896,0" t="2.7999999523162842,-0.38000014424324036,-1.9999997615814209"/>
        <RigidRef rigidRef="0" a="0,0,1" z="0.37122431397438049,-0.9285433292388916,0" t="0,0,-0.39999967813491821"/>
      </Joint>
    </RigidSystem>
  </RigidSystems>
  <GroupSystems>
    <GroupSystem>
    </GroupSystem>
  </GroupSystems>
</LXFML>
