<?xml version="1.0" encoding="UTF-8" standalone="no" ?>
<LXFML versionMajor="5" versionMinor="0">
  <Meta>
    <Application name="CCOP" versionMajor="0" versionMinor="0"/>
    <Brand name="LEGOUniverse"/>
    <BrickSet version="215"/>
  </Meta>
  <Bricks>
    <Brick refID="0" designID="2555">
      <Part refID="0" designID="2555" materials="194">
        <Bone refID="0" transformation="0,-0.99716055393218994,-0.075304210186004639,0,-0.075304262340068817,0.99716055393218994,-0.99999994039535522,0,0,0,2.0082261562347412,0.17652922868728638">
        </Bone>
      </Part>
    </Brick>
    <Brick refID="1" designID="4085">
      <Part refID="1" designID="4085" materials="194">
        <Bone refID="1" transformation="1,0,0,0,-0.075304374098777771,0.99716067314147949,0,-0.99716067314147949,-0.075304374098777771,0,2.0323235988616943,-0.1425621509552002">
        </Bone>
      </Part>
    </Brick>
    <Brick refID="2" designID="48336">
      <Part refID="2" designID="48336" materials="194">
        <Bone refID="2" transformation="1,0,0,0,-0.075304366648197174,0.99716061353683472,0,-0.99716061353683472,-0.075304366648197174,-0.40000009536743164,2.7818572521209717,0.55586403608322144">
        </Bone>
      </Part>
    </Brick>
    <Brick refID="3" designID="3023">
      <Part refID="3" designID="3023" materials="194">
        <Bone refID="3" transformation="1,0,0,0,-0.075304366648197174,0.99716061353683472,0,-0.99716061353683472,-0.075304366648197174,-0.40000009536743164,2.7577598094940186,0.87495547533035278">
        </Bone>
      </Part>
    </Brick>
    <Brick refID="4" designID="4085">
      <Part refID="4" designID="4085" materials="194">
        <Bone refID="4" transformation="0,0.99716055393218994,0.075304210186004639,0,-0.075304262340068817,0.99716055393218994,0.99999994039535522,0,0,0.40000009536743164,2.7336623668670654,1.1940469741821289">
        </Bone>
      </Part>
    </Brick>
    <Brick refID="5" designID="4085">
      <Part refID="5" designID="4085" materials="194">
        <Bone refID="5" transformation="0,-0.99716055393218994,-0.075304210186004639,0,-0.075304262340068817,0.99716055393218994,-0.99999994039535522,0,0,-0.40000009536743164,2.7336623668670654,1.1940469741821289">
        </Bone>
      </Part>
    </Brick>
    <Brick refID="6" designID="3794">
      <Part refID="6" designID="3794" materials="194">
        <Bone refID="6" transformation="1,0,0,0,-0.075304366648197174,0.99716061353683472,0,-0.99716061353683472,-0.075304366648197174,-0.40000009536743164,2.7095651626586914,1.5131382942199707">
        </Bone>
      </Part>
    </Brick>
    <Brick refID="7" designID="6541">
      <Part refID="7" designID="6541" materials="194">
        <Bone refID="7" transformation="0,0.99716055393218994,0.075304210186004639,0,-0.075304262340068817,0.99716055393218994,0.99999994039535522,0,0,0.40000009536743164,3.5795862674713135,0.6161075234413147">
        </Bone>
      </Part>
    </Brick>
    <Brick refID="8" designID="2540">
      <Part refID="8" designID="2540" materials="194">
        <Bone refID="8" transformation="0,0.99716079235076904,0.075304336845874786,0,-0.075304277241230011,0.99716079235076904,1,0,0,0.40000009536743164,2.805955171585083,0.23677271604537964">
        </Bone>
      </Part>
    </Brick>
    <Brick refID="9" designID="3794">
      <Part refID="9" designID="3794" materials="194">
        <Bone refID="9" transformation="1,0,0,0,-0.075304374098777771,0.99716067314147949,0,-0.99716067314147949,-0.075304374098777771,-0.40000021457672119,3.5072939395904541,1.5733821392059326">
        </Bone>
      </Part>
    </Brick>
    <Brick refID="10" designID="6541">
      <Part refID="10" designID="6541" materials="194">
        <Bone refID="10" transformation="0,-0.99716079235076904,-0.075304336845874786,0,-0.075304277241230011,0.99716079235076904,-1,0,0,-0.40000009536743164,3.5795862674713135,0.6161075234413147">
        </Bone>
      </Part>
    </Brick>
    <Brick refID="11" designID="2540">
      <Part refID="11" designID="2540" materials="194">
        <Bone refID="11" transformation="0,-0.99716067314147949,-0.075304433703422546,0,-0.075304478406906128,0.99716067314147949,-0.99999994039535522,0,0,-0.40000015497207642,3.6036834716796875,0.2970162034034729">
        </Bone>
      </Part>
    </Brick>
    <Brick refID="12" designID="6141">
      <Part refID="12" designID="6141" materials="194">
        <Bone refID="12" transformation="0,-0.075304530560970306,0.99716067314147949,-1,0,0,0,-0.99716067314147949,-0.075304530560970306,1.1239995956420898,3.535792350769043,1.1960089206695557">
        </Bone>
      </Part>
    </Brick>
    <Brick refID="13" designID="6141">
      <Part refID="13" designID="6141" materials="194">
        <Bone refID="13" transformation="0,-0.075304180383682251,0.99716079235076904,1.0000001192092896,0,0,0,0.99716079235076904,0.075304269790649414,-1.1232240200042725,3.5355329513549805,1.1959891319274902">
        </Bone>
      </Part>
    </Brick>
    <Brick refID="14" designID="3024">
      <Part refID="14" designID="3024" materials="194">
        <Bone refID="14" transformation="0.70710694789886475,-0.70509910583496094,-0.053248193114995956,0,-0.075304239988327026,0.99716073274612427,-0.7071068286895752,-0.70509916543960571,-0.053248118609189987,0,1.1382055282592773,1.0735599994659424">
        </Bone>
      </Part>
    </Brick>
    <Brick refID="15" designID="3024">
      <Part refID="15" designID="3024" materials="194">
        <Bone refID="15" transformation="1,0,0,0,-0.075304374098777771,0.99716073274612427,0,-0.99716073274612427,-0.075304374098777771,0,1.1141080856323242,1.3926513195037842">
        </Bone>
      </Part>
    </Brick>
    <Brick refID="16" designID="3623">
      <Part refID="16" designID="3623" materials="194">
        <Bone refID="16" transformation="0,-0.99716067314147949,-0.075304321944713593,0,-0.075304366648197174,0.99716067314147949,-0.99999994039535522,0,0,0,3.4650940895080566,2.2056026458740234">
        </Bone>
      </Part>
    </Brick>
    <Brick refID="17" designID="3710">
      <Part refID="17" designID="3710" materials="194">
        <Bone refID="17" transformation="0,-0.99716067314147949,-0.075304381549358368,0,-0.075304366648197174,0.99716067314147949,-0.99999994039535522,0,0,0,3.4888651371002197,1.8876638412475586">
        </Bone>
      </Part>
    </Brick>
    <Brick refID="18" designID="6141">
      <Part refID="18" designID="6141" materials="199">
        <Bone refID="18" transformation="-1,0,0,0,-0.95402371883392334,-0.29973119497299194,0,-0.29973119497299194,0.95402389764785767,0,1.3722878694534302,-2.3785333633422852">
        </Bone>
      </Part>
    </Brick>
    <Brick refID="19" designID="4085">
      <Part refID="19" designID="4085" materials="194">
        <Bone refID="19" transformation="-1,0,0,0,-0.95402371883392334,-0.29973119497299194,0,-0.29973119497299194,0.95402389764785767,0,1.6775754690170288,-2.2826192378997803">
        </Bone>
      </Part>
    </Brick>
    <Brick refID="20" designID="3002">
      <Part refID="20" designID="3002" materials="194">
        <Bone refID="20" transformation="0,0.19509029388427734,-0.9807853102684021,0,0.98078525066375732,0.19509029388427734,1,0,0,0.40000009536743164,1.4429147243499756,-0.72888988256454468">
        </Bone>
      </Part>
    </Brick>
    <Brick refID="21" designID="3039">
      <Part refID="21" designID="3039" materials="194,0" decoration="0">
        <Bone refID="21" transformation="-1,0,0,0,0.98078548908233643,0.19509035348892212,0,0.19509035348892212,-0.98078525066375732,0.40000009536743164,2.5405409336090088,-1.3262313604354858">
        </Bone>
      </Part>
    </Brick>
    <Brick refID="22" designID="3004">
      <Part refID="22" designID="3004" materials="194,0,0,0" decoration="0,0,0">
        <Bone refID="22" transformation="1,0,0,0,0.980785071849823,0.19509106874465942,0,-0.19509106874465942,0.980785071849823,-0.39999997615814209,2.3844685554504395,-0.5416032075881958">
        </Bone>
      </Part>
    </Brick>
    <Brick refID="23" designID="3022">
      <Part refID="23" designID="3022" materials="194">
        <Bone refID="23" transformation="1,0,0,0,0.980785071849823,0.19509106874465942,0,-0.19509106874465942,0.980785071849823,-0.39999997615814209,3.3260223865509033,-0.35431647300720215">
        </Bone>
      </Part>
    </Brick>
    <Brick refID="24" designID="6141">
      <Part refID="24" designID="6141" materials="194">
        <Bone refID="24" transformation="1,0,0,0,1,0,0,0,1,0.62862014770507813,0.0015008645132184029,0.038031518459320068">
        </Bone>
      </Part>
    </Brick>
    <Brick refID="25" designID="6141">
      <Part refID="25" designID="6141" materials="194">
        <Bone refID="25" transformation="1,0,0,0,1,0,0,0,1,0.62862014770507813,0.32150086760520935,0.038031518459320068">
        </Bone>
      </Part>
    </Brick>
    <Brick refID="26" designID="2555">
      <Part refID="26" designID="2555" materials="194">
        <Bone refID="26" transformation="0,0,1,0,0.99999994039535522,0,-1,0,0,0.62862014770507813,0.64150083065032959,0.038031518459320068">
        </Bone>
      </Part>
    </Brick>
    <Brick refID="27" designID="6141">
      <Part refID="27" designID="6141" materials="194">
        <Bone refID="27" transformation="1,0,0,0,1,0,0,0,1,0.62862014770507813,0,-1.5945518016815186">
        </Bone>
      </Part>
    </Brick>
    <Brick refID="28" designID="6141">
      <Part refID="28" designID="6141" materials="194">
        <Bone refID="28" transformation="1,0,0,0,1,0,0,0,1,0.62862014770507813,0.31999999284744263,-1.5945518016815186">
        </Bone>
      </Part>
    </Brick>
    <Brick refID="29" designID="2555">
      <Part refID="29" designID="2555" materials="194">
        <Bone refID="29" transformation="0,0,1,0,0.99999994039535522,0,-1,0,0,0.62862014770507813,0.63999998569488525,-1.5945518016815186">
        </Bone>
      </Part>
    </Brick>
    <Brick refID="30" designID="6141">
      <Part refID="30" designID="6141" materials="194">
        <Bone refID="30" transformation="1,0,0,0,1,0,0,0,1,-0.63198065757751465,0,-1.5945518016815186">
        </Bone>
      </Part>
    </Brick>
    <Brick refID="31" designID="6141">
      <Part refID="31" designID="6141" materials="194">
        <Bone refID="31" transformation="1,0,0,0,1,0,0,0,1,-0.63198065757751465,0.31999999284744263,-1.5945518016815186">
        </Bone>
      </Part>
    </Brick>
    <Brick refID="32" designID="2555">
      <Part refID="32" designID="2555" materials="194">
        <Bone refID="32" transformation="0,0,1,0,0.99999994039535522,0,-1,0,0,-0.63198065757751465,0.63999998569488525,-1.5945518016815186">
        </Bone>
      </Part>
    </Brick>
    <Brick refID="33" designID="6141">
      <Part refID="33" designID="6141" materials="194">
        <Bone refID="33" transformation="1,0,0,0,1,0,0,0,1,-0.63198065757751465,0.0015008645132184029,0.038031518459320068">
        </Bone>
      </Part>
    </Brick>
    <Brick refID="34" designID="6141">
      <Part refID="34" designID="6141" materials="194">
        <Bone refID="34" transformation="1,0,0,0,1,0,0,0,1,-0.63198065757751465,0.32150086760520935,0.038031518459320068">
        </Bone>
      </Part>
    </Brick>
    <Brick refID="35" designID="2555">
      <Part refID="35" designID="2555" materials="194">
        <Bone refID="35" transformation="0,0,1,0,0.99999994039535522,0,-1,0,0,-0.63198065757751465,0.64150083065032959,0.038031518459320068">
        </Bone>
      </Part>
    </Brick>
  </Bricks>
  <RigidSystems>
    <RigidSystem>
      <Rigid refID="0" transformation="0,-0.99716055393218994,-0.075304210186004639,0,-0.075304262340068817,0.99716055393218994,-0.99999994039535522,0,0,0,1.9950931072235107,0.97652924060821533" boneRefs="0,1"/>
      <Rigid refID="1" transformation="1,0,0,0,-0.075304366648197174,0.99716061353683472,0,-0.99716061353683472,-0.075304366648197174,-0.40000009536743164,2.7687242031097412,1.3558640480041504" boneRefs="2,3,4,5,6,7,8,9,10,11,12,13,14,15,16,17"/>
      <Joint type="hinge">
        <RigidRef rigidRef="1" a="-1,0,0" z="0,0,0.99999994039535522" t="-0.17499999701976776,0.24799999594688416,0.80000001192092896"/>
        <RigidRef rigidRef="0" a="0,0,1.0000001192092896" z="1.0000001192092896,0,0" t="0,0.56800001859664917,0.57500022649765015"/>
      </Joint>
    </RigidSystem>
    <RigidSystem>
      <Rigid refID="2" transformation="-1,0,0,0,-0.95402371883392334,-0.29973119497299194,0,-0.29973119497299194,0.95402389764785767,0,1.3591548204421997,-1.5785332918167114" boneRefs="18,19"/>
    </RigidSystem>
    <RigidSystem>
      <Rigid refID="3" transformation="0,0.19509029388427734,-0.9807853102684021,0,0.98078525066375732,0.19509029388427734,1,0,0,0.40000009536743164,1.4297816753387451,0.071110144257545471" boneRefs="20,21,22,23"/>
    </RigidSystem>
    <RigidSystem>
      <Rigid refID="4" transformation="1,0,0,0,1,0,0,0,1,0.62862014770507813,-0.011632153764367104,0.83803153038024902" boneRefs="24,25,26"/>
    </RigidSystem>
    <RigidSystem>
      <Rigid refID="5" transformation="1,0,0,0,1,0,0,0,1,0.62862014770507813,-0.013133018277585506,-0.7945517897605896" boneRefs="27,28,29"/>
    </RigidSystem>
    <RigidSystem>
      <Rigid refID="6" transformation="1,0,0,0,1,0,0,0,1,-0.63198065757751465,-0.013133018277585506,-0.7945517897605896" boneRefs="30,31,32"/>
    </RigidSystem>
    <RigidSystem>
      <Rigid refID="7" transformation="1,0,0,0,1,0,0,0,1,-0.63198065757751465,-0.011632153764367104,0.83803153038024902" boneRefs="33,34,35"/>
    </RigidSystem>
  </RigidSystems>
  <GroupSystems>
    <GroupSystem>
    </GroupSystem>
  </GroupSystems>
</LXFML>
