<?xml version="1.0" encoding="UTF-8" standalone="no" ?>
<LXFML versionMajor="5" versionMinor="0">
  <Meta>
    <Application name="CCOP" versionMajor="0" versionMinor="0"/>
    <Brand name="LEGOUniverse"/>
    <BrickSet version="228"/>
  </Meta>
  <Bricks>
    <Brick refID="0" designID="64225">
      <Part refID="0" designID="64225" materials="191">
        <Bone refID="0" transformation="-0.27839556336402893,0.39300751686096191,0.87637960910797119,0.27449840307235718,0.90695047378540039,-0.31951811909675598,-0.92040574550628662,0.15161232650279999,-0.36037084460258484,-5.5920839309692383,5.0524611473083496,3.5248343944549561">
        </Bone>
      </Part>
    </Brick>
    <Brick refID="1" designID="4085">
      <Part refID="1" designID="4085" materials="191">
        <Bone refID="1" transformation="0.92040562629699707,-0.15161228179931641,0.360370934009552,0.27449837327003479,0.90695029497146606,-0.31951820850372314,-0.27839562296867371,0.39300760626792908,0.87637948989868164,-5.1663141250610352,4.9553523063659668,4.6164846420288086">
        </Bone>
      </Part>
    </Brick>
    <Brick refID="2" designID="4085">
      <Part refID="2" designID="4085" materials="191">
        <Bone refID="2" transformation="0.92040562629699707,-0.15161228179931641,0.360370934009552,0.27449837327003479,0.90695029497146606,-0.31951820850372314,-0.27839562296867371,0.39300760626792908,0.87637948989868164,-4.4299917221069336,4.8340620994567871,4.9047746658325195">
        </Bone>
      </Part>
    </Brick>
    <Brick refID="3" designID="48336">
      <Part refID="3" designID="48336" materials="191">
        <Bone refID="3" transformation="-0.92040568590164185,0.15161250531673431,-0.36037060618400574,0.2744983434677124,0.90695059299468994,-0.31951785087585449,0.27839535474777222,-0.39300721883773804,-0.87637972831726074,-4.1194400787353516,4.8098816871643066,4.1014318466186523">
        </Bone>
      </Part>
    </Brick>
    <Brick refID="4" designID="53451">
      <Part refID="4" designID="53451" materials="37">
        <Bone refID="4" transformation="-0.27839541435241699,0.39300805330276489,0.87637925148010254,-0.27449837327003479,-0.90695005655288696,0.31951871514320374,0.92040568590164185,-0.15161214768886566,0.36037078499794006,-5.3005847930908203,5.5591220855712891,5.2134160995483398">
        </Bone>
      </Part>
    </Brick>
    <Brick refID="5" designID="53451">
      <Part refID="5" designID="53451" materials="37">
        <Bone refID="5" transformation="-0.27839541435241699,0.39300805330276489,0.87637925148010254,-0.27449837327003479,-0.90695005655288696,0.31951871514320374,0.92040568590164185,-0.15161214768886566,0.36037078499794006,-4.5642623901367187,5.4378328323364258,5.5017118453979492">
        </Bone>
      </Part>
    </Brick>
    <Brick refID="6" designID="2555">
      <Part refID="6" designID="2555" materials="28">
        <Bone refID="6" transformation="-0.19081699848175049,-0.9787101149559021,0.075600393116474152,-0.34123659133911133,0.13834798336029053,0.92974060773849487,-0.92040562629699707,0.15161274373531342,-0.36037075519561768,-3.9891781806945801,4.7001838684082031,2.6542518138885498">
        </Bone>
      </Part>
    </Brick>
    <Brick refID="7" designID="3024">
      <Part refID="7" designID="3024" materials="28">
        <Bone refID="7" transformation="0.92040568590164185,-0.15161244571208954,0.36037075519561768,-0.3412366509437561,0.1383475661277771,0.92974066734313965,-0.19081662595272064,-0.97871023416519165,0.075600177049636841,-3.8799824714660645,4.6559123992919922,2.3567326068878174">
        </Bone>
      </Part>
    </Brick>
    <Brick refID="8" designID="3023">
      <Part refID="8" designID="3023" materials="28">
        <Bone refID="8" transformation="-0.19081655144691467,-0.9787103533744812,0.075600139796733856,-0.34123674035072327,0.13834771513938904,0.92974072694778442,-0.92040568590164185,0.15161247551441193,-0.36037072539329529,-3.7707877159118652,4.6116418838500977,2.0592148303985596">
        </Bone>
      </Part>
    </Brick>
    <Brick refID="9" designID="30239">
      <Part refID="9" designID="30239" materials="37">
        <Bone refID="9" transformation="0.34123688936233521,-0.13834761083126068,-0.9297405481338501,0.19081665575504303,0.97871029376983643,-0.075600169599056244,0.92040556669235229,-0.15161243081092834,0.36037102341651917,-3.8462224006652832,4.980165958404541,2.4069225788116455">
        </Bone>
      </Part>
    </Brick>
    <Brick refID="10" designID="3024">
      <Part refID="10" designID="3024" materials="28">
        <Bone refID="10" transformation="-0.9204060435295105,0.15161228179931641,-0.36036977171897888,0.19081626832485199,0.97871029376983643,-0.075600065290927887,0.34123572707176208,-0.13834719359874725,-0.92974096536636353,-3.6342935562133789,4.5562968254089355,1.6873219013214111">
        </Bone>
      </Part>
    </Brick>
    <Brick refID="11" designID="47905">
      <Part refID="11" designID="47905" materials="28">
        <Bone refID="11" transformation="0.34123688936233521,-0.13834758102893829,-0.9297405481338501,0.19081661105155945,0.97871023416519165,-0.075600132346153259,0.92040550708770752,-0.15161238610744476,0.36037099361419678,-3.817474365234375,3.6167373657226562,1.7598962783813477">
        </Bone>
      </Part>
    </Brick>
    <Brick refID="12" designID="2555">
      <Part refID="12" designID="2555" materials="28">
        <Bone refID="12" transformation="-0.19081687927246094,-0.9787101149559021,0.075600534677505493,-0.34123635292053223,0.1383480429649353,0.92974066734313965,-0.92040574550628662,0.15161265432834625,-0.36037051677703857,-4.0326347351074219,3.8729448318481445,2.4172146320343018">
        </Bone>
      </Part>
    </Brick>
    <Brick refID="13" designID="40379">
      <Part refID="13" designID="40379" materials="28">
        <Bone refID="13" transformation="0,0.14718294143676758,0.9891093373298645,0,-0.98910927772521973,0.14718294143676758,1.0000001192092896,0,0,-0.828887939453125,3.8497161865234375,-0.40000265836715698">
        </Bone>
      </Part>
    </Brick>
    <Brick refID="14" designID="48336">
      <Part refID="14" designID="48336" materials="191">
        <Bone refID="14" transformation="0.92040598392486572,-0.15161162614822388,0.36037111282348633,-0.08914368599653244,-0.97885030508041382,-0.18413445353507996,0.38066628575325012,0.13735358417034149,-0.91445457935333252,-4.8632373809814453,4.1427650451660156,3.583784818649292">
        </Bone>
      </Part>
    </Brick>
    <Brick refID="15" designID="64225">
      <Part refID="15" designID="64225" materials="191">
        <Bone refID="15" transformation="-0.38066366314888,-0.13734579086303711,0.91445684432983398,-0.08914349228143692,-0.97885191440582275,-0.184125617146492,0.9204067587852478,-0.15160781145095825,0.36037024855613708,-3.3905806541442871,3.9001853466033936,4.1603841781616211">
        </Bone>
      </Part>
    </Brick>
    <Brick refID="16" designID="3741">
      <Part refID="16" designID="3741" materials="28">
        <Bone refID="16" transformation="1,0,0,0,1,0,0,0,1,0,5.2097158432006836,0">
        </Bone>
      </Part>
    </Brick>
    <Brick refID="17" designID="30367">
      <Part refID="17" designID="30367" materials="28,0,0,0" decoration="0,0,0">
        <Bone refID="17" transformation="1,0,0,0,1,0,0,0,1,-0.39999544620513916,4.2497162818908691,0.39999589323997498">
        </Bone>
      </Part>
    </Brick>
    <Brick refID="18" designID="4070">
      <Part refID="18" designID="4070" materials="28">
        <Bone refID="18" transformation="1,0,0,0,1,0,0,0,1,-0.39999544620513916,3.2897160053253174,0.39999207854270935">
        </Bone>
      </Part>
    </Brick>
    <Brick refID="19" designID="4070">
      <Part refID="19" designID="4070" materials="28">
        <Bone refID="19" transformation="0,0,-1,0,0.99999994039535522,0,1,0,0,0.39999997615814209,3.2897160053253174,0.39999589323997498">
        </Bone>
      </Part>
    </Brick>
    <Brick refID="20" designID="4070">
      <Part refID="20" designID="4070" materials="28">
        <Bone refID="20" transformation="0,0,1,0,0.99999994039535522,0,-1,0,0,-0.39999926090240479,3.2897160053253174,-0.40000718832015991">
        </Bone>
      </Part>
    </Brick>
    <Brick refID="21" designID="4070">
      <Part refID="21" designID="4070" materials="28">
        <Bone refID="21" transformation="-1,0,0,0,1,0,0,0,-1,0.40000379085540771,3.2897160053253174,-0.40000718832015991">
        </Bone>
      </Part>
    </Brick>
    <Brick refID="22" designID="74340">
      <Part refID="22" designID="3679" materials="194">
        <Bone refID="22" transformation="1,0,0,0,1,0,0,0,1,-0.39999771118164063,3.2897160053253174,0.39999589323997498">
        </Bone>
      </Part>
      <Part refID="23" designID="3680" materials="28">
        <Bone refID="23" transformation="1,0,0,0,1,0,0,0,1,-0.39999771118164063,2.9697160720825195,0.39999657869338989">
        </Bone>
      </Part>
    </Brick>
    <Brick refID="23" designID="2518">
      <Part refID="24" designID="2518" materials="37">
        <Bone refID="24" transformation="0,0,1,0,0.99999994039535522,0,-1,0,0,-0.39999771118164063,2.6497161388397217,-0.40000265836715698">
        </Bone>
      </Part>
    </Brick>
    <Brick refID="24" designID="2518">
      <Part refID="25" designID="2518" materials="37">
        <Bone refID="25" transformation="0,0,-1,0,0.99999994039535522,0,1,0,0,0.4000014066696167,2.6497161388397217,0.39999276399612427">
        </Bone>
      </Part>
    </Brick>
    <Brick refID="25" designID="2518">
      <Part refID="26" designID="2518" materials="37">
        <Bone refID="26" transformation="-1,0,0,0,1,0,0,0,-1,0.4000014066696167,2.3297162055969238,-0.40000647306442261">
        </Bone>
      </Part>
    </Brick>
    <Brick refID="26" designID="6233">
      <Part refID="27" designID="6233" materials="28">
        <Bone refID="27" transformation="1,0,0,0,1,0,0,0,1,-0.39999961853027344,0.4097161591053009,0.39999663829803467">
        </Bone>
      </Part>
    </Brick>
    <Brick refID="27" designID="2518">
      <Part refID="28" designID="2518" materials="37">
        <Bone refID="28" transformation="1,0,0,0,1,0,0,0,1,-0.39999961853027344,2.3297162055969238,0.39999282360076904">
        </Bone>
      </Part>
    </Brick>
    <Brick refID="28" designID="40379">
      <Part refID="29" designID="40379" materials="28">
        <Bone refID="29" transformation="0.97661668062210083,-0.21498861908912659,0,-0.21498861908912659,-0.97661656141281128,0,0,0,-1,-0.39999580383300781,3.8497157096862793,0.82888680696487427">
        </Bone>
      </Part>
    </Brick>
    <Brick refID="29" designID="40379">
      <Part refID="30" designID="40379" materials="28">
        <Bone refID="30" transformation="-0.92771369218826294,-0.37329259514808655,0,0.37329259514808655,-0.92771369218826294,0,0,0,0.99999994039535522,0.40000331401824951,3.8497159481048584,-0.82889670133590698">
        </Bone>
      </Part>
    </Brick>
    <Brick refID="30" designID="30239">
      <Part refID="31" designID="30239" materials="37">
        <Bone refID="31" transformation="-0.91799730062484741,0.20208545029163361,-0.3412366509437561,0.27816489338874817,0.94138914346694946,-0.19081652164459229,0.28267520666122437,-0.27008911967277527,-0.92040568590164185,2.6254978179931641,3.9055852890014648,3.8462245464324951">
        </Bone>
      </Part>
    </Brick>
    <Brick refID="31" designID="3024">
      <Part refID="32" designID="3024" materials="28">
        <Bone refID="32" transformation="-0.28267553448677063,0.27008941769599915,0.92040544748306274,0.27816396951675415,0.94138920307159424,-0.19081707298755646,-0.91799741983413696,0.20208433270454407,-0.34123685956001282,1.802087664604187,3.7660067081451416,3.6342909336090088">
        </Bone>
      </Part>
    </Brick>
    <Brick refID="32" designID="47905">
      <Part refID="33" designID="47905" materials="28">
        <Bone refID="33" transformation="-0.91799724102020264,0.20208539068698883,-0.34123662114143372,0.27816483378410339,0.94138914346694946,-0.19081656634807587,0.28267517685890198,-0.27008914947509766,-0.92040568590164185,1.5350476503372192,2.8622756004333496,3.8174765110015869">
        </Bone>
      </Part>
    </Brick>
    <Brick refID="33" designID="3024">
      <Part refID="34" designID="3024" materials="28">
        <Bone refID="34" transformation="0.28267553448677063,-0.27008914947509766,-0.92040556669235229,0.91799741983413696,-0.2020847499370575,0.34123677015304565,-0.27816435694694519,-0.94138926267623901,0.19081674516201019,2.4630436897277832,3.6205105781555176,3.8799841403961182">
        </Bone>
      </Part>
    </Brick>
    <Brick refID="34" designID="2555">
      <Part refID="35" designID="2555" materials="28">
        <Bone refID="35" transformation="-0.27816423773765564,-0.94138920307159424,0.19081690907478333,0.91799741983413696,-0.20208470523357391,0.34123668074607849,-0.28267529606819153,0.27008932828903198,0.92040574550628662,2.7568058967590332,3.5558426380157471,3.9891805648803711">
        </Bone>
      </Part>
    </Brick>
    <Brick refID="35" designID="3023">
      <Part refID="36" designID="3023" materials="28">
        <Bone refID="36" transformation="-0.27816435694694519,-0.94138920307159424,0.190816730260849,0.91799736022949219,-0.20208486914634705,0.34123668074607849,-0.28267538547515869,0.27008917927742004,0.92040550708770752,2.1692852973937988,3.6851773262023926,3.7707891464233398">
        </Bone>
      </Part>
    </Brick>
    <Brick refID="36" designID="2555">
      <Part refID="37" designID="2555" materials="28">
        <Bone refID="37" transformation="-0.27816438674926758,-0.94138920307159424,0.19081686437129974,0.91799741983413696,-0.20208482444286346,0.34123674035072327,-0.2826753556728363,0.27008932828903198,0.92040568590164185,2.2405133247375488,2.8673989772796631,4.0326371192932129">
        </Bone>
      </Part>
    </Brick>
    <Brick refID="37" designID="40379">
      <Part refID="38" designID="40379" materials="28">
        <Bone refID="38" transformation="0,-0.40986204147338867,-0.9121476411819458,0,-0.91214752197265625,0.40986204147338867,-1.0000001192092896,0,0,0.82888972759246826,3.8497157096862793,0.39999276399612427">
        </Bone>
      </Part>
    </Brick>
    <Brick refID="38" designID="64225">
      <Part refID="39" designID="64225" materials="191">
        <Bone refID="39" transformation="0.95889806747436523,0.054870516061782837,0.27839478850364685,0.024688024073839188,0.96127080917358398,-0.27449765801429749,-0.28267461061477661,0.27008828520774841,0.92040610313415527,3.695770263671875,3.5747230052947998,5.5920858383178711">
        </Bone>
      </Part>
    </Brick>
    <Brick refID="39" designID="48336">
      <Part refID="40" designID="48336" materials="191">
        <Bone refID="40" transformation="-0.28267562389373779,0.27008917927742004,0.92040568590164185,0.024688214063644409,0.96127080917358398,-0.2744985818862915,-0.95889788866043091,-0.054870925843715668,-0.27839571237564087,4.1480522155761719,3.1425802707672119,4.119441032409668">
        </Bone>
      </Part>
    </Brick>
    <Brick refID="40" designID="4085">
      <Part refID="41" designID="4085" materials="191">
        <Bone refID="41" transformation="0.28267586231231689,-0.27008903026580811,-0.92040550708770752,0.024688282981514931,0.96127051115036011,-0.27449843287467957,0.95889782905578613,0.054870862513780594,0.27839604020118713,4.6811313629150391,3.0949406623840332,5.166316032409668">
        </Bone>
      </Part>
    </Brick>
    <Brick refID="41" designID="4085">
      <Part refID="42" designID="4085" materials="191">
        <Bone refID="42" transformation="0.28267586231231689,-0.27008903026580811,-0.92040550708770752,0.024688282981514931,0.96127051115036011,-0.27449843287467957,0.95889782905578613,0.054870862513780594,0.27839604020118713,4.9072666168212891,2.8788707256317139,4.4299936294555664">
        </Bone>
      </Part>
    </Brick>
    <Brick refID="42" designID="4589">
      <Part refID="43" designID="4589" materials="191">
        <Bone refID="43" transformation="-0.3306160569190979,-0.091803707182407379,0.93928980827331543,0.87202990055084229,0.35088726878166199,0.34123650193214417,-0.36091142892837524,0.93190699815750122,-0.035953257232904434,-2.2854881286621094,2.769129753112793,-3.9842960834503174">
        </Bone>
      </Part>
    </Brick>
    <Brick refID="43" designID="30293">
      <Part refID="44" designID="30293" materials="191">
        <Bone refID="44" transformation="-0.3306160569190979,-0.091803655028343201,0.93928974866867065,0.87202978134155273,0.35088726878166199,0.341236412525177,-0.36091148853302002,0.93190693855285645,-0.035953354090452194,-3.4138069152832031,2.7294783592224121,-4.8111724853515625">
        </Bone>
      </Part>
    </Brick>
    <Brick refID="44" designID="30294">
      <Part refID="45" designID="30294" materials="191">
        <Bone refID="45" transformation="-0.33061614632606506,-0.091803953051567078,0.9392896294593811,0.87202978134155273,0.35088691115379333,0.34123647212982178,-0.36091133952140808,0.93190681934356689,-0.035953152924776077,-4.809053897857666,2.1680574417114258,-5.357147216796875">
        </Bone>
      </Part>
    </Brick>
    <Brick refID="45" designID="4589">
      <Part refID="46" designID="4589" materials="191">
        <Bone refID="46" transformation="-0.9392896294593811,-0.10486795008182526,-0.32670742273330688,-0.34123644232749939,0.38526237010955811,0.85739791393280029,0.035954441875219345,0.91682940721511841,-0.39765730500221252,3.9125504493713379,2.7442691326141357,-2.0601704120635986">
        </Bone>
      </Part>
    </Brick>
    <Brick refID="46" designID="30293">
      <Part refID="47" designID="30293" materials="191">
        <Bone refID="47" transformation="-0.93928951025009155,-0.10486861318349838,-0.32670730352401733,-0.34123656153678894,0.385262131690979,0.85739791393280029,0.035953748971223831,0.91682940721511841,-0.39765739440917969,4.7394285202026367,2.6598153114318848,-3.186021089553833">
        </Bone>
      </Part>
    </Brick>
    <Brick refID="47" designID="30294">
      <Part refID="48" designID="30294" materials="191">
        <Bone refID="48" transformation="-0.93928956985473633,-0.10486872494220734,-0.32670718431472778,-0.34123656153678894,0.38526135683059692,0.85739803314208984,0.035953372716903687,0.91682958602905273,-0.3976568877696991,5.2854094505310059,2.0433967113494873,-4.5578584671020508">
        </Bone>
      </Part>
    </Brick>
    <Brick refID="48" designID="53451">
      <Part refID="49" designID="53451" materials="37">
        <Bone refID="49" transformation="0.95889818668365479,0.054871786385774612,0.27839502692222595,-0.02468704991042614,-0.96127063035964966,0.27449846267700195,0.28267517685890198,-0.27008876204490662,-0.9204058051109314,5.4540462493896484,3.446324348449707,5.3005857467651367">
        </Bone>
      </Part>
    </Brick>
    <Brick refID="49" designID="48336">
      <Part refID="50" designID="48336" materials="191">
        <Bone refID="50" transformation="0.28267678618431091,-0.27008840441703796,-0.92040568590164185,-0.52089411020278931,-0.8489539623260498,0.089143455028533936,-0.80545872449874878,0.4542350172996521,-0.380666583776474,3.4266433715820312,2.7037503719329834,4.8632383346557617">
        </Bone>
      </Part>
    </Brick>
    <Brick refID="50" designID="64225">
      <Part refID="51" designID="64225" materials="191">
        <Bone refID="51" transformation="0.8054574728012085,-0.45423665642738342,0.38066726922988892,-0.52089607715606689,-0.84895259141921997,0.089143820106983185,0.282676100730896,-0.27008962631225586,-0.92040520906448364,3.8789258003234863,2.2716085910797119,3.3905875682830811">
        </Bone>
      </Part>
    </Brick>
    <Brick refID="51" designID="53451">
      <Part refID="52" designID="53451" materials="37">
        <Bone refID="52" transformation="0.95889818668365479,0.054871786385774612,0.27839502692222595,-0.02468704991042614,-0.96127063035964966,0.27449846267700195,0.28267517685890198,-0.27008876204490662,-0.9204058051109314,5.6801872253417969,3.2302539348602295,4.564265251159668">
        </Bone>
      </Part>
    </Brick>
  </Bricks>
  <RigidSystems>
    <RigidSystem>
      <Rigid refID="0" transformation="-0.27839556336402893,0.39300751686096191,0.87637960910797119,0.27449840307235718,0.90695047378540039,-0.31951811909675598,-0.92040574550628662,0.15161232650279999,-0.36037084460258484,-3.9920840263366699,5.0524473190307617,2.7248344421386719" boneRefs="0,1,2,3"/>
      <Rigid refID="1" transformation="-0.27839541435241699,0.39300805330276489,0.87637925148010254,-0.27449837327003479,-0.90695005655288696,0.31951871514320374,0.92040568590164185,-0.15161214768886566,0.36037078499794006,-3.700584888458252,5.5591082572937012,4.4134159088134766" boneRefs="4"/>
      <Rigid refID="2" transformation="-0.27839541435241699,0.39300805330276489,0.87637925148010254,-0.27449837327003479,-0.90695005655288696,0.31951871514320374,0.92040568590164185,-0.15161214768886566,0.36037078499794006,-2.9642624855041504,5.4378190040588379,4.7017116546630859" boneRefs="5"/>
      <Rigid refID="3" transformation="-0.19081699848175049,-0.9787101149559021,0.075600393116474152,-0.34123659133911133,0.13834798336029053,0.92974060773849487,-0.92040562629699707,0.15161274373531342,-0.36037075519561768,-2.3891782760620117,4.7001700401306152,1.8542518615722656" boneRefs="6,7,8,9,10,11,12"/>
      <Rigid refID="4" transformation="0,0.14718294143676758,0.9891093373298645,0,-0.98910927772521973,0.14718294143676758,1.0000001192092896,0,0,0.77111208438873291,3.8497023582458496,-1.2000026702880859" boneRefs="13"/>
      <Rigid refID="5" transformation="0.92040598392486572,-0.15161162614822388,0.36037111282348633,-0.08914368599653244,-0.97885030508041382,-0.18413445353507996,0.38066628575325012,0.13735358417034149,-0.91445457935333252,-3.263237476348877,4.1427512168884277,2.7837848663330078" boneRefs="14,15"/>
      <Rigid refID="6" transformation="1,0,0,0,1,0,0,0,1,1.6000000238418579,5.2097020149230957,-0.80000495910644531" boneRefs="16,17,18,19,20,21,22"/>
      <Rigid refID="7" transformation="1,0,0,0,1,0,0,0,1,1.2000023126602173,2.9697022438049316,-0.40000343322753906" boneRefs="23,24,25,26,27,28"/>
      <Rigid refID="8" transformation="0.97661668062210083,-0.21498861908912659,0,-0.21498861908912659,-0.97661656141281128,0,0,0,-1,1.2000042200088501,3.8497018814086914,0.028886795043945313" boneRefs="29"/>
      <Rigid refID="9" transformation="-0.92771369218826294,-0.37329259514808655,0,0.37329259514808655,-0.92771369218826294,0,0,0,0.99999994039535522,2.0000033378601074,3.8497021198272705,-1.6288967132568359" boneRefs="30"/>
      <Rigid refID="10" transformation="-0.91799730062484741,0.20208545029163361,-0.3412366509437561,0.27816489338874817,0.94138914346694946,-0.19081652164459229,0.28267520666122437,-0.27008911967277527,-0.92040568590164185,4.2254977226257324,3.905571460723877,3.0462245941162109" boneRefs="31,32,33,34,35,36,37"/>
      <Rigid refID="11" transformation="0,-0.40986204147338867,-0.9121476411819458,0,-0.91214752197265625,0.40986204147338867,-1.0000001192092896,0,0,2.4288897514343262,3.8497018814086914,-0.40000724792480469" boneRefs="38"/>
      <Rigid refID="12" transformation="0.95889806747436523,0.054870516061782837,0.27839478850364685,0.024688024073839188,0.96127080917358398,-0.27449765801429749,-0.28267461061477661,0.27008828520774841,0.92040610313415527,5.2957701683044434,3.5747091770172119,4.7920856475830078" boneRefs="39,40,41,42"/>
      <Rigid refID="13" transformation="-0.3306160569190979,-0.091803707182407379,0.93928980827331543,0.87202990055084229,0.35088726878166199,0.34123650193214417,-0.36091142892837524,0.93190699815750122,-0.035953257232904434,-0.68548810482025146,2.7691159248352051,-4.7842960357666016" boneRefs="43,44,45"/>
      <Rigid refID="14" transformation="-0.9392896294593811,-0.10486795008182526,-0.32670742273330688,-0.34123644232749939,0.38526237010955811,0.85739791393280029,0.035954441875219345,0.91682940721511841,-0.39765730500221252,5.5125503540039062,2.7442553043365479,-2.8601703643798828" boneRefs="46,47,48"/>
      <Rigid refID="15" transformation="0.95889818668365479,0.054871786385774612,0.27839502692222595,-0.02468704991042614,-0.96127063035964966,0.27449846267700195,0.28267517685890198,-0.27008876204490662,-0.9204058051109314,7.0540461540222168,3.4463105201721191,4.5005855560302734" boneRefs="49"/>
      <Rigid refID="16" transformation="0.28267678618431091,-0.27008840441703796,-0.92040568590164185,-0.52089411020278931,-0.8489539623260498,0.089143455028533936,-0.80545872449874878,0.4542350172996521,-0.380666583776474,5.0266432762145996,2.7037365436553955,4.0632381439208984" boneRefs="50,51"/>
      <Rigid refID="17" transformation="0.95889818668365479,0.054871786385774612,0.27839502692222595,-0.02468704991042614,-0.96127063035964966,0.27449846267700195,0.28267517685890198,-0.27008876204490662,-0.9204058051109314,7.2801871299743652,3.2302401065826416,3.7642650604248047" boneRefs="52"/>
      <Joint type="hinge">
        <RigidRef rigidRef="1" a="0,1,0" z="0,0,1" t="0,0.31999999284744263,0"/>
        <RigidRef rigidRef="0" a="0,-0.9999997615814209,0" z="0,0,-0.99999994039535522" t="1.5978074073791504,-0.31999990344047546,-0.79999703168869019"/>
      </Joint>
      <Joint type="hinge">
        <RigidRef rigidRef="2" a="0,1,0" z="0,0,1" t="0,0.31999999284744263,0"/>
        <RigidRef rigidRef="0" a="0,-0.9999997615814209,0" z="0,0,-0.99999994039535522" t="1.5978076457977295,-0.31999963521957397,-1.599994421005249"/>
      </Joint>
      <Joint type="hinge">
        <RigidRef rigidRef="3" a="0,0,-1.0000001192092896" z="1.0000001192092896,0,0" t="0,0.56800001859664917,-0.1600000262260437"/>
        <RigidRef rigidRef="0" a="0,0,-1" z="-0.2652631402015686,-0.96417593955993652,0" t="-0.79999780654907227,0.24799443781375885,-1.3750004768371582"/>
      </Joint>
      <Joint type="hinge">
        <RigidRef rigidRef="4" a="-0.93997752666473389,0,0.34123685956001282" z="0,-1.0000001192092896,0" t="1.9735599756240845,0,-2.8209900856018066"/>
        <RigidRef rigidRef="3" a="0,-1.0000001192092896,0" z="-0.97917848825454712,0,0.20300176739692688" t="0.40000084042549133,-1.2180044651031494,0"/>
      </Joint>
      <Joint type="hinge">
        <RigidRef rigidRef="5" a="-1,0,0" z="0,0,0.99999994039535522" t="-0.17499999701976776,0.24799999594688416,0.80000001192092896"/>
        <RigidRef rigidRef="3" a="0,0,1.0000002384185791" z="-0.27620011568069458,-0.96109998226165771,0" t="0.80000293254852295,0.24798987805843353,0.56000030040740967"/>
      </Joint>
      <Joint type="hinge">
        <RigidRef rigidRef="6" a="-1.0000001192092896,0,0" z="0,0,1.0000001192092896" t="-0.82888925075531006,-1.3599998950958252,-0.40000227093696594"/>
        <RigidRef rigidRef="4" a="0,0,-1" z="0.98910939693450928,0.14718301594257355,0" t="0,0,0"/>
      </Joint>
      <Joint type="hinge">
        <RigidRef rigidRef="7" a="0,-1,0" z="-1,0,0" t="0.40000000596046448,0.10999999940395355,-0.40000000596046448"/>
        <RigidRef rigidRef="6" a="0,-1,0" z="1,0,0" t="0,-2.1300227642059326,0"/>
      </Joint>
      <Joint type="hinge">
        <RigidRef rigidRef="8" a="0,0,-1" z="0,-1,0" t="0,0,0"/>
        <RigidRef rigidRef="6" a="0,0,1" z="0.21498861908912659,0.97661656141281128,0" t="-0.39999580383300781,-1.3600001335144043,0.82889175415039063"/>
      </Joint>
      <Joint type="hinge">
        <RigidRef rigidRef="9" a="0,0,-1" z="0,-1,0" t="0,0,0"/>
        <RigidRef rigidRef="6" a="0,0,-0.99999994039535522" z="-0.37329259514808655,0.92771369218826294,0" t="0.40000343322753906,-1.3599998950958252,-0.82889169454574585"/>
      </Joint>
      <Joint type="hinge">
        <RigidRef rigidRef="11" a="0,0,-1" z="0,-1,0" t="0,0,0"/>
        <RigidRef rigidRef="6" a="1.0000001192092896,0,0" z="0,0.91214758157730103,-0.40986204147338867" t="0.82888972759246826,-1.3600001335144043,0.39999771118164063"/>
      </Joint>
      <Joint type="hinge">
        <RigidRef rigidRef="10" a="1,0,0" z="0,0,-1" t="1.378002405166626,-0.71999961137771606,0"/>
        <RigidRef rigidRef="8" a="-0.93997740745544434,0,0.34123659133911133" z="-0.33413127064704895,-0.20300163328647614,-0.92040574550628662" t="1.5975693464279175,0,-2.6844978332519531"/>
      </Joint>
      <Joint type="hinge">
        <RigidRef rigidRef="13" a="0,0.99999994039535522,0" z="1,0,0" t="0,1.1380000114440918,0"/>
        <RigidRef rigidRef="9" a="-0.93997758626937866,0,0.34123647212982178" z="0.34098663926124573,-0.038248918950557709,0.93928980827331543" t="1.8250472545623779,0,-2.7670722007751465"/>
      </Joint>
      <Joint type="hinge">
        <RigidRef rigidRef="12" a="0,0,1.0000001192092896" z="-1,0,0" t="-0.79999715089797974,0.24799808859825134,-0.62499743700027466"/>
        <RigidRef rigidRef="10" a="0,0,-1.0000001192092896" z="0.96417587995529175,-0.26526409387588501,0" t="-0.80799800157546997,-0.31999364495277405,-0.59000211954116821"/>
      </Joint>
      <Joint type="hinge">
        <RigidRef rigidRef="16" a="-1,0,0" z="0,0,0.99999994039535522" t="-0.17499999701976776,0.24799999594688416,0.80000001192092896"/>
        <RigidRef rigidRef="10" a="0,0,-1.0000002384185791" z="0.96110051870346069,0.27619895339012146,0" t="-0.48798695206642151,-1.1200007200241089,-0.55999773740768433"/>
      </Joint>
      <Joint type="hinge">
        <RigidRef rigidRef="14" a="0,0.99999994039535522,0" z="1,0,0" t="0,1.1380000114440918,0"/>
        <RigidRef rigidRef="11" a="-0.93997758626937866,0,0.34123632311820984" z="0.34098675847053528,-0.03825027123093605,0.93928951025009155" t="1.6274170875549316,0,-2.6953330039978027"/>
      </Joint>
      <Joint type="hinge">
        <RigidRef rigidRef="15" a="0,1,0" z="0,0,1" t="0,0.31999999284744263,0"/>
        <RigidRef rigidRef="12" a="0,-0.99999994039535522,0" z="0,0,-0.99999994039535522" t="1.5978108644485474,-0.32000154256820679,-0.79999709129333496"/>
      </Joint>
      <Joint type="hinge">
        <RigidRef rigidRef="17" a="0,1,0" z="0,0,1" t="0,0.31999999284744263,0"/>
        <RigidRef rigidRef="12" a="0,-0.99999994039535522,0" z="0,0,-0.99999994039535522" t="1.5978130102157593,-0.32000255584716797,-1.5999934673309326"/>
      </Joint>
    </RigidSystem>
  </RigidSystems>
  <GroupSystems>
    <GroupSystem>
    </GroupSystem>
  </GroupSystems>
</LXFML>
