<?xml version="1.0" encoding="UTF-8" standalone="no" ?>
<LXFML versionMajor="5" versionMinor="0">
  <Meta>
    <Application name="CCOP" versionMajor="0" versionMinor="0"/>
    <Brand name="LEGOUniverse"/>
    <BrickSet version="228"/>
  </Meta>
  <Bricks>
    <Brick refID="0" designID="50746">
      <Part refID="0" designID="50746" materials="199">
        <Bone refID="0" transformation="0,0,-1,0,0.99999994039535522,0,1,0,0,3.5999972820281982,3.2000010013580322,-2.7999968528747559">
        </Bone>
      </Part>
    </Brick>
    <Brick refID="1" designID="32064">
      <Part refID="1" designID="32064" materials="199">
        <Bone refID="1" transformation="1,0,0,0,1,0,0,0,1,2.7999980449676514,2.2400007247924805,-2.7999987602233887">
        </Bone>
      </Part>
    </Brick>
    <Brick refID="2" designID="50746">
      <Part refID="2" designID="50746" materials="199">
        <Bone refID="2" transformation="0,0,1,0,0.99999994039535522,0,-1,0,0,2.7999980449676514,3.2000010013580322,-2.7999968528747559">
        </Bone>
      </Part>
    </Brick>
    <Brick refID="3" designID="50746">
      <Part refID="3" designID="50746" materials="192">
        <Bone refID="3" transformation="0.99999994039535522,0,0,0,0,1,0,-1,0,3.5999991893768311,0.87999993562698364,0.011866331100463867">
        </Bone>
      </Part>
    </Brick>
    <Brick refID="4" designID="6541">
      <Part refID="4" designID="6541" materials="192">
        <Bone refID="4" transformation="0.99999994039535522,0,0,0,0,1,0,-1,0,3.5999987125396729,0.88000005483627319,-0.9481346607208252">
        </Bone>
      </Part>
    </Brick>
    <Brick refID="5" designID="3741">
      <Part refID="5" designID="3741" materials="28">
        <Bone refID="5" transformation="1,0,0,0,1,0,0,0,1,3.1999990940093994,1.2800003290176392,-1.5999958515167236">
        </Bone>
      </Part>
    </Brick>
    <Brick refID="6" designID="4070">
      <Part refID="6" designID="4070" materials="192">
        <Bone refID="6" transformation="1,0,0,0,1,0,0,0,1,3.5999987125396729,0.32000011205673218,-1.1999962329864502">
        </Bone>
      </Part>
    </Brick>
    <Brick refID="7" designID="3037">
      <Part refID="7" designID="3037" materials="192">
        <Bone refID="7" transformation="0,0,1,0,0.99999994039535522,0,-1,0,0,2.7999975681304932,0.32000008225440979,-1.9881339073181152">
        </Bone>
      </Part>
    </Brick>
    <Brick refID="8" designID="3040">
      <Part refID="8" designID="3040" materials="192">
        <Bone refID="8" transformation="0,0,-1,0,0.99999994039535522,0,1,0,0,3.5999987125396729,0.32000043988227844,-1.9999957084655762">
        </Bone>
      </Part>
    </Brick>
    <Brick refID="9" designID="3031">
      <Part refID="9" designID="3031" materials="192">
        <Bone refID="9" transformation="1,0,0,0,1,0,0,0,1,1.9999983310699463,0,2.8118655681610107">
        </Bone>
      </Part>
    </Brick>
    <Brick refID="10" designID="4861">
      <Part refID="10" designID="4861" materials="192">
        <Bone refID="10" transformation="1,0,0,0,1,0,0,0,1,3.5999987125396729,0.3200000524520874,1.2118651866912842">
        </Bone>
      </Part>
    </Brick>
    <Brick refID="11" designID="2420">
      <Part refID="11" designID="2420" materials="192">
        <Bone refID="11" transformation="1,0,0,0,1,0,0,0,1,3.5999987125396729,0,-1.1999962329864502">
        </Bone>
      </Part>
    </Brick>
    <Brick refID="12" designID="50746">
      <Part refID="12" designID="50746" materials="192">
        <Bone refID="12" transformation="0,0,-1,0,0.99999994039535522,0,1,0,0,4.4000000953674316,0.64000004529953003,-1.1881344318389893">
        </Bone>
      </Part>
    </Brick>
    <Brick refID="13" designID="3623">
      <Part refID="13" designID="3623" materials="192">
        <Bone refID="13" transformation="0,0,1,0,0.99999994039535522,0,-1,0,0,4.4000000953674316,0.3200000524520874,-1.1881346702575684">
        </Bone>
      </Part>
    </Brick>
    <Brick refID="14" designID="50746">
      <Part refID="14" designID="50746" materials="192">
        <Bone refID="14" transformation="0,0,-1,0,0.99999994039535522,0,1,0,0,4.4000000953674316,0.64000004529953003,0.41186404228210449">
        </Bone>
      </Part>
    </Brick>
    <Brick refID="15" designID="50746">
      <Part refID="15" designID="50746" materials="192">
        <Bone refID="15" transformation="0,0,-1,0,0.99999994039535522,0,1,0,0,4.4000000953674316,0.64000004529953003,-0.38813519477844238">
        </Bone>
      </Part>
    </Brick>
    <Brick refID="16" designID="3022">
      <Part refID="16" designID="3022" materials="192">
        <Bone refID="16" transformation="1,0,0,0,1,0,0,0,1,1.9999983310699463,0,-0.39999508857727051">
        </Bone>
      </Part>
    </Brick>
    <Brick refID="17" designID="60481">
      <Part refID="17" designID="60481" materials="199">
        <Bone refID="17" transformation="0,0,-1,0,0.99999994039535522,0,1,0,0,3.5999987125396729,0.32000041007995605,-2.7999968528747559">
        </Bone>
      </Part>
    </Brick>
    <Brick refID="18" designID="3020">
      <Part refID="18" designID="3020" materials="192">
        <Bone refID="18" transformation="1,0,0,0,1,0,0,0,1,1.9999983310699463,0,-1.9999971389770508">
        </Bone>
      </Part>
    </Brick>
    <Brick refID="19" designID="60481">
      <Part refID="19" designID="60481" materials="199">
        <Bone refID="19" transformation="0,0,1,0,0.99999994039535522,0,-1,0,0,2.7999975681304932,0.32000041007995605,-2.7999968528747559">
        </Bone>
      </Part>
    </Brick>
    <Brick refID="20" designID="4274">
      <Part refID="20" designID="4274" materials="192">
        <Bone refID="20" transformation="0.99999994039535522,0,0,0,0,-1,0,1,0,3.6000010967254639,1.2800006866455078,-0.36813688278198242">
        </Bone>
      </Part>
    </Brick>
    <Brick refID="21" designID="48729">
      <Part refID="21" designID="48729" materials="1">
        <Bone refID="21" transformation="0.92094331979751587,0,-0.38969656825065613,0,1,0,0.38969656825065613,0,0.92094331979751587,3.6000010967254639,0.60100066661834717,-0.36813688278198242">
        </Bone>
      </Part>
    </Brick>
    <Brick refID="22" designID="59230">
      <Part refID="22" designID="59230" materials="1">
        <Bone refID="22" transformation="0.97176039218902588,0.17364826798439026,0.15977445244789124,0.039252359420061111,-0.78661966323852539,0.61618888378143311,0.23268187046051025,-0.59251648187637329,-0.77122199535369873,-1.6510708332061768,3.9828038215637207,0.58890581130981445">
        </Bone>
      </Part>
    </Brick>
    <Brick refID="23" designID="60115">
      <Part refID="23" designID="60115" materials="1">
        <Bone refID="23" transformation="0.98675161600112915,0,0.16223825514316559,0,1,0,-0.16223825514316559,0,0.98675161600112915,-2.8000004291534424,2.480032205581665,0.40000200271606445">
        </Bone>
      </Part>
    </Brick>
    <Brick refID="24" designID="59230">
      <Part refID="24" designID="59230" materials="1">
        <Bone refID="24" transformation="0.97176092863082886,-0.17364676296710968,0.15977413952350616,-0.03886718675494194,-0.78564053773880005,-0.61746120452880859,0.23274517059326172,0.59381461143493652,-0.77020382881164551,-3.1601269245147705,3.9828107357025146,0.3407902717590332">
        </Bone>
      </Part>
    </Brick>
    <Brick refID="25" designID="3878">
      <Part refID="25" designID="3878" materials="26">
        <Bone refID="25" transformation="0.90791898965835571,0,-0.41914564371109009,0,1,0,0.41914564371109009,0,0.90791898965835571,-2.4053013324737549,5.200131893157959,0.46489763259887695">
        </Bone>
      </Part>
    </Brick>
    <Brick refID="26" designID="3626">
      <Part refID="26" designID="3626" materials="1,0,0,0" decoration="57755,0,0">
        <Bone refID="26" transformation="0.90791910886764526,0,-0.41914570331573486,0,1,0,0.41914570331573486,0,0.90791910886764526,-2.405296802520752,4.2401318550109863,0.4648972749710083">
        </Bone>
      </Part>
    </Brick>
    <Brick refID="27" designID="6266">
      <Part refID="27" designID="6266" materials="1">
        <Bone refID="27" transformation="0.9867514967918396,0,0.16223897039890289,0.13298772275447845,0.57278931140899658,-0.80884277820587158,-0.092928729951381683,0.8197026252746582,0.56520074605941772,-2.0105984210968018,2.480032205581665,0.52979326248168945">
        </Bone>
      </Part>
    </Brick>
    <Brick refID="28" designID="6266">
      <Part refID="28" designID="6266" materials="1">
        <Bone refID="28" transformation="0.98675161600112915,0,0.16223825514316559,0,1,0,-0.16223825514316559,0,0.98675161600112915,-2.8000004291534424,2.480032205581665,0.40000200271606445">
        </Bone>
      </Part>
    </Brick>
    <Brick refID="29" designID="3070">
      <Part refID="29" designID="3070" materials="199">
        <Bone refID="29" transformation="1,0,0,0,1,0,0,0,1,-2.3999989032745361,2.9600317478179932,-2.7999987602233887">
        </Bone>
      </Part>
    </Brick>
    <Brick refID="30" designID="3024">
      <Part refID="30" designID="3024" materials="199">
        <Bone refID="30" transformation="1,0,0,0,1,0,0,0,1,-2.3999989032745361,2.6400320529937744,-2.7999987602233887">
        </Bone>
      </Part>
    </Brick>
    <Brick refID="31" designID="4216">
      <Part refID="31" designID="4216" materials="199">
        <Bone refID="31" transformation="1,0,0,0,1,0,0,0,1,-3.199998140335083,1.6800320148468018,-2.7999987602233887">
        </Bone>
      </Part>
    </Brick>
    <Brick refID="32" designID="50746">
      <Part refID="32" designID="50746" materials="199">
        <Bone refID="32" transformation="0,0,1,0,0.99999994039535522,0,-1,0,0,-3.199998140335083,2.6400320529937744,-2.7999987602233887">
        </Bone>
      </Part>
    </Brick>
    <Brick refID="33" designID="3622">
      <Part refID="33" designID="3622" materials="199">
        <Bone refID="33" transformation="1,0,0,0,1,0,0,0,1,-3.199998140335083,0.72003191709518433,-2.7999987602233887">
        </Bone>
      </Part>
    </Brick>
    <Brick refID="34" designID="3037">
      <Part refID="34" designID="3037" materials="192">
        <Bone refID="34" transformation="0,0,-1,0,0.99999994039535522,0,1,0,0,-2.0000011920928955,0.40003198385238647,0.40000200271606445">
        </Bone>
      </Part>
    </Brick>
    <Brick refID="35" designID="3035">
      <Part refID="35" designID="3035" materials="192">
        <Bone refID="35" transformation="0,0,1,0,0.99999994039535522,0,-1,0,0,-3.5999996662139893,0.080031953752040863,-2.7999987602233887">
        </Bone>
      </Part>
    </Brick>
    <Brick refID="36" designID="3037">
      <Part refID="36" designID="3037" materials="192">
        <Bone refID="36" transformation="0,0,1,0,0.99999994039535522,0,-1,0,0,-2.8000004291534424,0.40003198385238647,-1.999997615814209">
        </Bone>
      </Part>
    </Brick>
    <Brick refID="37" designID="4861">
      <Part refID="37" designID="4861" materials="192">
        <Bone refID="37" transformation="1,0,0,0,1,0,0,0,1,-2.0000011920928955,0.40003198385238647,1.2000012397766113">
        </Bone>
      </Part>
    </Brick>
    <Brick refID="38" designID="3794">
      <Part refID="38" designID="3794" materials="192">
        <Bone refID="38" transformation="1,0,0,0,1,0,0,0,1,-2.0000011920928955,0.40003198385238647,-2.7999987602233887">
        </Bone>
      </Part>
    </Brick>
    <Brick refID="39" designID="3794">
      <Part refID="39" designID="3794" materials="192">
        <Bone refID="39" transformation="1,0,0,0,1,0,0,0,1,-3.5999996662139893,0.40003198385238647,-2.7999987602233887">
        </Bone>
      </Part>
    </Brick>
    <Brick refID="40" designID="30238">
      <Part refID="40" designID="30238" materials="26">
        <Bone refID="40" transformation="-0.77430897951126099,0.63280773162841797,0,0,0,1,0.63280773162841797,0.77430903911590576,0,-1.5999996662139893,2.2400319576263428,-2.3999972343444824">
        </Bone>
      </Part>
    </Brick>
    <Brick refID="41" designID="50746">
      <Part refID="41" designID="50746" materials="199">
        <Bone refID="41" transformation="0,0,-1,0,0.99999994039535522,0,1,0,0,-1.5999996662139893,2.6400320529937744,-2.7999968528747559">
        </Bone>
      </Part>
    </Brick>
    <Brick refID="42" designID="87087">
      <Part refID="42" designID="87087" materials="199">
        <Bone refID="42" transformation="1,0,0,0,1,0,0,0,1,-1.5999996662139893,1.6800320148468018,-2.7999968528747559">
        </Bone>
      </Part>
    </Brick>
  </Bricks>
  <RigidSystems>
    <RigidSystem>
      <Rigid refID="0" transformation="0,0,-1,0,0.99999994039535522,0,1,0,0,2.7999973297119141,3.1999897956848145,-5.1999969482421875" boneRefs="0,1,2,3,4,5,6,7,8,9,10,11,12,13,14,15,16,17,18,19"/>
      <Rigid refID="1" transformation="0.99999994039535522,0,0,0,0,-1,0,1,0,2.8000011444091797,1.27998948097229,-2.7681369781494141" boneRefs="20"/>
      <Rigid refID="2" transformation="0.92094331979751587,0,-0.38969656825065613,0,1,0,0.38969656825065613,0,0.92094331979751587,2.8000011444091797,0.60098952054977417,-2.7681369781494141" boneRefs="21"/>
      <Joint type="hinge">
        <RigidRef rigidRef="1" a="0,0,-1.0000001192092896" z="1.0000001192092896,0,0" t="0,0,-0.80000013113021851"/>
        <RigidRef rigidRef="0" a="0,-1.0000002384185791,0" z="0,0,1" t="-2.4318599700927734,-2.7200007438659668,0"/>
      </Joint>
      <Joint type="hinge">
        <RigidRef rigidRef="2" a="0,-0.99999994039535522,0" z="1,0,0" t="0,0.10000000149011612,0"/>
        <RigidRef rigidRef="1" a="0,0,-0.99999994039535522" z="0.92094343900680542,0.38969659805297852,0" t="0,0,-0.57899993658065796"/>
      </Joint>
    </RigidSystem>
    <RigidSystem>
      <Rigid refID="3" transformation="0.97176039218902588,0.17364826798439026,0.15977445244789124,0.039252359420061111,-0.78661966323852539,0.61618888378143311,0.23268187046051025,-0.59251648187637329,-0.77122199535369873,-2.4510707855224609,3.9827926158905029,-1.8110942840576172" boneRefs="22"/>
      <Rigid refID="4" transformation="0.98675161600112915,0,0.16223825514316559,0,1,0,-0.16223825514316559,0,0.98675161600112915,-3.6000003814697266,2.4800209999084473,-1.9999980926513672" boneRefs="23"/>
      <Rigid refID="5" transformation="0.97176092863082886,-0.17364676296710968,0.15977413952350616,-0.03886718675494194,-0.78564053773880005,-0.61746120452880859,0.23274517059326172,0.59381461143493652,-0.77020382881164551,-3.9601268768310547,3.9827995300292969,-2.0592098236083984" boneRefs="24"/>
      <Rigid refID="6" transformation="0.90791898965835571,0,-0.41914564371109009,0,1,0,0.41914564371109009,0,0.90791898965835571,-3.2053012847900391,5.2001209259033203,-1.9351024627685547" boneRefs="25,26"/>
      <Rigid refID="7" transformation="0.9867514967918396,0,0.16223897039890289,0.13298772275447845,0.57278931140899658,-0.80884277820587158,-0.092928729951381683,0.8197026252746582,0.56520074605941772,-2.8105983734130859,2.4800209999084473,-1.8702068328857422" boneRefs="27"/>
      <Rigid refID="8" transformation="0.98675161600112915,0,0.16223825514316559,0,1,0,-0.16223825514316559,0,0.98675161600112915,-3.6000003814697266,2.4800209999084473,-1.9999980926513672" boneRefs="28"/>
      <Rigid refID="9" transformation="1,0,0,0,1,0,0,0,1,-3.1999988555908203,2.9600205421447754,-5.1999988555908203" boneRefs="29,30,31,32,33,34,35,36,37,38,39"/>
      <Rigid refID="10" transformation="-0.77430897951126099,0.63280773162841797,0,0,0,1,0.63280773162841797,0.77430903911590576,0,-2.3999996185302734,2.240020751953125,-4.7999973297119141" boneRefs="40"/>
      <Rigid refID="11" transformation="0,0,-1,0,0.99999994039535522,0,1,0,0,-2.3999996185302734,2.6400208473205566,-5.1999969482421875" boneRefs="41,42"/>
      <Joint type="hinge">
        <RigidRef rigidRef="4" a="-0.98480772972106934,-0.17364822328090668,0" z="0,0,1" t="1.0073100328445435,1.4750800132751465,0"/>
        <RigidRef rigidRef="3" a="-1.0000001192092896,0,0" z="0,0.60165715217590332,-0.79875451326370239" t="-0.15946820378303528,0,0"/>
      </Joint>
      <Joint type="hinge">
        <RigidRef rigidRef="6" a="0,-0.99999994039535522,0" z="0,0,1.0000001192092896" t="0,-0.96000003814697266,0"/>
        <RigidRef rigidRef="4" a="0,-0.99999994039535522,0" z="0,0,1" t="0.40000000596046448,1.7601000070571899,0"/>
      </Joint>
      <Joint type="hinge">
        <RigidRef rigidRef="5" a="1,0,0" z="0,0,0.99999994039535522" t="0.16002099215984344,0,0"/>
        <RigidRef rigidRef="4" a="0.98480814695358276,-0.17364673316478729,0" z="0.10470513999462128,0.59381455183029175,-0.797760009765625" t="-0.20737186074256897,1.4749913215637207,0"/>
      </Joint>
      <Joint type="hinge">
        <RigidRef rigidRef="8" a="1,0,0" z="0,0,0.99999994039535522" t="0.15999999642372131,0,0"/>
        <RigidRef rigidRef="4" a="1,0,0" z="0,0,0.99999994039535522" t="0.16000005602836609,0,0"/>
      </Joint>
      <Joint type="hinge">
        <RigidRef rigidRef="7" a="-1,0,0" z="0,0,0.99999994039535522" t="-0.15999999642372131,0,0"/>
        <RigidRef rigidRef="4" a="-1,0,0" z="0,0.81970256567001343,0.57278931140899658" t="0.64000076055526733,0,0"/>
      </Joint>
      <Joint type="hinge">
        <RigidRef rigidRef="9" a="0,0.99999994039535522,0" z="-1,0,0" t="-0.40000158548355103,-1.5999997854232788,3.2000010013580322"/>
        <RigidRef rigidRef="8" a="0,1,0" z="0,0,1" t="0,-1.1200000047683716,0"/>
      </Joint>
      <Joint type="hinge">
        <RigidRef rigidRef="11" a="0,1.0000001192092896,0" z="-1,0,0" t="0,-0.96000009775161743,0"/>
        <RigidRef rigidRef="9" a="0,1,0" z="0,0,1" t="0.80000078678131104,-1.2799997329711914,0"/>
      </Joint>
      <Joint type="hinge">
        <RigidRef rigidRef="11" a="-1,0,0" z="0,-1.0000001192092896,0" t="-0.39999985694885254,-0.40000009536743164,0"/>
        <RigidRef rigidRef="10" a="0,1,0" z="0,0,1" t="0,0,0"/>
      </Joint>
    </RigidSystem>
  </RigidSystems>
  <GroupSystems>
    <GroupSystem>
    </GroupSystem>
  </GroupSystems>
</LXFML>
