<?xml version="1.0" encoding="UTF-8" standalone="no" ?>
<LXFML versionMajor="5" versionMinor="0">
  <Meta>
    <Application name="LEGO Universe" versionMajor="0" versionMinor="0"/>
    <Brand name="LEGOUniverse"/>
    <BrickSet version="434"/>
  </Meta>
  <Bricks>
    <Brick refID="0" designID="59229">
      <Part refID="0" designID="59229" materials="199">
        <Bone refID="0" transformation="-0.99242657423019409,0.039256144315004349,0.11639799177646637,0.065710060298442841,-0.63094049692153931,0.77304363250732422,0.10378692299127579,0.77483755350112915,0.62358307838439941,-2.1999096870422363,5.7775788307189941,0.73252922296524048">
        </Bone>
      </Part>
    </Brick>
    <Brick refID="1" designID="63965">
      <Part refID="1" designID="63965" materials="192">
        <Bone refID="1" transformation="0.99242639541625977,-0.039260286837816238,-0.11639830470085144,0.10379017144441605,0.77483868598937988,0.6235806941986084,0.065707944333553314,-0.63093888759613037,0.7730451226234436,-2.6981053352355957,2.058354377746582,-2.260657787322998">
        </Bone>
      </Part>
    </Brick>
    <Brick refID="2" designID="59230">
      <Part refID="2" designID="59230" materials="194">
        <Bone refID="2" transformation="0.98480814695358276,-0.16781851649284363,0.044611230492591858,0.139214888215065,0.60947722196578979,-0.78048515319824219,0.10379030555486679,0.77483856678009033,0.62358081340789795,-2.3549618721008301,3.9323391914367676,-2.7860846519470215">
        </Bone>
      </Part>
    </Brick>
    <Brick refID="3" designID="60115">
      <Part refID="3" designID="60115" materials="194">
        <Bone refID="3" transformation="1,0,0,0,0.96643435955047607,-0.25691413879394531,0,0.2569141685962677,0.9664342999458313,-1.9899981021881104,2.4800007343292236,-2.4000005722045898">
        </Bone>
      </Part>
    </Brick>
    <Brick refID="4" designID="59230">
      <Part refID="4" designID="59230" materials="194">
        <Bone refID="4" transformation="-0.98480796813964844,-0.16781872510910034,0.044610463082790375,-0.16725195944309235,0.98578172922134399,0.016173502430319786,-0.04669039323925972,0.0084666823968291283,-0.99887365102767944,-0.8255997896194458,3.9323382377624512,-2.7860867977142334">
        </Bone>
      </Part>
    </Brick>
    <Brick refID="5" designID="48457">
      <Part refID="5" designID="48457" materials="194">
        <Bone refID="5" transformation="1,0,0,0,1.0000002384185791,0,0,0,1,-1.5999985933303833,0.64000046253204346,-2.4000000953674316">
        </Bone>
      </Part>
    </Brick>
    <Brick refID="6" designID="3626">
      <Part refID="6" designID="3626" materials="194,0,0,0" decoration="57755,0,0">
        <Bone refID="6" transformation="0.9957200288772583,-0.0237442497164011,-0.089318856596946716,0,0.96643441915512085,-0.2569134533405304,0.0924210324883461,0.25581386685371399,0.96229809522628784,-1.5899966955184937,4.1810226440429687,-2.8521950244903564">
        </Bone>
      </Part>
    </Brick>
    <Brick refID="7" designID="30381">
      <Part refID="7" designID="30381" materials="194">
        <Bone refID="7" transformation="0.99572032690048218,-0.023743025958538055,-0.089315876364707947,0,0.96643674373626709,-0.25690469145774841,0.09241783618927002,0.25580516457557678,0.96230071783065796,-1.5899983644485474,5.108799934387207,-3.0988311767578125">
        </Bone>
      </Part>
    </Brick>
    <Brick refID="8" designID="3741">
      <Part refID="8" designID="3741" materials="37">
        <Bone refID="8" transformation="1,0,0,0,1,0,0,0,1,-2.0000004768371582,0.64000105857849121,-0.40000194311141968">
        </Bone>
      </Part>
    </Brick>
    <Brick refID="9" designID="3024">
      <Part refID="9" designID="3024" materials="192">
        <Bone refID="9" transformation="1,0,0,0,1,0,0,0,1,-2.0000004768371582,0.32000097632408142,-0.40000194311141968">
        </Bone>
      </Part>
    </Brick>
    <Brick refID="10" designID="30503">
      <Part refID="10" designID="30503" materials="192">
        <Bone refID="10" transformation="1,0,0,0,1,0,0,0,1,-2.0000004768371582,0,-2.8000013828277588">
        </Bone>
      </Part>
    </Brick>
    <Brick refID="11" designID="3794">
      <Part refID="11" designID="3794" materials="192">
        <Bone refID="11" transformation="-1,0,0,0,1,0,0,0,-1,-1.2000011205673218,0.32000100612640381,-1.2000021934509277">
        </Bone>
      </Part>
    </Brick>
    <Brick refID="12" designID="3626">
      <Part refID="12" designID="3626" materials="191,0,0,0" decoration="0,0,0">
        <Bone refID="12" transformation="1,0,0,0,1,0,0,0,1,-1.600002646446228,0.64000099897384644,-1.2000021934509277">
        </Bone>
      </Part>
    </Brick>
    <Brick refID="13" designID="3794">
      <Part refID="13" designID="3794" materials="192">
        <Bone refID="13" transformation="0,0,1,0,0.99999994039535522,0,-1,0,0,-0.39999806880950928,0.3200010359287262,-2.8000013828277588">
        </Bone>
      </Part>
    </Brick>
    <Brick refID="14" designID="3626">
      <Part refID="14" designID="3626" materials="191,0,0,0" decoration="0,0,0">
        <Bone refID="14" transformation="1,0,0,0,1,0,0,0,1,-0.4000018835067749,0.64000105857849121,-2.4000000953674316">
        </Bone>
      </Part>
    </Brick>
    <Brick refID="15" designID="87580">
      <Part refID="15" designID="87580" materials="192">
        <Bone refID="15" transformation="1,0,0,0,1,0,0,0,1,-2.0000004768371582,0.32000097632408142,-2.0000004768371582">
        </Bone>
      </Part>
    </Brick>
    <Brick refID="16" designID="6255">
      <Part refID="16" designID="6255" materials="37">
        <Bone refID="16" transformation="-1,0,0,0,1,0,0,0,-1,0.40000104904174805,0.64000105857849121,-2.8000004291534424">
        </Bone>
      </Part>
    </Brick>
    <Brick refID="17" designID="3024">
      <Part refID="17" designID="3024" materials="192">
        <Bone refID="17" transformation="1,0,0,0,1,0,0,0,1,0.39999914169311523,0.32000109553337097,-2.8000013828277588">
        </Bone>
      </Part>
    </Brick>
  </Bricks>
  <RigidSystems>
    <RigidSystem>
      <Rigid refID="0" transformation="-0.99242657423019409,0.039256144315004349,0.11639799177646637,0.065710060298442841,-0.63094049692153931,0.77304363250732422,0.10378692299127579,0.77483755350112915,0.62358307838439941,-2.1999096870422363,5.7775788307189941,0.73252922296524048" boneRefs="0,1,2,3,4,5"/>
      <Rigid refID="1" transformation="0.9957200288772583,-0.0237442497164011,-0.089318856596946716,0,0.96643441915512085,-0.2569134533405304,0.0924210324883461,0.25581386685371399,0.96229809522628784,-1.5899966955184937,4.1810226440429687,-2.8521950244903564" boneRefs="6,7"/>
      <Rigid refID="2" transformation="1,0,0,0,1,0,0,0,1,-2.0000004768371582,0.64000105857849121,-0.40000194311141968" boneRefs="8,9,10,11,12,13,14,15,16,17"/>
      <Joint type="hinge">
        <RigidRef rigidRef="0" a="-0.0080341817811131477,0.80836844444274902,-0.58862209320068359" z="0.12257642298936844,0.58499819040298462,0.80171829462051392" t="-1.0852216482162476,-1.7237367630004883,-3.4091415405273438"/>
        <RigidRef rigidRef="1" a="0,-1,0" z="0,0,1" t="0,0,0"/>
      </Joint>
      <Joint type="hinge">
        <RigidRef rigidRef="0" a="0.03925611823797226,-0.63094073534011841,0.7748371958732605" z="0.11639798432588577,0.77304357290267944,0.62358254194259644" t="-1.1616690158843994,0.85934680700302124,-5.8719134330749512"/>
        <RigidRef rigidRef="2" a="0,1,0" z="0,0,1" t="0.40000000596046448,0,-1.9999984502792358"/>
      </Joint>
    </RigidSystem>
  </RigidSystems>
  <GroupSystems>
    <GroupSystem>
    </GroupSystem>
  </GroupSystems>
</LXFML>
