<?xml version="1.0" encoding="UTF-8" standalone="no" ?>
<LXFML versionMajor="5" versionMinor="0">
  <Meta>
    <Application name="CCOP" versionMajor="0" versionMinor="0"/>
    <Brand name="LEGOUniverse"/>
    <BrickSet version="215"/>
  </Meta>
  <Bricks>
    <Brick refID="0" designID="32015">
      <Part refID="0" designID="32015" materials="192">
        <Bone refID="0" transformation="0,0.56386423110961914,0.82586753368377686,0,-0.82586759328842163,0.56386417150497437,1,0,0,0.39999979734420776,1.1912360191345215,-0.79682332277297974">
        </Bone>
      </Part>
    </Brick>
    <Brick refID="1" designID="32062">
      <Part refID="1" designID="32062" materials="26">
        <Bone refID="1" transformation="1,0,0,0,0.83698767423629761,0.54722076654434204,0,-0.54722076654434204,0.83698767423629761,0.39999955892562866,0.77342754602432251,1.8681950569152832">
        </Bone>
      </Part>
    </Brick>
    <Brick refID="2" designID="32062">
      <Part refID="2" designID="32062" materials="26">
        <Bone refID="2" transformation="0.99999994039535522,0,0,0,-0.82586711645126343,0.56386393308639526,0,-0.56386387348175049,-0.82586699724197388,0.39999955892562866,0.74014496803283691,-1.4575169086456299">
        </Bone>
      </Part>
    </Brick>
    <Brick refID="3" designID="59443">
      <Part refID="3" designID="59443" materials="192">
        <Bone refID="3" transformation="1,0,0,0,0.83698767423629761,0.54722076654434204,0,-0.54722076654434204,0.83698767423629761,0.39999884366989136,0.33565053343772888,2.5377857685089111">
        </Bone>
      </Part>
    </Brick>
    <Brick refID="4" designID="59443">
      <Part refID="4" designID="59443" materials="192">
        <Bone refID="4" transformation="1,0,0,0,-0.82586711645126343,0.56386339664459229,0,-0.56386339664459229,-0.82586729526519775,0.39999932050704956,0.28905382752418518,-2.1182105541229248">
        </Bone>
      </Part>
    </Brick>
    <Brick refID="5" designID="6558">
      <Part refID="5" designID="6558" materials="26">
        <Bone refID="5" transformation="0,0.56386423110961914,0.82586753368377686,0,-0.82586759328842163,0.56386417150497437,1,0,0,0.7999998927116394,1.8678730726242065,0.19421744346618652">
        </Bone>
      </Part>
    </Brick>
    <Brick refID="6" designID="32015">
      <Part refID="6" designID="32015" materials="192">
        <Bone refID="6" transformation="0,0.56386423110961914,0.82586753368377686,0,-0.82586759328842163,0.56386423110961914,1,0,0,-1.2000002861022949,1.1912366151809692,-0.79682362079620361">
        </Bone>
      </Part>
    </Brick>
    <Brick refID="7" designID="32062">
      <Part refID="7" designID="32062" materials="26">
        <Bone refID="7" transformation="1,0,0,0,0.83698803186416626,0.54722094535827637,0,-0.54722088575363159,0.83698797225952148,-1.2000007629394531,0.77342778444290161,1.8681960105895996">
        </Bone>
      </Part>
    </Brick>
    <Brick refID="8" designID="32062">
      <Part refID="8" designID="32062" materials="26">
        <Bone refID="8" transformation="0.99999994039535522,0,0,0,-0.82586729526519775,0.56386429071426392,0,-0.56386435031890869,-0.8258671760559082,-1.200000524520874,0.74014467000961304,-1.4575176239013672">
        </Bone>
      </Part>
    </Brick>
    <Brick refID="9" designID="59443">
      <Part refID="9" designID="59443" materials="192">
        <Bone refID="9" transformation="1,0,0,0,0.83698791265487671,0.54722088575363159,0,-0.54722082614898682,0.83698785305023193,-1.2000010013580322,0.33565020561218262,2.5377860069274902">
        </Bone>
      </Part>
    </Brick>
    <Brick refID="10" designID="59443">
      <Part refID="10" designID="59443" materials="192">
        <Bone refID="10" transformation="0.99999994039535522,0,0,0,-0.8258674144744873,0.56386375427246094,0,-0.56386381387710571,-0.82586747407913208,-1.2000007629394531,0.28905358910560608,-2.118211030960083">
        </Bone>
      </Part>
    </Brick>
    <Brick refID="11" designID="6541">
      <Part refID="11" designID="6541" materials="5">
        <Bone refID="11" transformation="0,0,-1,0,1,0,1,0,0,-0.40000015497207642,1.2878732681274414,0.19421738386154175">
        </Bone>
      </Part>
    </Brick>
    <Brick refID="12" designID="3024">
      <Part refID="12" designID="3024" materials="5">
        <Bone refID="12" transformation="1,0,0,0,1,0,0,0,1,-0.39999967813491821,0.96787339448928833,0.1942175030708313">
        </Bone>
      </Part>
    </Brick>
    <Brick refID="13" designID="63864">
      <Part refID="13" designID="63864" materials="5">
        <Bone refID="13" transformation="0,0,-1,0,1,0,1,0,0,-0.40000015497207642,2.2478733062744141,0.99421733617782593">
        </Bone>
      </Part>
    </Brick>
    <Brick refID="14" designID="3023">
      <Part refID="14" designID="3023" materials="5">
        <Bone refID="14" transformation="0,0,1,0,1,0,-1,0,0,-0.40000015497207642,1.2878732681274414,0.99421757459640503">
        </Bone>
      </Part>
    </Brick>
    <Brick refID="15" designID="3623">
      <Part refID="15" designID="3623" materials="5">
        <Bone refID="15" transformation="0,0,-1,0,1,0,1,0,0,-0.40000015497207642,1.6078733205795288,2.5942173004150391">
        </Bone>
      </Part>
    </Brick>
    <Brick refID="16" designID="2555">
      <Part refID="16" designID="2555" materials="192">
        <Bone refID="16" transformation="0,0,1,0,1,0,-1,0,0,-0.40000015497207642,2.2478733062744141,4.1942176818847656">
        </Bone>
      </Part>
    </Brick>
    <Brick refID="17" designID="3666">
      <Part refID="17" designID="3666" materials="5">
        <Bone refID="17" transformation="0,0,-1,0,1,0,1,0,0,-0.40000015497207642,1.9278732538223267,4.9942173957824707">
        </Bone>
      </Part>
    </Brick>
    <Brick refID="18" designID="63864">
      <Part refID="18" designID="63864" materials="5">
        <Bone refID="18" transformation="0,0,-1,0,1,0,1,0,0,-0.40000015497207642,2.2478733062744141,3.3942177295684814">
        </Bone>
      </Part>
    </Brick>
    <Brick refID="19" designID="3069">
      <Part refID="19" designID="3069" materials="5,0" decoration="0">
        <Bone refID="19" transformation="0,0,-1,0,1,0,1,0,0,-0.40000015497207642,2.2478733062744141,5.794440746307373">
        </Bone>
      </Part>
    </Brick>
    <Brick refID="20" designID="3666">
      <Part refID="20" designID="3666" materials="5">
        <Bone refID="20" transformation="0,0,-1,0,1,0,1,0,0,-0.40000015497207642,1.9278732538223267,-0.60578274726867676">
        </Bone>
      </Part>
    </Brick>
    <Brick refID="21" designID="3623">
      <Part refID="21" designID="3623" materials="5">
        <Bone refID="21" transformation="0,0,-1,0,1,0,1,0,0,-0.40000015497207642,1.6078733205795288,-0.60578274726867676">
        </Bone>
      </Part>
    </Brick>
    <Brick refID="22" designID="3023">
      <Part refID="22" designID="3023" materials="5">
        <Bone refID="22" transformation="0,0,1,0,1,0,-1,0,0,-0.40000015497207642,1.2878732681274414,-1.40578293800354">
        </Bone>
      </Part>
    </Brick>
    <Brick refID="23" designID="63864">
      <Part refID="23" designID="63864" materials="5">
        <Bone refID="23" transformation="0,0,-1,0,1,0,1,0,0,-0.40000015497207642,2.2478733062744141,-1.4057828187942505">
        </Bone>
      </Part>
    </Brick>
    <Brick refID="24" designID="2555">
      <Part refID="24" designID="2555" materials="192">
        <Bone refID="24" transformation="0,0,1,0,1,0,-1,0,0,-0.40000015497207642,2.2478733062744141,-3.8057830333709717">
        </Bone>
      </Part>
    </Brick>
    <Brick refID="25" designID="3069">
      <Part refID="25" designID="3069" materials="5,0" decoration="0">
        <Bone refID="25" transformation="0,0,-1,0,1,0,1,0,0,-0.40000015497207642,2.2478733062744141,-4.6055598258972168">
        </Bone>
      </Part>
    </Brick>
  </Bricks>
  <RigidSystems>
    <RigidSystem>
      <Rigid refID="0" transformation="0,0.56386423110961914,0.82586753368377686,0,-0.82586759328842163,0.56386417150497437,1,0,0,1.1999998092651367,1.1912330389022827,0.0031766891479492188" boneRefs="0,1,2,3,4"/>
      <Rigid refID="1" transformation="0,0.56386423110961914,0.82586753368377686,0,-0.82586759328842163,0.56386417150497437,1,0,0,1.5999999046325684,1.8678700923919678,0.99421745538711548" boneRefs="5"/>
      <Rigid refID="2" transformation="0,0.56386423110961914,0.82586753368377686,0,-0.82586759328842163,0.56386423110961914,1,0,0,-0.40000033378601074,1.1912336349487305,0.0031763911247253418" boneRefs="6,7,8,9,10"/>
      <Rigid refID="3" transformation="0,0,-1,0,1,0,1,0,0,0.39999985694885254,1.2878702878952026,0.9942173957824707" boneRefs="11,12,13"/>
      <Rigid refID="4" transformation="0,0,1,0,1,0,-1,0,0,0.39999985694885254,1.2878702878952026,1.794217586517334" boneRefs="14,15,16,17,18"/>
      <Rigid refID="5" transformation="0,0,-1,0,1,0,1,0,0,0.39999985694885254,2.2478702068328857,6.5944409370422363" boneRefs="19"/>
      <Rigid refID="6" transformation="0,0,-1,0,1,0,1,0,0,0.39999985694885254,1.9278702735900879,0.1942172646522522" boneRefs="20,21,22,23,24"/>
      <Rigid refID="7" transformation="0,0,-1,0,1,0,1,0,0,0.39999985694885254,2.2478702068328857,-3.8055598735809326" boneRefs="25"/>
      <Joint type="hinge">
        <RigidRef rigidRef="1" a="0,0,1.0000001192092896" z="1.0000001192092896,0,0" t="0,0,0"/>
        <RigidRef rigidRef="0" a="0,0,1.0000001192092896" z="1,0,0" t="1.1999996900558472,0,0.40000009536743164"/>
      </Joint>
      <Joint type="hinge">
        <RigidRef rigidRef="3" a="0,0,-1.0000001192092896" z="1.0000001192092896,0,0" t="0,0.57999998331069946,-0.40000012516975403"/>
        <RigidRef rigidRef="1" a="0,0,-1.0000001192092896" z="-0.82586759328842163,-0.56386417150497437,0" t="0,0,-1.6000001430511475"/>
      </Joint>
      <Joint type="hinge">
        <RigidRef rigidRef="2" a="0,0,-1" z="0,1,0" t="1.2000000476837158,0,-0.40000000596046448"/>
        <RigidRef rigidRef="1" a="0,0,-1" z="0,1,0" t="0,0,-2.4000000953674316"/>
      </Joint>
      <Joint type="hinge">
        <RigidRef rigidRef="6" a="0,1,0" z="0,0,1" t="0,0.31999999284744263,0"/>
        <RigidRef rigidRef="3" a="0,1,0" z="0,0,1" t="0.80000007152557373,0.95999991893768311,0"/>
      </Joint>
      <Joint type="hinge">
        <RigidRef rigidRef="4" a="0,1,0" z="0,0,-1" t="0,0.95999997854232788,0"/>
        <RigidRef rigidRef="3" a="0,1,0" z="0,0,1" t="-0.79999995231628418,0.95999991893768311,0"/>
      </Joint>
      <Joint type="hinge">
        <RigidRef rigidRef="5" a="0,1,0" z="0,0,1" t="0.80022305250167847,0,0"/>
        <RigidRef rigidRef="4" a="0,1,0" z="0,0,-1" t="4,0.95999997854232788,0"/>
      </Joint>
      <Joint type="hinge">
        <RigidRef rigidRef="7" a="0,1,0" z="0,0,1" t="0.00022301077842712402,0,0"/>
        <RigidRef rigidRef="6" a="0,1,0" z="0,0,1" t="4,0.31999999284744263,0"/>
      </Joint>
    </RigidSystem>
  </RigidSystems>
  <GroupSystems>
    <GroupSystem>
    </GroupSystem>
  </GroupSystems>
</LXFML>
