<?xml version="1.0" encoding="UTF-8" standalone="no" ?>
<LXFML versionMajor="5" versionMinor="0">
  <Meta>
    <Application name="CCOP" versionMajor="0" versionMinor="0"/>
    <Brand name="LEGOUniverse"/>
    <BrickSet version="215"/>
  </Meta>
  <Bricks>
    <Brick refID="0" designID="33291">
      <Part refID="0" designID="33291" materials="141">
        <Bone refID="0" transformation="0,0,1,-1,0,0,0,-1,0,1.1199991703033447,0.5680001974105835,-0.40000295639038086">
        </Bone>
      </Part>
    </Brick>
    <Brick refID="1" designID="6141">
      <Part refID="1" designID="6141" materials="141">
        <Bone refID="1" transformation="0,0,1,0,1,0,-1,0,0,0.39999896287918091,0,1.1999958753585815">
        </Bone>
      </Part>
    </Brick>
    <Brick refID="2" designID="3023">
      <Part refID="2" designID="3023" materials="141">
        <Bone refID="2" transformation="1,0,0,0,1,0,0,0,1,-0.40000075101852417,0.32000017166137695,1.1999953985214233">
        </Bone>
      </Part>
    </Brick>
    <Brick refID="3" designID="6141">
      <Part refID="3" designID="6141" materials="141">
        <Bone refID="3" transformation="0,0,1,0,1,0,-1,0,0,-0.39999884366989136,0,1.1999944448471069">
        </Bone>
      </Part>
    </Brick>
    <Brick refID="4" designID="32028">
      <Part refID="4" designID="32028" materials="141">
        <Bone refID="4" transformation="0,0,-1,0,1,0,1,0,0,0.39999896287918091,0.6400001049041748,1.1999973058700562">
        </Bone>
      </Part>
    </Brick>
    <Brick refID="5" designID="3068">
      <Part refID="5" designID="3068" materials="28,0" decoration="0">
        <Bone refID="5" transformation="1,0,0,0,1,0,0,0,1,-0.40000218152999878,0.96000003814697266,1.1999958753585815">
        </Bone>
      </Part>
    </Brick>
    <Brick refID="6" designID="32028">
      <Part refID="6" designID="32028" materials="141">
        <Bone refID="6" transformation="0,0,1,0,1,0,-1,0,0,-0.40000122785568237,0.6400001049041748,0.39999616146087646">
        </Bone>
      </Part>
    </Brick>
    <Brick refID="7" designID="6141">
      <Part refID="7" designID="6141" materials="141">
        <Bone refID="7" transformation="0,0,1,0,1,0,-1,0,0,0.3999975323677063,0,0.39999711513519287">
        </Bone>
      </Part>
    </Brick>
    <Brick refID="8" designID="2540">
      <Part refID="8" designID="2540" materials="141">
        <Bone refID="8" transformation="-1,0,0,0,1,0,0,0,-1,0.39999848604202271,0.32000017166137695,0.39999711513519287">
        </Bone>
      </Part>
    </Brick>
    <Brick refID="9" designID="6141">
      <Part refID="9" designID="6141" materials="141">
        <Bone refID="9" transformation="0,0,1,0,1,0,-1,0,0,-0.40000218152999878,0,0.39999711513519287">
        </Bone>
      </Part>
    </Brick>
    <Brick refID="10" designID="6141">
      <Part refID="10" designID="6141" materials="141">
        <Bone refID="10" transformation="0,0.38241004943847656,0.92399340867996216,0,-0.92399340867996216,0.38241004943847656,1.0000003576278687,0,0,0.46999889612197876,2.5712177753448486,-1.2290682792663574">
        </Bone>
      </Part>
    </Brick>
    <Brick refID="11" designID="4216">
      <Part refID="11" designID="4216" materials="28">
        <Bone refID="11" transformation="-1.0000003576278687,0,0,0,-0.92399287223815918,0.38240978121757507,0,0.38240978121757507,0.92399287223815918,0.46999937295913696,2.2755401134490967,-1.106696605682373">
        </Bone>
      </Part>
    </Brick>
    <Brick refID="12" designID="3794">
      <Part refID="12" designID="3794" materials="28">
        <Bone refID="12" transformation="-1.0000003576278687,0,0,0,-0.92399287223815918,0.38240978121757507,0,0.38240978121757507,0.92399287223815918,0.46999937295913696,1.3885072469711304,-0.73958307504653931">
        </Bone>
      </Part>
    </Brick>
    <Brick refID="13" designID="2555">
      <Part refID="13" designID="2555" materials="141">
        <Bone refID="13" transformation="0,-0.38240984082221985,-0.92399245500564575,0,-0.92399245500564575,0.38240984082221985,-1.0000001192092896,0,0,0.069998860359191895,1.0928287506103516,-0.61721289157867432">
        </Bone>
      </Part>
    </Brick>
    <Brick refID="14" designID="6141">
      <Part refID="14" designID="6141" materials="141">
        <Bone refID="14" transformation="0,0.38241004943847656,0.92399340867996216,0,-0.92399340867996216,0.38241004943847656,1.0000003576278687,0,0,-0.33000200986862183,2.5712175369262695,-1.229067325592041">
        </Bone>
      </Part>
    </Brick>
    <Brick refID="15" designID="33291">
      <Part refID="15" designID="33291" materials="141">
        <Bone refID="15" transformation="0,0,-0.99999994039535522,1,0,0,0,-1,0,-1.1200015544891357,0.5680001974105835,-0.40000295639038086">
        </Bone>
      </Part>
    </Brick>
  </Bricks>
  <RigidSystems>
    <RigidSystem>
      <Rigid refID="0" transformation="0,0,1,-1,0,0,0,-1,0,1.9199992418289185,0.5680001974105835,1.1999970674514771" boneRefs="0"/>
      <Rigid refID="1" transformation="0,0,1,0,1,0,-1,0,0,1.1999989748001099,0,2.7999958992004395" boneRefs="1,2,3,4,5,6,7,8,9"/>
      <Rigid refID="2" transformation="0,0.38241004943847656,0.92399340867996216,0,-0.92399340867996216,0.38241004943847656,1.0000003576278687,0,0,1.2699989080429077,2.5712177753448486,0.37093174457550049" boneRefs="10,11,12,13,14"/>
      <Rigid refID="3" transformation="0,0,-0.99999994039535522,1,0,0,0,-1,0,-0.32000148296356201,0.5680001974105835,1.1999970674514771" boneRefs="15"/>
      <Joint type="hinge">
        <RigidRef rigidRef="1" a="0,0,1" z="-0.99999994039535522,0,0" t="-1.5999987125396729,0.5680001974105835,-0.39999955892562866"/>
        <RigidRef rigidRef="0" a="0,1,0" z="0,0,1" t="0,0.31999999284744263,0"/>
      </Joint>
      <Joint type="hinge">
        <RigidRef rigidRef="3" a="0,1,0" z="0,0,1" t="0,0.31999999284744263,0"/>
        <RigidRef rigidRef="1" a="0,0,-1" z="-0.99999994039535522,0,0" t="-1.5999987125396729,0.5680001974105835,1.200000524520874"/>
      </Joint>
      <Joint type="hinge">
        <RigidRef rigidRef="2" a="0,0,0.99999988079071045" z="-0.99999916553497314,0,0" t="0,2.1679987907409668,-0.23999993503093719"/>
        <RigidRef rigidRef="1" a="0,0,-1.0000002384185791" z="-0.9239925742149353,-0.38240984082221985,0" t="-1.5999999046325684,0.56800103187561035,0.17000007629394531"/>
      </Joint>
    </RigidSystem>
  </RigidSystems>
  <GroupSystems>
    <GroupSystem>
    </GroupSystem>
  </GroupSystems>
</LXFML>
