<?xml version="1.0" encoding="UTF-8" standalone="no" ?>
<LXFML versionMajor="5" versionMinor="0">
  <Meta>
    <Application name="CCOP" versionMajor="0" versionMinor="0"/>
    <Brand name="LEGOUniverse"/>
    <BrickSet version="215"/>
  </Meta>
  <Bricks>
    <Brick refID="0" designID="56750">
      <Part refID="0" designID="56750" materials="191">
        <Bone refID="0" transformation="0,0,1,-0.34202021360397339,0.93969261646270752,0,-0.93969261646270752,-0.34202021360397339,0,-0.77356719970703125,4.0547685623168945,0">
        </Bone>
      </Part>
    </Brick>
    <Brick refID="1" designID="3741">
      <Part refID="1" designID="3741" materials="141">
        <Bone refID="1" transformation="-1,0,0,0,1,0,0,0,-1,0,2.559999942779541,0">
        </Bone>
      </Part>
    </Brick>
    <Brick refID="2" designID="3741">
      <Part refID="2" designID="3741" materials="28">
        <Bone refID="2" transformation="1,0,0,0,1,0,0,0,1,0,3.0399999618530273,0">
        </Bone>
      </Part>
    </Brick>
    <Brick refID="3" designID="6255">
      <Part refID="3" designID="6255" materials="28">
        <Bone refID="3" transformation="-1,0,0,0,1,0,0,0,-1,0,1.9199998378753662,0">
        </Bone>
      </Part>
    </Brick>
    <Brick refID="4" designID="6255">
      <Part refID="4" designID="6255" materials="141">
        <Bone refID="4" transformation="1,0,0,0,1,0,0,0,1,0,1.2799999713897705,0">
        </Bone>
      </Part>
    </Brick>
    <Brick refID="5" designID="43898">
      <Part refID="5" designID="43898" materials="192">
        <Bone refID="5" transformation="1,0,0,0,1,0,0,0,1,0,0.96000003814697266,0">
        </Bone>
      </Part>
    </Brick>
    <Brick refID="6" designID="6141">
      <Part refID="6" designID="6141" materials="38">
        <Bone refID="6" transformation="1,0,0,0,1,0,0,0,1,0,0.63999998569488525,0">
        </Bone>
      </Part>
    </Brick>
    <Brick refID="7" designID="4424">
      <Part refID="7" designID="4424" materials="106">
        <Bone refID="7" transformation="1,0,0,0,1,0,0,0,1,-0.39999961853027344,0,0.39999979734420776">
        </Bone>
      </Part>
    </Brick>
    <Brick refID="8" designID="6141">
      <Part refID="8" designID="6141" materials="38">
        <Bone refID="8" transformation="1,0,0,0,1,0,0,0,1,0,0.31999993324279785,0">
        </Bone>
      </Part>
    </Brick>
    <Brick refID="9" designID="56750">
      <Part refID="9" designID="56750" materials="24">
        <Bone refID="9" transformation="0.026240866631269455,-0.29547050595283508,0.95499140024185181,-0.17226435244083405,0.93969255685806274,0.29547053575515747,-0.98470115661621094,-0.17226438224315643,-0.026240698993206024,-0.350006103515625,4.3348913192749023,0.6071588397026062">
        </Bone>
      </Part>
    </Brick>
    <Brick refID="10" designID="56750">
      <Part refID="10" designID="56750" materials="24">
        <Bone refID="10" transformation="-0.02612939290702343,0.29611068964004517,0.9547961950302124,-0.17116305232048035,0.93969231843948364,-0.29611065983772278,-0.98489612340927124,-0.17116303741931915,0.026129612699151039,-0.32763099670410156,4.2099437713623047,-0.56756383180618286">
        </Bone>
      </Part>
    </Brick>
    <Brick refID="11" designID="56750">
      <Part refID="11" designID="56750" materials="191">
        <Bone refID="11" transformation="0.02624090388417244,0.29547059535980225,0.95499134063720703,0.17226438224315643,0.93969255685806274,-0.29547062516212463,-0.98470115661621094,0.17226441204547882,-0.02624068409204483,0.35000991821289063,3.8548910617828369,-0.60716038942337036">
        </Bone>
      </Part>
    </Brick>
    <Brick refID="12" designID="56750">
      <Part refID="12" designID="56750" materials="191">
        <Bone refID="12" transformation="-0.026129433885216713,-0.29611074924468994,0.95479613542556763,0.17116311192512512,0.93969231843948364,0.29611071944236755,-0.98489618301391602,0.17116308212280273,0.026129601523280144,0.35502243041992188,3.8802945613861084,0.61493986845016479">
        </Bone>
      </Part>
    </Brick>
    <Brick refID="13" designID="56750">
      <Part refID="13" designID="56750" materials="24">
        <Bone refID="13" transformation="0,0,1,0.34202012419700623,0.93969255685806274,0,-0.93969255685806274,0.34202012419700623,0,0.77357101440429688,4.5347685813903809,0">
        </Bone>
      </Part>
    </Brick>
  </Bricks>
  <RigidSystems>
    <RigidSystem>
      <Rigid refID="0" transformation="0,0,1,-0.34202021360397339,0.93969261646270752,0,-0.93969261646270752,-0.34202021360397339,0,-0.77356719970703125,4.0547685623168945,0.79999923706054688" boneRefs="0"/>
      <Rigid refID="1" transformation="-1,0,0,0,1,0,0,0,-1,0,2.559999942779541,0.79999995231628418" boneRefs="1,2,3,4,5,6,7,8"/>
      <Rigid refID="2" transformation="0.026240866631269455,-0.29547050595283508,0.95499140024185181,-0.17226435244083405,0.93969255685806274,0.29547053575515747,-0.98470115661621094,-0.17226438224315643,-0.026240698993206024,-0.350006103515625,4.3348913192749023,1.4071588516235352" boneRefs="9"/>
      <Rigid refID="3" transformation="-0.02612939290702343,0.29611068964004517,0.9547961950302124,-0.17116305232048035,0.93969231843948364,-0.29611065983772278,-0.98489612340927124,-0.17116303741931915,0.026129612699151039,-0.32763099670410156,4.2099437713623047,0.23243618011474609" boneRefs="10"/>
      <Rigid refID="4" transformation="0.02624090388417244,0.29547059535980225,0.95499134063720703,0.17226438224315643,0.93969255685806274,-0.29547062516212463,-0.98470115661621094,0.17226441204547882,-0.02624068409204483,0.35000991821289063,3.8548910617828369,0.19283962249755859" boneRefs="11"/>
      <Rigid refID="5" transformation="-0.026129433885216713,-0.29611074924468994,0.95479613542556763,0.17116311192512512,0.93969231843948364,0.29611071944236755,-0.98489618301391602,0.17116308212280273,0.026129601523280144,0.35502243041992188,3.8802945613861084,1.4149398803710937" boneRefs="12"/>
      <Rigid refID="6" transformation="0,0,1,0.34202012419700623,0.93969255685806274,0,-0.93969255685806274,0.34202012419700623,0,0.77357101440429688,4.5347685813903809,0.79999923706054688" boneRefs="13"/>
      <Joint type="hinge">
        <RigidRef rigidRef="1" a="-0.34202009439468384,-0.93969261646270752,0" z="-0.93969285488128662,0.34202009439468384,0" t="0.77356857061386108,1.4947683811187744,0"/>
        <RigidRef rigidRef="0" a="0,-1,0" z="0,0,-1.0000002384185791" t="0,0,0"/>
      </Joint>
      <Joint type="hinge">
        <RigidRef rigidRef="5" a="0,1,0" z="0,0,1" t="0,0.23999999463558197,0"/>
        <RigidRef rigidRef="1" a="-0.17116311192512512,0.93969231843948364,-0.29611071944236755" z="0.98489618301391602,0.17116308212280273,-0.026129601523280144" t="-0.39610156416893005,1.5458207130432129,-0.68600654602050781"/>
      </Joint>
      <Joint type="hinge">
        <RigidRef rigidRef="3" a="0,1,0" z="0,0,1" t="0,0.23999999463558197,0"/>
        <RigidRef rigidRef="1" a="0.17116305232048035,0.93969231843948364,0.29611065983772278" z="0.98489612340927124,-0.17116303741931915,-0.026129612699151039" t="0.36871013045310974,1.8754701614379883,0.63863033056259155"/>
      </Joint>
      <Joint type="hinge">
        <RigidRef rigidRef="4" a="0,1,0" z="0,0,1" t="0,0.23999999463558197,0"/>
        <RigidRef rigidRef="1" a="-0.17226438224315643,0.93969255685806274,0.29547062516212463" z="0.98470115661621094,0.17226441204547882,0.02624068409204483" t="-0.39135336875915527,1.5204172134399414,0.67807328701019287"/>
      </Joint>
      <Joint type="hinge">
        <RigidRef rigidRef="6" a="0,1,0" z="0,0,1" t="0,0.23999999463558197,0"/>
        <RigidRef rigidRef="1" a="-0.34202012419700623,0.93969255685806274,0" z="0.93969255685806274,0.34202012419700623,0" t="-0.85565584897994995,2.2002949714660645,0"/>
      </Joint>
      <Joint type="hinge">
        <RigidRef rigidRef="2" a="0,1,0" z="0,0,1" t="0,0.23999999463558197,0"/>
        <RigidRef rigidRef="1" a="0.17226435244083405,0.93969255685806274,-0.29547053575515747" z="0.98470115661621094,-0.17226438224315643,0.026240698993206024" t="0.39134955406188965,2.0004177093505859,-0.67807185649871826"/>
      </Joint>
    </RigidSystem>
  </RigidSystems>
  <GroupSystems>
    <GroupSystem>
    </GroupSystem>
  </GroupSystems>
</LXFML>
