<?xml version="1.0" encoding="UTF-8" standalone="no" ?>
<LXFML versionMajor="5" versionMinor="0">
  <Meta>
    <Application name="CCOP" versionMajor="0" versionMinor="0"/>
    <Brand name="LEGOUniverse"/>
    <BrickSet version="215"/>
  </Meta>
  <Bricks>
    <Brick refID="0" designID="30377">
      <Part refID="0" designID="30377" materials="1">
        <Bone refID="0" transformation="0.23360387980937958,-0.972331702709198,0,0.97233182191848755,0.2336040586233139,0,0,0,0.99999994039535522,0.048234641551971436,3.8207292556762695,0.60999846458435059">
        </Bone>
      </Part>
    </Brick>
    <Brick refID="1" designID="4697">
      <Part refID="1" designID="4697" materials="1">
        <Bone refID="1" transformation="-0.79280996322631836,-0.60946899652481079,0,0.60946893692016602,-0.79280972480773926,0,0,0,0.99999988079071045,0.048237502574920654,3.8207292556762695,1.248159646987915">
        </Bone>
      </Part>
    </Brick>
    <Brick refID="2" designID="48729">
      <Part refID="2" designID="48729" materials="1">
        <Bone refID="2" transformation="0.47992601990699768,-0.62427955865859985,0.61639761924743652,-0.37566876411437988,0.48869100213050842,0.78743511438369751,-0.79280775785446167,-0.60947197675704956,1.3206980838731397E-005,0.75278347730636597,3.4262552261352539,0.30008578300476074">
        </Bone>
      </Part>
    </Brick>
    <Brick refID="3" designID="48729">
      <Part refID="3" designID="48729" materials="1">
        <Bone refID="3" transformation="-0.37411460280418396,0.48663491010665894,0.78944575786590576,-0.48113915324211121,0.62588298320770264,-0.61382031440734863,-0.79280728101730347,-0.60947245359420776,-1.2862522453360725E-005,0.12158745527267456,2.6782269477844238,1.9872114658355713">
        </Bone>
      </Part>
    </Brick>
    <Brick refID="4" designID="30377">
      <Part refID="4" designID="30377" materials="1">
        <Bone refID="4" transformation="0.60946911573410034,-0.79280972480773926,0,0,0,-0.99999994039535522,0.79280990362167358,0.60946917533874512,0,-0.20400363206863403,3.6268196105957031,1.248159646987915">
        </Bone>
      </Part>
    </Brick>
    <Brick refID="5" designID="53451">
      <Part refID="5" designID="53451" materials="1">
        <Bone refID="5" transformation="-0.39324101805686951,0.51153510808944702,-0.76399809122085571,0.79280972480773926,0.60946929454803467,0,0.46563312411308289,-0.60570508241653442,-0.64521843194961548,0.64429730176925659,2.2608089447021484,1.248159646987915">
        </Bone>
      </Part>
    </Brick>
    <Brick refID="6" designID="30377">
      <Part refID="6" designID="30377" materials="1">
        <Bone refID="6" transformation="0.23360387980937958,-0.972331702709198,0,0.97233182191848755,0.2336040586233139,0,0,0,0.99999994039535522,0.048234164714813232,3.8207297325134277,-0.61000967025756836">
        </Bone>
      </Part>
    </Brick>
    <Brick refID="7" designID="53451">
      <Part refID="7" designID="53451" materials="1">
        <Bone refID="7" transformation="-0.48510631918907166,0.63103854656219482,0.60536104440689087,0.79280984401702881,0.60946929454803467,0,-0.36895054578781128,0.47993475198745728,-0.79595100879669189,0.64429253339767456,2.2608089447021484,-1.2481698989868164">
        </Bone>
      </Part>
    </Brick>
    <Brick refID="8" designID="30377">
      <Part refID="8" designID="30377" materials="1">
        <Bone refID="8" transformation="-0.60946875810623169,0.79280984401702881,0,0,0,1,0.79281008243560791,0.60946893692016602,0,0.77114266157150269,2.3583250045776367,-1.2481698989868164">
        </Bone>
      </Part>
    </Brick>
    <Brick refID="9" designID="4697">
      <Part refID="9" designID="4697" materials="1">
        <Bone refID="9" transformation="-0.79280996322631836,-0.60946905612945557,0,-0.60946887731552124,0.79280990362167358,0,0,0,-0.99999994039535522,0.048233687877655029,3.8207297325134277,-1.248171329498291">
        </Bone>
      </Part>
    </Brick>
    <Brick refID="10" designID="48729">
      <Part refID="10" designID="48729" materials="1">
        <Bone refID="10" transformation="0.37136179208755493,-0.48308777809143066,0.79291665554046631,-0.48325678706169128,0.62863314151763916,0.60933023691177368,-0.79281365871429443,-0.60946434736251831,0,0.12413376569747925,2.6749148368835449,-1.9818000793457031">
        </Bone>
      </Part>
    </Brick>
    <Brick refID="11" designID="48729">
      <Part refID="11" designID="48729" materials="1">
        <Bone refID="11" transformation="-0.37061423063278198,0.48211535811424255,0.79385751485824585,-0.4838317334651947,0.62937784194946289,-0.60810399055480957,-0.79281270503997803,-0.60946565866470337,0,0.88300913572311401,3.2568678855895996,-0.51601505279541016">
        </Bone>
      </Part>
    </Brick>
    <Brick refID="12" designID="3700">
      <Part refID="12" designID="3700" materials="141">
        <Bone refID="12" transformation="0,0,1,0,-1,0,1,0,0,-1.2000001668930054,2.2399997711181641,-0.39999988675117493">
        </Bone>
      </Part>
    </Brick>
    <Brick refID="13" designID="3010">
      <Part refID="13" designID="3010" materials="141">
        <Bone refID="13" transformation="0,0,1,0,-1,0,1,0,0,-1.2000001668930054,3.1999998092651367,-1.2000000476837158">
        </Bone>
      </Part>
    </Brick>
    <Brick refID="14" designID="6091">
      <Part refID="14" designID="6091" materials="141">
        <Bone refID="14" transformation="-1,0,0,0,-1,0,0,0,1,-1.2000001668930054,1.279999852180481,-0.39999940991401672">
        </Bone>
      </Part>
    </Brick>
    <Brick refID="15" designID="3024">
      <Part refID="15" designID="3024" materials="141">
        <Bone refID="15" transformation="1,0,0,0,-1,0,0,0,-1,-1.2000000476837158,2.2399997711181641,-1.1999996900558472">
        </Bone>
      </Part>
    </Brick>
    <Brick refID="16" designID="6091">
      <Part refID="16" designID="6091" materials="141">
        <Bone refID="16" transformation="1,0,0,0,-1,0,0,0,-1,-1.2000001668930054,1.279999852180481,0.39999982714653015">
        </Bone>
      </Part>
    </Brick>
    <Brick refID="17" designID="3024">
      <Part refID="17" designID="3024" materials="141">
        <Bone refID="17" transformation="1,0,0,0,-1,0,0,0,-1,-1.2000000476837158,2.2399997711181641,1.1999996900558472">
        </Bone>
      </Part>
    </Brick>
    <Brick refID="18" designID="3065">
      <Part refID="18" designID="3065" materials="141">
        <Bone refID="18" transformation="0,0,1,0,-1,0,1,0,0,-1.2000001668930054,4.1599998474121094,-0.39999988675117493">
        </Bone>
      </Part>
    </Brick>
    <Brick refID="19" designID="30375">
      <Part refID="19" designID="30375" materials="192">
        <Bone refID="19" transformation="0,0,0.99999994039535522,0,1,0,-1.0000001192092896,0,0,0.42199963331222534,0.98499953746795654,0">
        </Bone>
      </Part>
    </Brick>
    <Brick refID="20" designID="6141">
      <Part refID="20" designID="6141" materials="5">
        <Bone refID="20" transformation="0,-1,0,-1.0000001192092896,0,0,0,0,-0.99999988079071045,0.15999990701675415,1.6599994897842407,0">
        </Bone>
      </Part>
    </Brick>
    <Brick refID="21" designID="6141">
      <Part refID="21" designID="6141" materials="1">
        <Bone refID="21" transformation="0,-1,0,-1.0000001192092896,0,0,0,0,-0.99999988079071045,-0.1599997878074646,1.6599997282028198,0">
        </Bone>
      </Part>
    </Brick>
    <Brick refID="22" designID="6141">
      <Part refID="22" designID="6141" materials="141">
        <Bone refID="22" transformation="0,-1,0,-1.0000001192092896,0,0,0,0,-0.99999988079071045,-0.48000004887580872,1.6599999666213989,0">
        </Bone>
      </Part>
    </Brick>
    <Brick refID="23" designID="50746">
      <Part refID="23" designID="50746" materials="141">
        <Bone refID="23" transformation="1,0,0,0,-1,0,0,0,-1,-1.2000000476837158,0.63999998569488525,-0.39999961853027344">
        </Bone>
      </Part>
    </Brick>
    <Brick refID="24" designID="3023">
      <Part refID="24" designID="3023" materials="141">
        <Bone refID="24" transformation="0,0,1,0,-1,0,1,0,0,-1.2000001668930054,0.95999991893768311,-0.39999940991401672">
        </Bone>
      </Part>
    </Brick>
    <Brick refID="25" designID="50746">
      <Part refID="25" designID="50746" materials="141">
        <Bone refID="25" transformation="-1,0,0,0,-1,0,0,0,1,-1.2000001668930054,0.63999998569488525,0.40000098943710327">
        </Bone>
      </Part>
    </Brick>
    <Brick refID="26" designID="3040">
      <Part refID="26" designID="3040" materials="141">
        <Bone refID="26" transformation="1,0,0,0,-1,0,0,0,-1,-1.2000000476837158,4.1599998474121094,-1.2000002861022949">
        </Bone>
      </Part>
    </Brick>
    <Brick refID="27" designID="3040">
      <Part refID="27" designID="3040" materials="141">
        <Bone refID="27" transformation="-1,0,0,0,-1,0,0,0,1,-1.1999995708465576,4.1599998474121094,1.2000002861022949">
        </Bone>
      </Part>
    </Brick>
  </Bricks>
  <RigidSystems>
    <RigidSystem>
      <Rigid refID="0" transformation="0.23360387980937958,-0.972331702709198,0,0.97233182191848755,0.2336040586233139,0,0,0,0.99999994039535522,0.84823465347290039,3.8207335472106934,0.60999846458435059" boneRefs="0"/>
      <Rigid refID="1" transformation="-0.79280996322631836,-0.60946899652481079,0,0.60946893692016602,-0.79280972480773926,0,0,0,0.99999988079071045,0.84823751449584961,3.8207333087921143,1.248159646987915" boneRefs="1"/>
      <Rigid refID="2" transformation="0.47992601990699768,-0.62427955865859985,0.61639761924743652,-0.37566876411437988,0.48869100213050842,0.78743511438369751,-0.79280775785446167,-0.60947197675704956,1.3206980838731397E-005,1.5527834892272949,3.4262595176696777,0.30008578300476074" boneRefs="2"/>
      <Rigid refID="3" transformation="-0.37411460280418396,0.48663491010665894,0.78944575786590576,-0.48113915324211121,0.62588298320770264,-0.61382031440734863,-0.79280728101730347,-0.60947245359420776,-1.2862522453360725E-005,0.92158746719360352,2.6782310009002686,1.9872114658355713" boneRefs="3"/>
      <Rigid refID="4" transformation="0.60946911573410034,-0.79280972480773926,0,0,0,-0.99999994039535522,0.79280990362167358,0.60946917533874512,0,0.59599637985229492,3.626823902130127,1.248159646987915" boneRefs="4"/>
      <Rigid refID="5" transformation="-0.39324101805686951,0.51153510808944702,-0.76399809122085571,0.79280972480773926,0.60946929454803467,0,0.46563312411308289,-0.60570508241653442,-0.64521843194961548,1.4442973136901855,2.2608129978179932,1.248159646987915" boneRefs="5"/>
      <Rigid refID="6" transformation="0.23360387980937958,-0.972331702709198,0,0.97233182191848755,0.2336040586233139,0,0,0,0.99999994039535522,0.84823417663574219,3.8207340240478516,-0.61000967025756836" boneRefs="6"/>
      <Rigid refID="7" transformation="-0.48510631918907166,0.63103854656219482,0.60536104440689087,0.79280984401702881,0.60946929454803467,0,-0.36895054578781128,0.47993475198745728,-0.79595100879669189,1.4442925453186035,2.2608129978179932,-1.2481698989868164" boneRefs="7"/>
      <Rigid refID="8" transformation="-0.60946875810623169,0.79280984401702881,0,0,0,1,0.79281008243560791,0.60946893692016602,0,1.5711426734924316,2.3583292961120605,-1.2481698989868164" boneRefs="8"/>
      <Rigid refID="9" transformation="-0.79280996322631836,-0.60946905612945557,0,-0.60946887731552124,0.79280990362167358,0,0,0,-0.99999994039535522,0.84823369979858398,3.8207337856292725,-1.248171329498291" boneRefs="9"/>
      <Rigid refID="10" transformation="0.37136179208755493,-0.48308777809143066,0.79291665554046631,-0.48325678706169128,0.62863314151763916,0.60933023691177368,-0.79281365871429443,-0.60946434736251831,0,0.9241337776184082,2.6749191284179687,-1.9818000793457031" boneRefs="10"/>
      <Rigid refID="11" transformation="-0.37061423063278198,0.48211535811424255,0.79385751485824585,-0.4838317334651947,0.62937784194946289,-0.60810399055480957,-0.79281270503997803,-0.60946565866470337,0,1.683009147644043,3.2568719387054443,-0.51601505279541016" boneRefs="11"/>
      <Rigid refID="12" transformation="0,0,1,0,-1,0,1,0,0,-0.40000012516975403,2.2400040626525879,-0.39999988675117493" boneRefs="12,13,14,15,16,17,18,19,20,21,22,23,24,25"/>
      <Rigid refID="13" transformation="1,0,0,0,-1,0,0,0,-1,-0.40000009536743164,4.1600041389465332,-1.2000002861022949" boneRefs="26"/>
      <Rigid refID="14" transformation="-1,0,0,0,-1,0,0,0,1,-0.39999961853027344,4.1600041389465332,1.2000002861022949" boneRefs="27"/>
      <Joint type="hinge">
        <RigidRef rigidRef="1" a="0,0,1.0000001192092896" z="1.0000001192092896,0,0" t="0,0,-0.15816099941730499"/>
        <RigidRef rigidRef="0" a="0,0,1.0000001192092896" z="0.40740257501602173,-0.91324889659881592,0" t="0,0,0.48000031709671021"/>
      </Joint>
      <Joint type="hinge">
        <RigidRef rigidRef="12" a="0.99999994039535522,0,0" z="0,0,-1" t="1.1999998092651367,-0.024999618530273438,1.6219997406005859"/>
        <RigidRef rigidRef="0" a="0,0,1" z="-0.23360410332679749,-0.97233188152313232,0" t="1.5999990701675415,0,0.19000145792961121"/>
      </Joint>
      <Joint type="hinge">
        <RigidRef rigidRef="4" a="0,0,1" z="0.28209969401359558,0.95938509702682495,0" t="0,0,0.15999999642372131"/>
        <RigidRef rigidRef="1" a="-1,0,0" z="0,0.28209972381591797,-0.95938515663146973" t="0.15816108882427216,0,0"/>
      </Joint>
      <Joint type="hinge">
        <RigidRef rigidRef="3" a="0,0,-1.0000001192092896" z="1.0000001192092896,0,0" t="0,1.2039999961853027,-0.1600000262260437"/>
        <RigidRef rigidRef="1" a="-1.0000001192092896,0,1.2806009181076661E-005" z="1.2850885468651541E-005,-0.61382031440734863,0.78944599628448486" t="0.47816190123558044,0,1.421549040969694E-005"/>
      </Joint>
      <Joint type="hinge">
        <RigidRef rigidRef="1" a="1.0000001192092896,0,0" z="0,0,-1" t="-0.15816099941730499,0,0"/>
        <RigidRef rigidRef="2" a="-1.1218831787118688E-005,0,1" z="-0.61639755964279175,-0.78743487596511841,-1.3259167644719128E-005" t="0,1.2039995193481445,0.16000016033649445"/>
      </Joint>
      <Joint type="hinge">
        <RigidRef rigidRef="5" a="0,1,0" z="0,0,1" t="0,0.31999999284744263,0"/>
        <RigidRef rigidRef="4" a="0,0,1" z="0.76399803161621094,0.64521849155426025,0" t="1.600000262260437,0,0.15999990701675415"/>
      </Joint>
      <Joint type="hinge">
        <RigidRef rigidRef="6" a="0,0,-1" z="0.28209969401359558,0.95938509702682495,0" t="0,0,-0.15999999642372131"/>
        <RigidRef rigidRef="9" a="0,0,1" z="-0.76122915744781494,-0.64848309755325317,0" t="0,0,-0.47816172242164612"/>
      </Joint>
      <Joint type="hinge">
        <RigidRef rigidRef="12" a="1,0,0" z="0,0,1.0000001192092896" t="-0.050000075250864029,-0.024999618530273438,1.6219997406005859"/>
        <RigidRef rigidRef="6" a="0,0,1.0000001192092896" z="0.2336040735244751,0.97233200073242188,0" t="1.5999995470046997,0,0.1600097119808197"/>
      </Joint>
      <Joint type="hinge">
        <RigidRef rigidRef="8" a="0,0,-1" z="0.28209969401359558,0.95938509702682495,0" t="0,0,-0.15999999642372131"/>
        <RigidRef rigidRef="7" a="0,-1.0000001192092896,0" z="0.80531197786331177,0,-0.59285140037536621" t="0,0,0"/>
      </Joint>
      <Joint type="hinge">
        <RigidRef rigidRef="9" a="-1,0,0" z="0,0,0.99999994039535522" t="0.15816099941730499,0,0"/>
        <RigidRef rigidRef="8" a="0,0,1" z="0,-0.99999988079071045,0" t="1.5999996662139893,0,0.15999947488307953"/>
      </Joint>
      <Joint type="hinge">
        <RigidRef rigidRef="10" a="0,0,-1.0000001192092896" z="1.0000001192092896,0,0" t="0,1.2039999961853027,-0.1600000262260437"/>
        <RigidRef rigidRef="9" a="-1.0000002384185791,0,0" z="0,-0.60933047533035278,-0.79291683435440063" t="0.47816213965415955,0,0"/>
      </Joint>
      <Joint type="hinge">
        <RigidRef rigidRef="11" a="0,0,1.0000001192092896" z="1.0000001192092896,0,0" t="0,1.2039999961853027,0.15999999642372131"/>
        <RigidRef rigidRef="9" a="1.0000002384185791,0,0" z="0,0.60810381174087524,-0.79385775327682495" t="-0.1581614762544632,0,0"/>
      </Joint>
      <Joint type="hinge">
        <RigidRef rigidRef="14" a="0,1,0" z="0,0,1" t="0,0.95999997854232788,0"/>
        <RigidRef rigidRef="12" a="0,1,0" z="0,0,1" t="1.5999996662139893,-0.96000003814697266,0"/>
      </Joint>
      <Joint type="hinge">
        <RigidRef rigidRef="13" a="0,1,0" z="0,0,1" t="0,0.95999997854232788,0"/>
        <RigidRef rigidRef="12" a="0,1,0" z="0,0,1" t="-0.80000019073486328,-0.96000003814697266,0"/>
      </Joint>
    </RigidSystem>
  </RigidSystems>
  <GroupSystems>
    <GroupSystem>
    </GroupSystem>
  </GroupSystems>
</LXFML>
