<?xml version="1.0" encoding="UTF-8" standalone="no" ?>
<LXFML versionMajor="5" versionMinor="0">
  <Meta>
    <Application name="CCOP" versionMajor="0" versionMinor="0"/>
    <Brand name="LEGOUniverse"/>
    <BrickSet version="215"/>
  </Meta>
  <Bricks>
    <Brick refID="0" designID="3068">
      <Part refID="0" designID="3068" materials="192,0" decoration="0">
        <Bone refID="0" transformation="0,-0.67139685153961182,0.74109846353530884,-1,0,0,0,-0.74109846353530884,-0.67139685153961182,-2.3999998569488525,1.9452847242355347,1.8962030410766602">
        </Bone>
      </Part>
    </Brick>
    <Brick refID="1" designID="4733">
      <Part refID="1" designID="4733" materials="192">
        <Bone refID="1" transformation="0,-0.67139679193496704,0.74109840393066406,-1,0,0,0,-0.74109840393066406,-0.67139679193496704,-1.4399998188018799,1.4081676006317139,2.489081859588623">
        </Bone>
      </Part>
    </Brick>
    <Brick refID="2" designID="3666">
      <Part refID="2" designID="3666" materials="192">
        <Bone refID="2" transformation="1.0000001192092896,0,0,0,0.74109834432601929,0.67139667272567749,0,-0.67139661312103271,0.74109840393066406,-1.9999997615814209,1.7046066522598267,2.7576403617858887">
        </Bone>
      </Part>
    </Brick>
    <Brick refID="3" designID="4733">
      <Part refID="3" designID="4733" materials="192">
        <Bone refID="3" transformation="0,0.67139661312103271,-0.74109840393066406,1,0,0,0,-0.74109840393066406,-0.67139661312103271,1.4400012493133545,1.4081674814224243,2.4890813827514648">
        </Bone>
      </Part>
    </Brick>
    <Brick refID="4" designID="3062">
      <Part refID="4" designID="3062" materials="308">
        <Bone refID="4" transformation="0,-0.74109864234924316,-0.67139685153961182,0,-0.67139655351638794,0.74109846353530884,-1.0000001192092896,0,0,2.0000011920928955,1.13960862159729,2.7855205535888672">
        </Bone>
      </Part>
    </Brick>
    <Brick refID="5" designID="3062">
      <Part refID="5" designID="3062" materials="308">
        <Bone refID="5" transformation="0,0.67139673233032227,-0.74109852313995361,0,-0.74109852313995361,-0.67139673233032227,-1,0,0,2.0000002384185791,1.1117286682128906,2.220522403717041">
        </Bone>
      </Part>
    </Brick>
    <Brick refID="6" designID="3068">
      <Part refID="6" designID="3068" materials="192,0" decoration="0">
        <Bone refID="6" transformation="0,0.67139673233032227,-0.74109852313995361,1,0,0,0,-0.74109852313995361,-0.67139673233032227,2.4000012874603271,1.4081673622131348,2.4890809059143066">
        </Bone>
      </Part>
    </Brick>
    <Brick refID="7" designID="3005">
      <Part refID="7" designID="3005" materials="192,0" decoration="0">
        <Bone refID="7" transformation="0,0.67139661312103271,-0.74109840393066406,1,0,0,0,-0.74109840393066406,-0.67139661312103271,0.48000103235244751,1.4081674814224243,2.4890816211700439">
        </Bone>
      </Part>
    </Brick>
    <Brick refID="8" designID="3024">
      <Part refID="8" designID="3024" materials="192">
        <Bone refID="8" transformation="0,0.74109846353530884,0.67139649391174316,1,0,0,0,0.67139649391174316,-0.74109846353530884,0.16000109910964966,1.4081679582595825,2.4890813827514648">
        </Bone>
      </Part>
    </Brick>
    <Brick refID="9" designID="3666">
      <Part refID="9" designID="3666" materials="192">
        <Bone refID="9" transformation="1.0000001192092896,0,0,0,0.67139685153961182,-0.74109834432601929,0,0.74109840393066406,0.67139679193496704,-2,1.6767258644104004,2.1926424503326416">
        </Bone>
      </Part>
    </Brick>
    <Brick refID="10" designID="3666">
      <Part refID="10" designID="3666" materials="192">
        <Bone refID="10" transformation="1.0000001192092896,0,0,0,0.67139685153961182,-0.74109834432601929,0,0.74109840393066406,0.67139679193496704,-2,1.8915728330612183,1.9554911851882935">
        </Bone>
      </Part>
    </Brick>
    <Brick refID="11" designID="6636">
      <Part refID="11" designID="6636" materials="192,0" decoration="0">
        <Bone refID="11" transformation="1.0000001192092896,0,0,0,0.67139697074890137,-0.74109852313995361,0,0.74109858274459839,0.67139691114425659,-1.9999997615814209,2.1064198017120361,1.7183398008346558">
        </Bone>
      </Part>
    </Brick>
    <Brick refID="12" designID="3666">
      <Part refID="12" designID="3666" materials="192">
        <Bone refID="12" transformation="1.0000001192092896,0,0,0,0.74109834432601929,0.67139667272567749,0,-0.67139661312103271,0.74109840393066406,-1.9999997615814209,1.9417581558227539,2.972487211227417">
        </Bone>
      </Part>
    </Brick>
    <Brick refID="13" designID="6636">
      <Part refID="13" designID="6636" materials="192,0" decoration="0">
        <Bone refID="13" transformation="1.0000001192092896,0,0,0,0.74109858274459839,0.67139691114425659,0,-0.67139661312103271,0.74109840393066406,-1.9999997615814209,2.1789095401763916,3.1873345375061035">
        </Bone>
      </Part>
    </Brick>
    <Brick refID="14" designID="3005">
      <Part refID="14" designID="3005" materials="192,0" decoration="0">
        <Bone refID="14" transformation="0,-0.67139679193496704,0.74109840393066406,-1,0,0,0,-0.74109840393066406,-0.67139679193496704,-0.4800000786781311,1.4081674814224243,2.4890816211700439">
        </Bone>
      </Part>
    </Brick>
    <Brick refID="15" designID="3024">
      <Part refID="15" designID="3024" materials="192">
        <Bone refID="15" transformation="0,0.74109840393066406,0.67139679193496704,-1,0,0,0,-0.67139679193496704,0.74109840393066406,-0.1600000262260437,1.4081673622131348,2.4890811443328857">
        </Bone>
      </Part>
    </Brick>
    <Brick refID="16" designID="3024">
      <Part refID="16" designID="3024" materials="192">
        <Bone refID="16" transformation="0,0.74109840393066406,0.67139679193496704,-1,0,0,0,-0.67139679193496704,0.74109840393066406,0.15999990701675415,1.4081673622131348,2.4890811443328857">
        </Bone>
      </Part>
    </Brick>
    <Brick refID="17" designID="3062">
      <Part refID="17" designID="3062" materials="308">
        <Bone refID="17" transformation="0,-0.74109852313995361,-0.67139697074890137,0,-0.67139691114425659,0.74109858274459839,-1.0000001192092896,0,0,-1.9999992847442627,1.1396088600158691,2.7855210304260254">
        </Bone>
      </Part>
    </Brick>
    <Brick refID="18" designID="3062">
      <Part refID="18" designID="3062" materials="308">
        <Bone refID="18" transformation="0,0.67139679193496704,-0.74109840393066406,0,-0.74109840393066406,-0.67139679193496704,-1,0,0,-1.9999997615814209,1.1117280721664429,2.2205228805541992">
        </Bone>
      </Part>
    </Brick>
    <Brick refID="19" designID="33051">
      <Part refID="19" designID="33051" materials="119">
        <Bone refID="19" transformation="0.023293968290090561,0.79620182514190674,-0.60458284616470337,-0.030654005706310272,0.60503125190734863,0.7956116795539856,0.99925857782363892,0,0.0385003462433815,1.6149623394012451,2.5920546054840088,1.9784994125366211">
        </Bone>
      </Part>
    </Brick>
    <Brick refID="20" designID="33183">
      <Part refID="20" designID="33183" materials="28">
        <Bone refID="20" transformation="0.99713826179504395,0,-0.075600728392601013,0,-1,0,-0.07560073584318161,0,-0.99713814258575439,-2.3309276103973389,2.5599989891052246,2.6328730583190918">
        </Bone>
      </Part>
    </Brick>
    <Brick refID="21" designID="33172">
      <Part refID="21" designID="33172" materials="106">
        <Bone refID="21" transformation="0.99713826179504395,0,-0.075600728392601013,-0.07560073584318161,0,-0.99713814258575439,0,1,0,-2.3208680152893066,2.5599987506866455,2.6321108341217041">
        </Bone>
      </Part>
    </Brick>
    <Brick refID="22" designID="30032">
      <Part refID="22" designID="30032" materials="194">
        <Bone refID="22" transformation="0,0,-1,0,1,0,1,0,0,2,0,-0.39999961853027344">
        </Bone>
      </Part>
    </Brick>
    <Brick refID="23" designID="75998">
      <Part refID="23" designID="4492" materials="1">
        <Bone refID="23" transformation="0,-0.21004436910152435,0.9776918888092041,0,0.9776918888092041,0.21004436910152435,-1,0,0,-0.79999881982803345,3.1019999980926514,0.70199394226074219">
        </Bone>
      </Part>
      <Part refID="24" designID="4493" materials="1">
        <Bone refID="24" transformation="0,0,1,0,1,0,-1,0,0,-1.1999983787536621,0,-2.0000090599060059">
        </Bone>
      </Part>
    </Brick>
    <Brick refID="24" designID="3004">
      <Part refID="25" designID="3004" materials="1,0,0,0" decoration="0,0,0">
        <Bone refID="25" transformation="1,0,0,0,1,0,0,0,1,-1.1999983787536621,2.2899999618530273,-0.64981603622436523">
        </Bone>
      </Part>
    </Brick>
    <Brick refID="25" designID="3069">
      <Part refID="26" designID="3069" materials="1,0" decoration="0">
        <Bone refID="26" transformation="1,0,0,0,1,0,0,0,1,-1.2002217769622803,3.25,-0.64981603622436523">
        </Bone>
      </Part>
    </Brick>
  </Bricks>
  <RigidSystems>
    <RigidSystem>
      <Rigid refID="0" transformation="0,-0.67139685153961182,0.74109846353530884,-1,0,0,0,-0.74109846353530884,-0.67139685153961182,-3.1999998092651367,1.9452694654464722,-0.50379705429077148" boneRefs="0,1,2,3,4,5,6,7,8,9,10,11,12,13,14,15,16,17,18"/>
    </RigidSystem>
    <RigidSystem>
      <Rigid refID="1" transformation="0.023293968290090561,0.79620182514190674,-0.60458284616470337,-0.030654005706310272,0.60503125190734863,0.7956116795539856,0.99925857782363892,0,0.0385003462433815,0.81496232748031616,2.5920393466949463,-0.42150071263313293" boneRefs="19"/>
    </RigidSystem>
    <RigidSystem>
      <Rigid refID="2" transformation="0.99713826179504395,0,-0.075600728392601013,0,-1,0,-0.07560073584318161,0,-0.99713814258575439,-3.130927562713623,2.5599837303161621,0.23287299275398254" boneRefs="20"/>
      <Rigid refID="3" transformation="0.99713826179504395,0,-0.075600728392601013,-0.07560073584318161,0,-0.99713814258575439,0,1,0,-3.1208679676055908,2.559983491897583,0.23211079835891724" boneRefs="21"/>
      <Joint type="hinge">
        <RigidRef rigidRef="3" a="-1.0000001192092896,0,0" z="0,0,-1" t="1.7200909852981567,0,0"/>
        <RigidRef rigidRef="2" a="-1,0,0" z="0,1,0" t="1.7301793098449707,0,0"/>
      </Joint>
    </RigidSystem>
    <RigidSystem>
      <Rigid refID="4" transformation="0,0,-1,0,1,0,1,0,0,1.2000000476837158,-1.52587890625E-005,-2.7999997138977051" boneRefs="22"/>
    </RigidSystem>
    <RigidSystem>
      <Rigid refID="5" transformation="0,-0.21004436910152435,0.9776918888092041,0,0.9776918888092041,0.21004436910152435,-1,0,0,-1.5999988317489624,3.1019847393035889,-1.6980061531066895" boneRefs="23"/>
      <Rigid refID="6" transformation="0,0,1,0,1,0,-1,0,0,-1.9999984502792358,-1.52587890625E-005,-4.4000091552734375" boneRefs="24,25,26"/>
      <Joint type="hinge">
        <RigidRef rigidRef="6" a="0,0,1.0000001192092896" z="1,0,0" t="2.7019999027252197,3.1019999980926514,-0.40000000596046448"/>
        <RigidRef rigidRef="5" a="0,0,1" z="-0.99999994039535522,0,0" t="0,0,0"/>
      </Joint>
    </RigidSystem>
  </RigidSystems>
  <GroupSystems>
    <GroupSystem>
      <Group transformation="1,0,0,0,1,0,0,0,1,0,0,0" pivot="0,0,0" partRefs="0,18,1,11,10,14,9,17,15,16,2,12,13,8,7,5,3,6,4"/>
      <Group transformation="1,0,0,0,1,0,0,0,1,0,0,0" pivot="0,0,0" partRefs="24,23,25,26,22"/>
      <Group transformation="1,0,0,0,1,0,0,0,1,0,0,0" pivot="0,0,0" partRefs="21,20,19"/>
    </GroupSystem>
  </GroupSystems>
</LXFML>
