<?xml version="1.0" encoding="UTF-8" standalone="no" ?>
<LXFML versionMajor="5" versionMinor="0">
  <Meta>
    <Application name="LEGO Universe" versionMajor="0" versionMinor="0"/>
    <Brand name="LEGOUniverse"/>
    <BrickSet version="434"/>
  </Meta>
  <Bricks>
    <Brick refID="0" designID="73983">
      <Part refID="0" designID="2429" materials="24">
        <Bone refID="0" transformation="0,0.9846910834312439,-0.17430886626243591,1.0000001192092896,0,0,0,-0.17430886626243591,-0.98469102382659912,-1.6000001430511475,1.2585445642471313,0.9109911322593689">
        </Bone>
      </Part>
      <Part refID="1" designID="2430" materials="24">
        <Bone refID="1" transformation="0,-0.98768812417984009,-0.15643617510795593,1,0,0,0,-0.15643617510795593,0.98768818378448486,-1.5999999046325684,2.037949800491333,-0.1497044563293457">
        </Bone>
      </Part>
    </Brick>
    <Brick refID="1" designID="3024">
      <Part refID="2" designID="3024" materials="24">
        <Bone refID="2" transformation="0,0.98469102382659912,-0.17430971562862396,1.0000001192092896,0,0,0,-0.17430971562862396,-0.98469084501266479,-1.2800002098083496,2.0462970733642578,0.77154451608657837">
        </Bone>
      </Part>
    </Brick>
    <Brick refID="2" designID="3700">
      <Part refID="3" designID="3700" materials="24">
        <Bone refID="3" transformation="0,0.98469084501266479,-0.17431004345417023,1,0,0,0,-0.17431004345417023,-0.98469078540802002,-0.96000069379806519,1.2585444450378418,0.91099125146865845">
        </Bone>
      </Part>
    </Brick>
    <Brick refID="3" designID="3024">
      <Part refID="4" designID="3024" materials="24">
        <Bone refID="4" transformation="0,0.98469084501266479,-0.17431004345417023,1,0,0,0,-0.17431004345417023,-0.98469078540802002,0,2.0462970733642578,0.77154475450515747">
        </Bone>
      </Part>
    </Brick>
    <Brick refID="4" designID="73983">
      <Part refID="5" designID="2429" materials="24">
        <Bone refID="5" transformation="0,0.9846910834312439,-0.174310103058815,1.0000002384185791,0,0,0,-0.17431008815765381,-0.98469078540802002,0.31999939680099487,1.2585444450378418,0.91099143028259277">
        </Bone>
      </Part>
      <Part refID="6" designID="2430" materials="24">
        <Bone refID="6" transformation="0,-0.98768800497055054,-0.15643699467182159,1,0,0,0,-0.15643699467182159,0.98768806457519531,0.31999999284744263,2.037949800491333,-0.14970362186431885">
        </Bone>
      </Part>
    </Brick>
    <Brick refID="5" designID="4274">
      <Part refID="7" designID="4274" materials="24">
        <Bone refID="7" transformation="-1,0,0,0,0.98469191789627075,-0.17430554330348969,0,-0.17430555820465088,-0.98469173908233643,-0.3800005316734314,1.5826973915100098,0.44739162921905518">
        </Bone>
      </Part>
    </Brick>
    <Brick refID="6" designID="3024">
      <Part refID="8" designID="3024" materials="24">
        <Bone refID="8" transformation="0,0.98768836259841919,0.15643562376499176,1.0000001192092896,0,0,0,0.15643560886383057,-0.98768818378448486,-1.2799999713897705,2.037949800491333,-0.14970439672470093">
        </Bone>
      </Part>
    </Brick>
    <Brick refID="7" designID="3700">
      <Part refID="9" designID="3700" materials="24">
        <Bone refID="9" transformation="0,0.98768818378448486,0.15643557906150818,1,0,0,0,0.15643557906150818,-0.98768824338912964,-0.95999991893768311,1.2477993965148926,-0.27485173940658569">
        </Bone>
      </Part>
    </Brick>
    <Brick refID="8" designID="3024">
      <Part refID="10" designID="3024" materials="24">
        <Bone refID="10" transformation="0,0.98768848180770874,0.15643320977687836,1,0,0,0,0.15643320977687836,-0.98768848180770874,0,2.037949800491333,-0.14970362186431885">
        </Bone>
      </Part>
    </Brick>
    <Brick refID="9" designID="4274">
      <Part refID="11" designID="4274" materials="24">
        <Bone refID="11" transformation="1,0,0,0,0.98768800497055054,0.15643694996833801,0,-0.15643694996833801,0.98768800497055054,-0.38000056147575378,1.5803008079528809,0.18279743194580078">
        </Bone>
      </Part>
    </Brick>
    <Brick refID="10" designID="3068">
      <Part refID="12" designID="3068" materials="106,0" decoration="0">
        <Bone refID="12" transformation="-0.7071070671081543,-0.69628190994262695,0.1232525110244751,0,0.17430588603019714,0.98469173908233643,-0.70710653066635132,0.69628250598907471,-0.12325290590524673,-0.38000050187110901,2.2791674137115479,1.1365420818328857">
        </Bone>
      </Part>
    </Brick>
    <Brick refID="11" designID="3023">
      <Part refID="13" designID="3023" materials="24">
        <Bone refID="13" transformation="0,0.9846910834312439,-0.17430885136127472,1.0000001192092896,0,0,0,-0.17430885136127472,-0.98469102382659912,-1.2800000905990601,0.47079235315322876,1.0504375696182251">
        </Bone>
      </Part>
    </Brick>
    <Brick refID="12" designID="3024">
      <Part refID="14" designID="3024" materials="24">
        <Bone refID="14" transformation="0,0.98469084501266479,-0.17431004345417023,1,0,0,0,-0.17431004345417023,-0.98469078540802002,-1.6000001430511475,0.47079238295555115,1.050437331199646">
        </Bone>
      </Part>
    </Brick>
    <Brick refID="13" designID="3023">
      <Part refID="15" designID="3023" materials="24">
        <Bone refID="15" transformation="0,0.98768824338912964,0.15643562376499176,1.0000001192092896,0,0,0,0.15643562376499176,-0.98768818378448486,-1.2800002098083496,0.45764964818954468,-0.40000003576278687">
        </Bone>
      </Part>
    </Brick>
    <Brick refID="14" designID="3024">
      <Part refID="16" designID="3024" materials="24">
        <Bone refID="16" transformation="0,0.98768824338912964,0.15643565356731415,1.0000001192092896,0,0,0,0.15643565356731415,-0.98768818378448486,-1.6000001430511475,0.45764955878257751,-0.40000015497207642">
        </Bone>
      </Part>
    </Brick>
    <Brick refID="15" designID="3068">
      <Part refID="17" designID="3068" materials="106,0" decoration="0">
        <Bone refID="17" transformation="0.70710653066635132,-0.69840115308761597,-0.11061733961105347,0,0.156436488032341,-0.98768806457519531,0.70710700750350952,0.69840073585510254,0.11061728745698929,-0.38000071048736572,2.2641708850860596,-0.51885908842086792">
        </Bone>
      </Part>
    </Brick>
    <Brick refID="16" designID="3023">
      <Part refID="18" designID="3023" materials="24">
        <Bone refID="18" transformation="0,0.9846910834312439,-0.17430885136127472,1.0000001192092896,0,0,0,-0.17430885136127472,-0.98469102382659912,0,0.47079259157180786,1.0504380464553833">
        </Bone>
      </Part>
    </Brick>
    <Brick refID="17" designID="3024">
      <Part refID="19" designID="3024" materials="24">
        <Bone refID="19" transformation="0,0.98469084501266479,-0.17431004345417023,1,0,0,0,-0.17431004345417023,-0.98469078540802002,0.31999939680099487,0.47079253196716309,1.0504380464553833">
        </Bone>
      </Part>
    </Brick>
    <Brick refID="18" designID="3023">
      <Part refID="20" designID="3023" materials="24">
        <Bone refID="20" transformation="0,0.98768824338912964,0.15643562376499176,1.0000001192092896,0,0,0,0.15643562376499176,-0.98768818378448486,0,0.457649827003479,-0.39999932050704956">
        </Bone>
      </Part>
    </Brick>
    <Brick refID="19" designID="3024">
      <Part refID="21" designID="3024" materials="24">
        <Bone refID="21" transformation="0,0.98768824338912964,0.15643563866615295,1.0000001192092896,0,0,0,0.15643563866615295,-0.98768818378448486,0.31999975442886353,0.45764979720115662,-0.39999932050704956">
        </Bone>
      </Part>
    </Brick>
  </Bricks>
  <RigidSystems>
    <RigidSystem>
      <Rigid refID="0" transformation="0,0.9846910834312439,-0.17430886626243591,1.0000001192092896,0,0,0,-0.17430886626243591,-0.98469102382659912,-0.80000019073486328,1.2585443258285522,0.11099109798669815" boneRefs="0,2,3,4,5,7"/>
      <Rigid refID="1" transformation="0,-0.98768812417984009,-0.15643617510795593,1,0,0,0,-0.15643617510795593,0.98768818378448486,-0.7999998927116394,2.0379495620727539,-0.94970446825027466" boneRefs="1,8,9,6,10,11"/>
      <Rigid refID="2" transformation="-0.7071070671081543,-0.69628190994262695,0.1232525110244751,0,0.17430588603019714,0.98469173908233643,-0.70710653066635132,0.69628250598907471,-0.12325290590524673,0.41999951004981995,2.2791671752929687,0.3365420401096344" boneRefs="12"/>
      <Rigid refID="3" transformation="0,0.9846910834312439,-0.17430885136127472,1.0000001192092896,0,0,0,-0.17430885136127472,-0.98469102382659912,-0.48000004887580872,0.47079211473464966,0.25043755769729614" boneRefs="13,14"/>
      <Rigid refID="4" transformation="0,0.98768824338912964,0.15643562376499176,1.0000001192092896,0,0,0,0.15643562376499176,-0.98768818378448486,-0.48000016808509827,0.45764940977096558,-1.2000000476837158" boneRefs="15,16"/>
      <Rigid refID="5" transformation="0.70710653066635132,-0.69840115308761597,-0.11061733961105347,0,0.156436488032341,-0.98768806457519531,0.70710700750350952,0.69840073585510254,0.11061728745698929,0.41999930143356323,2.2641706466674805,-1.3188591003417969" boneRefs="17"/>
      <Rigid refID="6" transformation="0,0.9846910834312439,-0.17430885136127472,1.0000001192092896,0,0,0,-0.17430885136127472,-0.98469102382659912,0.7999998927116394,0.47079235315322876,0.25043803453445435" boneRefs="18,19"/>
      <Rigid refID="7" transformation="0,0.98768824338912964,0.15643562376499176,1.0000001192092896,0,0,0,0.15643562376499176,-0.98768818378448486,0.80000007152557373,0.4576495885848999,-1.1999993324279785" boneRefs="20,21"/>
      <Joint type="hinge">
        <RigidRef rigidRef="0" a="0,-1,0" z="-1,0,0" t="1.2000000476837158,0.15999999642372131,0.40000000596046448"/>
        <RigidRef rigidRef="1" a="0,-1,0" z="-1,0,0" t="-0.40000000596046448,0.15999999642372131,0.40000000596046448"/>
      </Joint>
      <Joint type="hinge">
        <RigidRef rigidRef="0" a="0,0,-1" z="1,0,0" t="0.39999687671661377,1.2199994325637817,-0.40000128746032715"/>
        <RigidRef rigidRef="2" a="0,1,0" z="0,0,1" t="0.40000000596046448,0,-0.40000003576278687"/>
      </Joint>
      <Joint type="hinge">
        <RigidRef rigidRef="0" a="0,1,0" z="0,0,1" t="0,1.919999361038208,0"/>
        <RigidRef rigidRef="6" a="0,1,0" z="0,0,1" t="0.80000007152557373,0.31999999284744263,0"/>
      </Joint>
      <Joint type="hinge">
        <RigidRef rigidRef="0" a="0,1,0" z="0,0,1" t="0,0.63999944925308228,0"/>
        <RigidRef rigidRef="3" a="0,1,0" z="0,0,1" t="0.80000007152557373,0.31999999284744263,0"/>
      </Joint>
      <Joint type="hinge">
        <RigidRef rigidRef="1" a="0,1,0" z="0,0,1" t="0.79999971389770508,1.9199999570846558,0"/>
        <RigidRef rigidRef="7" a="0,1,0" z="0,0,1" t="0.80000007152557373,0.31999999284744263,0"/>
      </Joint>
      <Joint type="hinge">
        <RigidRef rigidRef="1" a="0,0,-1" z="-1,0,0" t="0.39999836683273315,1.2199993133544922,-0.39999911189079285"/>
        <RigidRef rigidRef="5" a="0,1,0" z="0,0,1" t="0.40000000596046448,0,-0.40000003576278687"/>
      </Joint>
      <Joint type="hinge">
        <RigidRef rigidRef="1" a="0,1,0" z="0,0,-1" t="0.79999959468841553,0.64000004529953003,0"/>
        <RigidRef rigidRef="4" a="0,1,0" z="0,0,1" t="0.80000007152557373,0.31999999284744263,0"/>
      </Joint>
    </RigidSystem>
  </RigidSystems>
  <GroupSystems>
    <GroupSystem>
    </GroupSystem>
  </GroupSystems>
</LXFML>
