<?xml version="1.0" encoding="UTF-8" standalone="no" ?>
<LXFML versionMajor="5" versionMinor="0">
  <Meta>
    <Application name="CCOP" versionMajor="0" versionMinor="0"/>
    <Brand name="LEGOUniverse"/>
    <BrickSet version="215"/>
  </Meta>
  <Bricks>
    <Brick refID="0" designID="73587">
      <Part refID="0" designID="4593" materials="194">
        <Bone refID="0" transformation="0.056394428014755249,0.29763194918632507,-0.95301359891891479,0.17741702497005463,0.93635362386703491,0.30292758345603943,0.98251867294311523,-0.18616427481174469,0,1.2000001668930054,3.3551993370056152,2.6718626022338867">
        </Bone>
      </Part>
      <Part refID="1" designID="4592" materials="24">
        <Bone refID="1" transformation="0.18616436421871185,0.98251879215240479,0,0,0,1.0000001192092896,0.98251873254776001,-0.1861642450094223,0,1.1999999284744263,3.3551995754241943,2.2518625259399414">
        </Bone>
      </Part>
    </Brick>
    <Brick refID="1" designID="3032">
      <Part refID="2" designID="3032" materials="26">
        <Bone refID="2" transformation="0,0,-1,0,0.99999994039535522,0,1,0,0,1.1999999284744263,2.4751992225646973,1.2000000476837158">
        </Bone>
      </Part>
    </Brick>
    <Brick refID="2" designID="3700">
      <Part refID="3" designID="3700" materials="24">
        <Bone refID="3" transformation="0,0,-1,0,0.99999994039535522,0,1,0,0,1.2000001668930054,2.7951991558074951,-0.40000021457672119">
        </Bone>
      </Part>
    </Brick>
    <Brick refID="3" designID="3023">
      <Part refID="4" designID="3023" materials="26">
        <Bone refID="4" transformation="1,0,0,0,1,0,0,0,1,-0.39999997615814209,2.1551992893218994,1.2000002861022949">
        </Bone>
      </Part>
    </Brick>
    <Brick refID="4" designID="4855">
      <Part refID="5" designID="4855" materials="24">
        <Bone refID="5" transformation="0,0,-1,0,0.99999994039535522,0,1,0,0,0.39999997615814209,1.5151991844177246,2.0000004768371582">
        </Bone>
      </Part>
    </Brick>
    <Brick refID="5" designID="3024">
      <Part refID="6" designID="3024" materials="26">
        <Bone refID="6" transformation="1,0,0,0,1,0,0,0,1,1.1999999284744263,2.4751992225646973,2.0000004768371582">
        </Bone>
      </Part>
    </Brick>
    <Brick refID="6" designID="4070">
      <Part refID="7" designID="4070" materials="24">
        <Bone refID="7" transformation="1,0,0,0,1,0,0,0,1,1.2000001668930054,2.7951991558074951,2.0000004768371582">
        </Bone>
      </Part>
    </Brick>
    <Brick refID="7" designID="3710">
      <Part refID="8" designID="3710" materials="24">
        <Bone refID="8" transformation="0,0,-1,0,0.99999994039535522,0,1,0,0,1.2000001668930054,3.7551994323730469,2.0000004768371582">
        </Bone>
      </Part>
    </Brick>
    <Brick refID="8" designID="3700">
      <Part refID="9" designID="3700" materials="24">
        <Bone refID="9" transformation="0,0,-1,0,0.99999994039535522,0,1,0,0,1.2000001668930054,2.7951991558074951,1.2000000476837158">
        </Bone>
      </Part>
    </Brick>
    <Brick refID="9" designID="6541">
      <Part refID="10" designID="6541" materials="24">
        <Bone refID="10" transformation="0,0,-1,0,0.99999994039535522,0,1,0,0,1.2000001668930054,4.0751991271972656,1.2000002861022949">
        </Bone>
      </Part>
    </Brick>
    <Brick refID="10" designID="2420">
      <Part refID="11" designID="2420" materials="24">
        <Bone refID="11" transformation="1,0,0,0,1,0,0,0,1,0.39999997615814209,5.0351996421813965,0.39999985694885254">
        </Bone>
      </Part>
    </Brick>
    <Brick refID="11" designID="85984">
      <Part refID="12" designID="85984" materials="24">
        <Bone refID="12" transformation="1,0,0,0,1,0,0,0,1,1.1999999284744263,5.3551998138427734,1.2000002861022949">
        </Bone>
      </Part>
    </Brick>
    <Brick refID="12" designID="3040">
      <Part refID="13" designID="3040" materials="24">
        <Bone refID="13" transformation="-1,0,0,0,1,0,0,0,-1,1.2000001668930054,4.0751991271972656,0.39999985694885254">
        </Bone>
      </Part>
    </Brick>
    <Brick refID="13" designID="3024">
      <Part refID="14" designID="3024" materials="26">
        <Bone refID="14" transformation="1,0,0,0,1,0,0,0,1,-1.1999999284744263,2.4751992225646973,2.0000004768371582">
        </Bone>
      </Part>
    </Brick>
    <Brick refID="14" designID="4070">
      <Part refID="15" designID="4070" materials="24">
        <Bone refID="15" transformation="1,0,0,0,1,0,0,0,1,-1.1999999284744263,2.7951991558074951,2.0000004768371582">
        </Bone>
      </Part>
    </Brick>
    <Brick refID="15" designID="3710">
      <Part refID="16" designID="3710" materials="24">
        <Bone refID="16" transformation="0,0,-1,0,0.99999994039535522,0,1,0,0,-1.1999999284744263,3.7551994323730469,2.0000004768371582">
        </Bone>
      </Part>
    </Brick>
    <Brick refID="16" designID="6541">
      <Part refID="17" designID="6541" materials="24">
        <Bone refID="17" transformation="0,0,-1,0,0.99999994039535522,0,1,0,0,-1.1999996900558472,4.0751991271972656,1.200000524520874">
        </Bone>
      </Part>
    </Brick>
    <Brick refID="17" designID="2420">
      <Part refID="18" designID="2420" materials="24">
        <Bone refID="18" transformation="0,0,-1,0,0.99999994039535522,0,1,0,0,-1.1999994516372681,5.0351996421813965,1.200000524520874">
        </Bone>
      </Part>
    </Brick>
    <Brick refID="18" designID="85984">
      <Part refID="19" designID="85984" materials="24">
        <Bone refID="19" transformation="-1,0,0,0,1,0,0,0,-1,-1.1999994516372681,5.3551998138427734,0.39999985694885254">
        </Bone>
      </Part>
    </Brick>
    <Brick refID="19" designID="3700">
      <Part refID="20" designID="3700" materials="24">
        <Bone refID="20" transformation="0,0,-1,0,0.99999994039535522,0,1,0,0,-1.1999999284744263,2.7951991558074951,1.2000000476837158">
        </Bone>
      </Part>
    </Brick>
    <Brick refID="20" designID="3040">
      <Part refID="21" designID="3040" materials="24">
        <Bone refID="21" transformation="-1,0,0,0,1,0,0,0,-1,-1.1999996900558472,4.0751991271972656,0.40000009536743164">
        </Bone>
      </Part>
    </Brick>
    <Brick refID="21" designID="30365">
      <Part refID="22" designID="30365" materials="24">
        <Bone refID="22" transformation="0,0,1,0,0.99999994039535522,0,-1,0,0,-0.39999997615814209,2.7951991558074951,-2.0000002384185791">
        </Bone>
      </Part>
    </Brick>
    <Brick refID="22" designID="87079">
      <Part refID="23" designID="87079" materials="24">
        <Bone refID="23" transformation="1,0,0,0,1,0,0,0,1,-1.1999998092651367,3.7551994323730469,-1.2000001668930054">
        </Bone>
      </Part>
    </Brick>
    <Brick refID="23" designID="30365">
      <Part refID="24" designID="30365" materials="24">
        <Bone refID="24" transformation="0,0,1,0,0.99999994039535522,0,-1,0,0,0.39999997615814209,2.7951991558074951,-2.0000002384185791">
        </Bone>
      </Part>
    </Brick>
    <Brick refID="24" designID="3003">
      <Part refID="25" designID="3003" materials="24,0,0" decoration="0,0">
        <Bone refID="25" transformation="1,0,0,0,1,0,0,0,1,-0.40000021457672119,2.7951991558074951,0.40000009536743164">
        </Bone>
      </Part>
    </Brick>
    <Brick refID="25" designID="50943">
      <Part refID="26" designID="50943" materials="194">
        <Bone refID="26" transformation="0,0,-1,0,0.99999994039535522,0,1,0,0,0.39999997615814209,3.7551994323730469,0.39999985694885254">
        </Bone>
      </Part>
    </Brick>
    <Brick refID="26" designID="3069">
      <Part refID="27" designID="3069" materials="24,0" decoration="0">
        <Bone refID="27" transformation="1,0,0,0,1,0,0,0,1,-0.40022313594818115,2.7951991558074951,1.2000002861022949">
        </Bone>
      </Part>
    </Brick>
    <Brick refID="27" designID="3700">
      <Part refID="28" designID="3700" materials="24">
        <Bone refID="28" transformation="0,0,-1,0,0.99999994039535522,0,1,0,0,1.2000001668930054,2.7951991558074951,-2">
        </Bone>
      </Part>
    </Brick>
    <Brick refID="28" designID="3070">
      <Part refID="29" designID="3070" materials="24">
        <Bone refID="29" transformation="1,0,0,0,1,0,0,0,1,1.2000001668930054,3.7551994323730469,-2.7999999523162842">
        </Bone>
      </Part>
    </Brick>
    <Brick refID="29" designID="3700">
      <Part refID="30" designID="3700" materials="24">
        <Bone refID="30" transformation="0,0,-1,0,0.99999994039535522,0,1,0,0,-1.1999998092651367,2.7951991558074951,-0.40000021457672119">
        </Bone>
      </Part>
    </Brick>
    <Brick refID="30" designID="3700">
      <Part refID="31" designID="3700" materials="24">
        <Bone refID="31" transformation="0,0,-1,0,0.99999994039535522,0,1,0,0,-1.1999998092651367,2.7951991558074951,-2">
        </Bone>
      </Part>
    </Brick>
    <Brick refID="31" designID="3070">
      <Part refID="32" designID="3070" materials="24">
        <Bone refID="32" transformation="1,0,0,0,1,0,0,0,1,-1.1999998092651367,3.7551994323730469,-2.7999997138977051">
        </Bone>
      </Part>
    </Brick>
    <Brick refID="32" designID="73587">
      <Part refID="33" designID="4592" materials="24">
        <Bone refID="33" transformation="-0.21867477893829346,0.97579795122146606,0,0,0,1.0000001192092896,0.97579789161682129,0.21867494285106659,0,-1.1999998092651367,3.3551995754241943,2.2518625259399414">
        </Bone>
      </Part>
      <Part refID="34" designID="4593" materials="194">
        <Bone refID="34" transformation="-0.066242657601833344,0.29559609293937683,-0.95301365852355957,-0.2084001898765564,0.92994868755340576,0.30292761325836182,0.97579783201217651,0.21867495775222778,0,-1.2000001668930054,3.3551990985870361,2.6718626022338867">
        </Bone>
      </Part>
    </Brick>
    <Brick refID="33" designID="3023">
      <Part refID="35" designID="3023" materials="24">
        <Bone refID="35" transformation="1,0,0,0,1,0,0,0,1,-0.39999985694885254,5.3551998138427734,0.39999985694885254">
        </Bone>
      </Part>
    </Brick>
    <Brick refID="34" designID="3794">
      <Part refID="36" designID="3794" materials="24">
        <Bone refID="36" transformation="1,0,0,0,1,0,0,0,1,-0.39999997615814209,5.675199031829834,0.39999985694885254">
        </Bone>
      </Part>
    </Brick>
    <Brick refID="35" designID="6141">
      <Part refID="37" designID="6141" materials="182">
        <Bone refID="37" transformation="1,0,0,0,1,0,0,0,1,0,5.9951992034912109,0.39999985694885254">
        </Bone>
      </Part>
    </Brick>
    <Brick refID="36" designID="6141">
      <Part refID="38" designID="6141" materials="182">
        <Bone refID="38" transformation="1,0,0,0,1,0,0,0,1,0,6.3151993751525879,0.39999985694885254">
        </Bone>
      </Part>
    </Brick>
    <Brick refID="37" designID="41532">
      <Part refID="39" designID="41532" materials="26">
        <Bone refID="39" transformation="-1,0,0,0,0.54792648553848267,-0.83652657270431519,0,-0.83652657270431519,-0.54792636632919312,2.8000006675720215,4.6551990509033203,1.1999993324279785">
        </Bone>
      </Part>
    </Brick>
    <Brick refID="38" designID="30554">
      <Part refID="40" designID="30554" materials="26">
        <Bone refID="40" transformation="0.30473235249519348,-0.5218660831451416,0.79673963785171509,0.95243805646896362,0.16697090864181519,-0.25491669774055481,0,0.83652645349502563,0.54792654514312744,2.8000006675720215,4.6551990509033203,1.1999993324279785">
        </Bone>
      </Part>
    </Brick>
    <Brick refID="39" designID="30553">
      <Part refID="41" designID="30553" materials="26">
        <Bone refID="41" transformation="-0.14351296424865723,-0.54225456714630127,0.82786720991134644,0.98964846134185791,-0.078634627163410187,0.12005233764648438,0,0.83652657270431519,0.54792648553848267,3.2875723838806152,3.8202135562896729,2.4747824668884277">
        </Bone>
      </Part>
    </Brick>
    <Brick refID="40" designID="4697">
      <Part refID="42" designID="4697" materials="194">
        <Bone refID="42" transformation="0.92381471395492554,-0.3734118640422821,-0.084439493715763092,0.35492312908172607,0.7526777982711792,0.55453205108642578,-0.14351311326026917,-0.54225432872772217,0.82786726951599121,3.0837836265563965,3.0502123832702637,3.6503539085388184">
        </Bone>
      </Part>
    </Brick>
    <Brick refID="41" designID="60897">
      <Part refID="43" designID="60897" materials="24">
        <Bone refID="43" transformation="0.3549230694770813,0.7526782751083374,0.55453163385391235,0.92381495237350464,-0.37341126799583435,-0.084439747035503387,0.14351244270801544,0.54225414991378784,-0.82786750793457031,3.4107050895690918,2.4378573894500732,4.2722725868225098">
        </Bone>
      </Part>
    </Brick>
    <Brick refID="42" designID="50950">
      <Part refID="44" designID="50950" materials="24">
        <Bone refID="44" transformation="-0.14351288974285126,-0.54225444793701172,0.82786738872528076,0.92381471395492554,-0.37341201305389404,-0.08443981409072876,0.3549235463142395,0.75267773866653442,0.55453222990036011,3.7063255310058594,2.3183658123016357,4.2452516555786133">
        </Bone>
      </Part>
    </Brick>
    <Brick refID="43" designID="41532">
      <Part refID="45" designID="41532" materials="26">
        <Bone refID="45" transformation="1,0,0,0,0.086966149508953094,-0.99621129035949707,0,0.99621129035949707,0.086966149508953094,-2.8000001907348633,4.6551990509033203,1.200000524520874">
        </Bone>
      </Part>
    </Brick>
    <Brick refID="44" designID="30554">
      <Part refID="46" designID="30554" materials="26">
        <Bone refID="46" transformation="-0.29065194725990295,-0.083211697638034821,0.95320367813110352,-0.95682883262634277,0.025276888161897659,-0.28955078125,0,-0.99621129035949707,-0.086966075003147125,-2.8000001907348633,4.6551990509033203,1.200000524520874">
        </Bone>
      </Part>
    </Brick>
    <Brick refID="45" designID="30553">
      <Part refID="47" designID="30553" materials="26">
        <Bone refID="47" transformation="0.19931237399578094,-0.085221283137798309,0.9762234091758728,-0.97993612289428711,-0.01733328215777874,0.19855718314647675,0,-0.99621134996414185,-0.086966097354888916,-3.2650432586669922,4.5220599174499512,2.7251262664794922">
        </Bone>
      </Part>
    </Brick>
    <Brick refID="46" designID="4697">
      <Part refID="48" designID="4697" materials="194">
        <Bone refID="48" transformation="-0.31730017066001892,0.93692964315414429,0.14657312631607056,-0.92714369297027588,-0.3389696478843689,0.1597009003162384,0.19931234419345856,-0.085221186280250549,0.97622352838516235,-2.9820201396942139,4.4010457992553711,4.111363410949707">
        </Bone>
      </Part>
    </Brick>
    <Brick refID="47" designID="60897">
      <Part refID="49" designID="60897" materials="24">
        <Bone refID="49" transformation="-0.9271436333656311,-0.33896955847740173,0.15970085561275482,-0.31730034947395325,0.93692958354949951,0.1465718001127243,-0.19931185245513916,0.085219964385032654,-0.97622352838516235,-2.8727545738220215,4.4810543060302734,4.9155240058898926">
        </Bone>
      </Part>
    </Brick>
    <Brick refID="48" designID="50950">
      <Part refID="50" designID="50950" materials="24">
        <Bone refID="50" transformation="0.19931229948997498,-0.085221096873283386,0.97622328996658325,-0.3173002302646637,0.93692946434020996,0.1465730220079422,-0.92714351415634155,-0.33896967768669128,0.1597009003162384,-2.9742908477783203,4.7808723449707031,4.962428092956543">
        </Bone>
      </Part>
    </Brick>
    <Brick refID="49" designID="60897">
      <Part refID="51" designID="60897" materials="24">
        <Bone refID="51" transformation="0.92714393138885498,0.33897033333778381,-0.15969909727573395,0.31730133295059204,-0.93692940473556519,-0.14657154679298401,-0.19931016862392426,0.085220150649547577,-0.97622382640838623,-2.7723853588104248,4.1846828460693359,4.8691606521606445">
        </Bone>
      </Part>
    </Brick>
    <Brick refID="50" designID="50950">
      <Part refID="52" designID="50950" materials="24">
        <Bone refID="52" transformation="0.199311763048172,-0.085220746695995331,0.97622352838516235,0.31730088591575623,-0.93692934513092041,-0.14657258987426758,0.92714351415634155,0.33897021412849426,-0.15970030426979065,-2.6708493232727051,3.8848655223846436,4.8222570419311523">
        </Bone>
      </Part>
    </Brick>
    <Brick refID="51" designID="30364">
      <Part refID="53" designID="30364" materials="24">
        <Bone refID="53" transformation="0,0.69626349210739136,-0.71778631210327148,0,0.71778631210327148,0.69626349210739136,1,0,0,0.40000021457672119,3.5102496147155762,-3.7641370296478271">
        </Bone>
      </Part>
    </Brick>
    <Brick refID="52" designID="87079">
      <Part refID="54" designID="87079" materials="24">
        <Bone refID="54" transformation="0,0.69626349210739136,-0.71778631210327148,0,0.71778631210327148,0.69626349210739136,1,0,0,0.40000021457672119,4.1993246078491211,-3.09572434425354">
        </Bone>
      </Part>
    </Brick>
    <Brick refID="53" designID="30364">
      <Part refID="55" designID="30364" materials="24">
        <Bone refID="55" transformation="0,0.69626349210739136,-0.71778631210327148,0,0.71778631210327148,0.69626349210739136,1,0,0,-0.39999973773956299,3.5102498531341553,-3.7641372680664062">
        </Bone>
      </Part>
    </Brick>
    <Brick refID="54" designID="30365">
      <Part refID="56" designID="30365" materials="24">
        <Bone refID="56" transformation="0,-0.69626349210739136,0.71778631210327148,0,0.71778631210327148,0.69626349210739136,-1,0,0,0.4000014066696167,5.1812825202941895,-5.4868259429931641">
        </Bone>
      </Part>
    </Brick>
    <Brick refID="55" designID="3020">
      <Part refID="57" designID="3020" materials="26">
        <Bone refID="57" transformation="0,0.69626349210739136,-0.71778631210327148,0,0.71778631210327148,0.69626349210739136,1,0,0,0.40000021457672119,3.2805583477020264,-3.9869418144226074">
        </Bone>
      </Part>
    </Brick>
    <Brick refID="56" designID="30365">
      <Part refID="58" designID="30365" materials="24">
        <Bone refID="58" transformation="0,-0.69626349210739136,0.71778631210327148,0,0.71778631210327148,0.69626349210739136,-1,0,0,-0.39999890327453613,5.1812825202941895,-5.4868259429931641">
        </Bone>
      </Part>
    </Brick>
    <Brick refID="57" designID="30364">
      <Part refID="59" designID="30364" materials="24">
        <Bone refID="59" transformation="0,0.99624919891357422,0.086531005799770355,0,-0.086530961096286774,0.99624919891357422,1,0,0,0.4000014066696167,6.9857115745544434,-6.1598215103149414">
        </Bone>
      </Part>
    </Brick>
    <Brick refID="58" designID="87079">
      <Part refID="60" designID="87079" materials="24">
        <Bone refID="60" transformation="0,0.99624913930892944,0.086530998349189758,0,-0.086530953645706177,0.99624913930892944,1,0,0,0.4000014066696167,6.9026412963867187,-5.2034215927124023">
        </Bone>
      </Part>
    </Brick>
    <Brick refID="59" designID="30364">
      <Part refID="61" designID="30364" materials="24">
        <Bone refID="61" transformation="0,0.99624913930892944,0.086530998349189758,0,-0.086530953645706177,0.99624913930892944,1,0,0,-0.39999878406524658,6.9857110977172852,-6.1598215103149414">
        </Bone>
      </Part>
    </Brick>
    <Brick refID="60" designID="30365">
      <Part refID="62" designID="30365" materials="24">
        <Bone refID="62" transformation="0,-0.99624913930892944,-0.086530998349189758,0,-0.086530953645706177,0.99624913930892944,-1,0,0,0.40000236034393311,9.3767108917236328,-5.9521474838256836">
        </Bone>
      </Part>
    </Brick>
    <Brick refID="61" designID="3020">
      <Part refID="63" designID="3020" materials="26">
        <Bone refID="63" transformation="0,0.99624913930892944,0.086530998349189758,0,-0.086530953645706177,0.99624913930892944,1,0,0,0.4000014066696167,7.0134010314941406,-6.4786214828491211">
        </Bone>
      </Part>
    </Brick>
    <Brick refID="62" designID="30365">
      <Part refID="64" designID="30365" materials="24">
        <Bone refID="64" transformation="0,-0.99624913930892944,-0.086530998349189758,0,-0.086530953645706177,0.99624913930892944,-1,0,0,-0.39999771118164063,9.3767108917236328,-5.9521474838256836">
        </Bone>
      </Part>
    </Brick>
    <Brick refID="63" designID="30364">
      <Part refID="65" designID="30364" materials="24">
        <Bone refID="65" transformation="0,0.55853325128555298,0.82948219776153564,0,-0.82948219776153564,0.55853325128555298,1,0,0,0.40000236034393311,11.036587715148926,-4.9742155075073242">
        </Bone>
      </Part>
    </Brick>
    <Brick refID="64" designID="87079">
      <Part refID="66" designID="87079" materials="24">
        <Bone refID="66" transformation="0,0.55853325128555298,0.82948219776153564,0,-0.82948219776153564,0.55853325128555298,1,0,0,0.40000236034393311,10.240283966064453,-4.438023567199707">
        </Bone>
      </Part>
    </Brick>
    <Brick refID="65" designID="30364">
      <Part refID="67" designID="30364" materials="24">
        <Bone refID="67" transformation="0,0.55853325128555298,0.82948219776153564,0,-0.82948219776153564,0.55853325128555298,1,0,0,-0.39999783039093018,11.036587715148926,-4.9742159843444824">
        </Bone>
      </Part>
    </Brick>
    <Brick refID="66" designID="30365">
      <Part refID="68" designID="30365" materials="24">
        <Bone refID="68" transformation="0,-0.55853325128555298,-0.82948219776153564,0,-0.82948219776153564,0.55853325128555298,-1,0,0,0.40000331401824951,12.377067565917969,-2.9834585189819336">
        </Bone>
      </Part>
    </Brick>
    <Brick refID="67" designID="3020">
      <Part refID="69" designID="3020" materials="26">
        <Bone refID="69" transformation="0,0.55853325128555298,0.82948219776153564,0,-0.82948219776153564,0.55853325128555298,1,0,0,0.40000236034393311,11.302021026611328,-5.1529464721679687">
        </Bone>
      </Part>
    </Brick>
    <Brick refID="68" designID="30365">
      <Part refID="70" designID="30365" materials="24">
        <Bone refID="70" transformation="0,-0.55853325128555298,-0.82948219776153564,0,-0.82948219776153564,0.55853325128555298,-1,0,0,-0.39999675750732422,12.377067565917969,-2.9834585189819336">
        </Bone>
      </Part>
    </Brick>
    <Brick refID="69" designID="30364">
      <Part refID="71" designID="30364" materials="24">
        <Bone refID="71" transformation="0,-0.19159014523029327,0.98147517442703247,0,-0.98147505521774292,-0.19159014523029327,1.0000001192092896,0,0,0.40000355243682861,12.755738258361816,-1.1146228313446045">
        </Bone>
      </Part>
    </Brick>
    <Brick refID="70" designID="87079">
      <Part refID="72" designID="87079" materials="24">
        <Bone refID="72" transformation="0,-0.19158567488193512,0.981475830078125,0,-0.981475830078125,-0.19158567488193512,1,0,0,0.40000331401824951,11.813522338867188,-1.2985483407974243">
        </Bone>
      </Part>
    </Brick>
    <Brick refID="71" designID="30364">
      <Part refID="73" designID="30364" materials="24">
        <Bone refID="73" transformation="0,-0.19158567488193512,0.981475830078125,0,-0.981475830078125,-0.19158567488193512,1,0,0,-0.39999663829803467,12.755738258361816,-1.1146224737167358">
        </Bone>
      </Part>
    </Brick>
    <Brick refID="72" designID="30365">
      <Part refID="74" designID="30365" materials="24">
        <Bone refID="74" transformation="0,0.19158567488193512,-0.981475830078125,0,-0.981475830078125,-0.19158567488193512,-1,0,0,0.40000450611114502,12.295923233032227,1.2409183979034424">
        </Bone>
      </Part>
    </Brick>
    <Brick refID="73" designID="3020">
      <Part refID="75" designID="3020" materials="26">
        <Bone refID="75" transformation="0,-0.19158567488193512,0.981475830078125,0,-0.981475830078125,-0.19158567488193512,1,0,0,0.40000355243682861,13.069809913635254,-1.0533139705657959">
        </Bone>
      </Part>
    </Brick>
    <Brick refID="74" designID="30365">
      <Part refID="76" designID="30365" materials="24">
        <Bone refID="76" transformation="0,0.19158567488193512,-0.981475830078125,0,-0.981475830078125,-0.19158567488193512,-1,0,0,-0.39999568462371826,12.295923233032227,1.2409186363220215">
        </Bone>
      </Part>
    </Brick>
    <Brick refID="75" designID="30364">
      <Part refID="77" designID="30364" materials="24">
        <Bone refID="77" transformation="0,-0.55151009559631348,0.83416831493377686,0,-0.83416825532913208,-0.55151009559631348,1.0000001192092896,0,0,0.40000450611114502,11.618952751159668,2.894989013671875">
        </Bone>
      </Part>
    </Brick>
    <Brick refID="76" designID="3176">
      <Part refID="78" designID="3176" materials="24">
        <Bone refID="78" transformation="0,0.55151009559631348,-0.83416831493377686,0,-0.83416825532913208,-0.55151009559631348,-1.0000001192092896,0,0,-0.39999580383300781,10.37694263458252,3.0328731536865234">
        </Bone>
      </Part>
    </Brick>
    <Brick refID="77" designID="3024">
      <Part refID="79" designID="3024" materials="24">
        <Bone refID="79" transformation="0.99999994039535522,0,0,0,-0.83416825532913208,-0.55151009559631348,0,0.5515100359916687,-0.83416825532913208,0,10.202669143676758,3.8766918182373047">
        </Bone>
      </Part>
    </Brick>
    <Brick refID="78" designID="30364">
      <Part refID="80" designID="30364" materials="24">
        <Bone refID="80" transformation="0,-0.55151009559631348,0.83416831493377686,0,-0.83416825532913208,-0.55151009559631348,1.0000001192092896,0,0,-0.39999556541442871,11.618952751159668,2.8949880599975586">
        </Bone>
      </Part>
    </Brick>
    <Brick refID="79" designID="4081">
      <Part refID="81" designID="4081" materials="24">
        <Bone refID="81" transformation="-1,0,0,0,-0.83416837453842163,-0.55150991678237915,0,-0.55150985717773438,0.83416837453842163,0,10.469602584838867,4.0531744956970215">
        </Bone>
      </Part>
    </Brick>
    <Brick refID="80" designID="3069">
      <Part refID="82" designID="3069" materials="24,0" decoration="0">
        <Bone refID="82" transformation="0,-0.55150991678237915,0.83416843414306641,1.0000001192092896,0,0,0,0.83416843414306641,0.5515100359916687,0.48000466823577881,9.8252573013305664,4.5859375">
        </Bone>
      </Part>
    </Brick>
    <Brick refID="81" designID="3023">
      <Part refID="83" designID="3023" materials="24">
        <Bone refID="83" transformation="0,-0.55150985717773438,0.83416849374771118,1.0000001192092896,0,0,0,0.83416849374771118,0.55150997638702393,0.16000485420227051,9.8251333236694336,4.5861244201660156">
        </Bone>
      </Part>
    </Brick>
    <Brick refID="82" designID="3021">
      <Part refID="84" designID="3021" materials="26">
        <Bone refID="84" transformation="0,-0.55151009559631348,0.83416831493377686,0,-0.83416825532913208,-0.55151009559631348,1.0000001192092896,0,0,0.40000450611114502,11.885885238647461,3.0714712142944336">
        </Bone>
      </Part>
    </Brick>
    <Brick refID="83" designID="3794">
      <Part refID="85" designID="3794" materials="24">
        <Bone refID="85" transformation="0.99999994039535522,0,0,0,-0.83416825532913208,-0.55151009559631348,0,0.5515100359916687,-0.83416825532913208,-0.39999508857727051,10.736536979675293,4.2296576499938965">
        </Bone>
      </Part>
    </Brick>
    <Brick refID="84" designID="3023">
      <Part refID="86" designID="3023" materials="24">
        <Bone refID="86" transformation="0,0.55150985717773438,-0.83416837453842163,-1,0,0,0,0.83416837453842163,0.55150991678237915,-0.15999507904052734,9.3839254379272461,5.2534584999084473">
        </Bone>
      </Part>
    </Brick>
    <Brick refID="85" designID="3069">
      <Part refID="87" designID="3069" materials="24,0" decoration="0">
        <Bone refID="87" transformation="0,0.55150985717773438,-0.83416837453842163,-1,0,0,0,0.83416837453842163,0.55150991678237915,-0.4799952507019043,9.3838024139404297,5.2536444664001465">
        </Bone>
      </Part>
    </Brick>
    <Brick refID="86" designID="30395">
      <Part refID="88" designID="30395" materials="199">
        <Bone refID="88" transformation="0,-0.99908828735351563,0.042692776769399643,1,0,0,0,0.042692776769399643,0.99908828735351563,0.16000461578369141,9.3839263916015625,5.2534589767456055">
        </Bone>
      </Part>
    </Brick>
    <Brick refID="87" designID="47455">
      <Part refID="89" designID="47455" materials="26">
        <Bone refID="89" transformation="0,-0.87627720832824707,-0.4818074107170105,0,-0.48180735111236572,0.87627720832824707,-1.0000001192092896,0,0,0.80000007152557373,3.3751993179321289,-0.79999995231628418">
        </Bone>
      </Part>
    </Brick>
    <Brick refID="88" designID="48170">
      <Part refID="90" designID="48170" materials="24">
        <Bone refID="90" transformation="0.6644098162651062,-0.65490227937698364,-0.36008769273757935,0,-0.48180752992630005,0.87627714872360229,-0.74736881256103516,-0.58220678567886353,-0.3201177716255188,2.898622989654541,2.6359500885009766,-1.8680018186569214">
        </Bone>
      </Part>
    </Brick>
    <Brick refID="89" designID="3069">
      <Part refID="91" designID="3069" materials="24,0" decoration="0">
        <Bone refID="91" transformation="-0.74736803770065308,-0.5822070837020874,-0.32011866569519043,0,-0.48180818557739258,0.87627679109573364,-0.66441035270690918,0.65490144491195679,0.36008822917938232,3.4966845512390137,2.6393101215362549,-0.77061045169830322">
        </Bone>
      </Part>
    </Brick>
    <Brick refID="90" designID="3068">
      <Part refID="92" designID="3068" materials="24,0" decoration="0">
        <Bone refID="92" transformation="0.6644098162651062,-0.65490227937698364,-0.36008769273757935,0,-0.48180752992630005,0.87627714872360229,-0.74736881256103516,-0.58220678567886353,-0.3201177716255188,3.4301514625549316,1.6494946479797363,-1.3148453235626221">
        </Bone>
      </Part>
    </Brick>
    <Brick refID="91" designID="3700">
      <Part refID="93" designID="3700" materials="24">
        <Bone refID="93" transformation="0.74736917018890381,0.58220678567886353,0.32011768221855164,0,-0.48180738091468811,0.87627720832824707,0.66440951824188232,-0.65490233898162842,-0.36008763313293457,3.9616789817810059,1.5881084203720093,-2.4441416263580322">
        </Bone>
      </Part>
    </Brick>
    <Brick refID="92" designID="4274">
      <Part refID="94" designID="4274" materials="23">
        <Bone refID="94" transformation="0,-0.48180767893791199,0.87627708911895752,0.74736875295639038,0.58220696449279785,0.32011774182319641,-0.66440963745117188,0.65490216016769409,0.36008799076080322,3.9948625564575195,1.8035037517547607,-1.6638188362121582">
        </Bone>
      </Part>
    </Brick>
    <Brick refID="93" designID="4032">
      <Part refID="95" designID="4032" materials="26">
        <Bone refID="95" transformation="0,0.48180747032165527,-0.87627708911895752,0.66441047191619873,-0.65490192174911499,-0.36008629202842712,-0.74736785888671875,-0.58220702409744263,-0.32011920213699341,4.227442741394043,0.85397607088088989,-1.729425311088562">
        </Bone>
      </Part>
    </Brick>
    <Brick refID="94" designID="4150">
      <Part refID="96" designID="4150" materials="26,0" decoration="0">
        <Bone refID="96" transformation="0,0.48180800676345825,-0.87627691030502319,0.66441088914871216,-0.65490126609802246,-0.36008661985397339,-0.7473675012588501,-0.5822073221206665,-0.3201194703578949,4.4400539398193359,0.64440745115280151,-1.8446533679962158">
        </Bone>
      </Part>
    </Brick>
    <Brick refID="95" designID="4274">
      <Part refID="97" designID="4274" materials="24">
        <Bone refID="97" transformation="0.66440951824188232,-0.65490210056304932,-0.3600878119468689,0,0.48180726170539856,-0.87627720832824707,0.74736869335174561,0.58220702409744263,0.32011717557907104,3.4633345603942871,2.3274240493774414,-1.3757492303848267">
        </Bone>
      </Part>
    </Brick>
    <Brick refID="96" designID="3069">
      <Part refID="98" designID="3069" materials="24,0" decoration="0">
        <Bone refID="98" transformation="-0.66440927982330322,0.65490233898162842,0.36008790135383606,-0.74736899137496948,-0.5822066068649292,-0.32011747360229492,0,-0.48180752992630005,0.87627732753753662,3.3971147537231445,1.337591290473938,-1.91999351978302">
        </Bone>
      </Part>
    </Brick>
    <Brick refID="97" designID="4274">
      <Part refID="99" designID="4274" materials="24">
        <Bone refID="99" transformation="0.66440963745117188,-0.65490198135375977,-0.36008766293525696,0,-0.48180761933326721,0.87627702951431274,-0.74736857414245605,-0.5822068452835083,-0.32011786103248596,3.4633345603942871,2.327235221862793,-1.3754056692123413">
        </Bone>
      </Part>
    </Brick>
    <Brick refID="98" designID="3069">
      <Part refID="100" designID="3069" materials="24,0" decoration="0">
        <Bone refID="100" transformation="-0.66440951824188232,0.65490132570266724,0.36008927226066589,0.74736875295639038,0.58220630884170532,0.32011845707893372,0,0.48180919885635376,-0.87627619504928589,4.5929045677185059,2.2689335346221924,-1.4074625968933105">
        </Bone>
      </Part>
    </Brick>
    <Brick refID="99" designID="47455">
      <Part refID="101" designID="47455" materials="26">
        <Bone refID="101" transformation="0,0.70710664987564087,0.70710700750350952,0,0.70710700750350952,-0.70710664987564087,-1,0,0,0.80000007152557373,3.3751993179321289,-2.4000000953674316">
        </Bone>
      </Part>
    </Brick>
    <Brick refID="100" designID="48170">
      <Part refID="102" designID="48170" materials="24">
        <Bone refID="102" transformation="0.33605444431304932,-0.66598320007324219,-0.66598337888717651,0,0.70710688829421997,-0.70710670948028564,0.94184261560440063,0.23762631416320801,0.23762640357017517,3.1796512603759766,2.2610783576965332,-2.6943154335021973">
        </Bone>
      </Part>
    </Brick>
    <Brick refID="101" designID="3069">
      <Part refID="103" designID="3069" materials="24,0" decoration="0">
        <Bone refID="103" transformation="0.94184255599975586,0.23762625455856323,0.23762635886669159,0,0.70710694789886475,-0.70710664987564087,-0.33605435490608215,0.66598320007324219,0.66598343849182129,2.4259672164916992,2.7497470378875732,-3.5632922649383545">
        </Bone>
      </Part>
    </Brick>
    <Brick refID="102" designID="3068">
      <Part refID="104" designID="3068" materials="24,0" decoration="0">
        <Bone refID="104" transformation="0.33605444431304932,-0.66598320007324219,-0.66598337888717651,0,0.70710688829421997,-0.70710670948028564,0.94184255599975586,0.23762631416320801,0.23762638866901398,3.4484930038452148,2.4071142673492432,-3.9059252738952637">
        </Bone>
      </Part>
    </Brick>
    <Brick refID="103" designID="3700">
      <Part refID="105" designID="3700" materials="24">
        <Bone refID="105" transformation="-0.94184249639511108,-0.2376265674829483,-0.23762641847133636,0,0.70710700750350952,-0.70710659027099609,0.33605459332466125,-0.66598314046859741,-0.66598337888717651,3.7173361778259277,1.1955044269561768,-3.7598896026611328">
        </Bone>
      </Part>
    </Brick>
    <Brick refID="104" designID="4274">
      <Part refID="106" designID="4274" materials="23">
        <Bone refID="106" transformation="0,0.70710676908493042,-0.7071068286895752,-0.94184261560440063,-0.23762622475624084,-0.23762635886669159,-0.33605435490608215,0.66598337888717651,0.66598325967788696,3.2061777114868164,1.7769699096679687,-3.9986681938171387">
        </Bone>
      </Part>
    </Brick>
    <Brick refID="105" designID="4150">
      <Part refID="107" designID="4150" materials="26,0" decoration="0">
        <Bone refID="107" transformation="0,-0.7071068286895752,0.7071068286895752,0.33605468273162842,-0.66598314046859741,-0.66598331928253174,0.94184255599975586,0.23762665688991547,0.23762653768062592,3.9592957496643066,1.4089618921279907,-4.9323620796203613">
        </Bone>
      </Part>
    </Brick>
    <Brick refID="106" designID="4032">
      <Part refID="108" designID="4032" materials="26">
        <Bone refID="108" transformation="0,-0.70710688829421997,0.70710676908493042,0.33605459332466125,-0.66598308086395264,-0.66598337888717651,0.94184255599975586,0.23762659728527069,0.23762653768062592,3.8517584800720215,1.6220762729644775,-4.7192473411560059">
        </Bone>
      </Part>
    </Brick>
    <Brick refID="107" designID="4274">
      <Part refID="109" designID="4274" materials="24">
        <Bone refID="109" transformation="0.33605444431304932,-0.66598320007324219,-0.66598337888717651,0,0.70710688829421997,-0.70710670948028564,0.94184261560440063,0.23762631416320801,0.23762640357017517,2.9373359680175781,2.3100337982177734,-3.466158390045166">
        </Bone>
      </Part>
    </Brick>
    <Brick refID="108" designID="3069">
      <Part refID="110" designID="3069" materials="24,0" decoration="0">
        <Bone refID="110" transformation="-0.33605417609214783,0.66598325967788696,0.66598349809646606,-0.94184267520904541,-0.23762600123882294,-0.23762640357017517,0,-0.70710700750350952,0.70710676908493042,2.4527802467346191,1.5869975090026855,-4.1891946792602539">
        </Bone>
      </Part>
    </Brick>
    <Brick refID="109" designID="4274">
      <Part refID="111" designID="4274" materials="24">
        <Bone refID="111" transformation="0.33605459332466125,-0.66598284244537354,-0.66598385572433472,0,-0.7071073055267334,0.70710635185241699,-0.94184267520904541,-0.23762626945972443,-0.23762649297714233,2.9373359680175781,2.3097567558288574,-3.4658811092376709">
        </Bone>
      </Part>
    </Brick>
    <Brick refID="110" designID="3069">
      <Part refID="112" designID="3069" materials="24,0" decoration="0">
        <Bone refID="112" transformation="-0.33605435490608215,0.66598343849182129,0.66598320007324219,0.94184261560440063,0.23762671649456024,0.23762613534927368,0,0.70710664987564087,-0.70710688829421997,3.9597287178039551,1.9669227600097656,-3.8087153434753418">
        </Bone>
      </Part>
    </Brick>
    <Brick refID="111" designID="47455">
      <Part refID="113" designID="47455" materials="26">
        <Bone refID="113" transformation="0,0.92776137590408325,0.37317389249801636,0,-0.37317392230033875,0.92776137590408325,0.99999994039535522,0,0,-0.79999959468841553,3.3751993179321289,-0.79999995231628418">
        </Bone>
      </Part>
    </Brick>
    <Brick refID="112" designID="48170">
      <Part refID="114" designID="48170" materials="24">
        <Bone refID="114" transformation="-0.72148925065994263,-0.64240586757659912,-0.25839516520500183,0,-0.37317448854446411,0.92776119709014893,-0.69242566823959351,0.66936957836151123,0.26924189925193787,-3.5424971580505371,3.0881352424621582,-1.5402927398681641">
        </Bone>
      </Part>
    </Brick>
    <Brick refID="113" designID="3069">
      <Part refID="115" designID="3069" materials="24,0" decoration="0">
        <Bone refID="115" transformation="-0.69242548942565918,0.66937023401260376,0.26924073696136475,0,-0.37317436933517456,0.9277612566947937,0.72148942947387695,0.64240527153015137,0.25839605927467346,-2.9884026050567627,2.1942429542541504,-0.86509466171264648">
        </Bone>
      </Part>
    </Brick>
    <Brick refID="114" designID="3068">
      <Part refID="116" designID="3068" materials="24,0" decoration="0">
        <Bone refID="116" transformation="-0.72148919105529785,-0.64240586757659912,-0.25839534401893616,0,-0.3731747567653656,0.92776119709014893,-0.69242578744888306,0.66936945915222168,0.26924225687980652,-4.1196870803833008,2.2159624099731445,-0.85635852813720703">
