<?xml version="1.0" encoding="UTF-8" standalone="no" ?>
<LXFML versionMajor="5" versionMinor="0">
  <Meta>
    <Application name="CCOP" versionMajor="0" versionMinor="0"/>
    <Brand name="LEGOUniverse"/>
    <BrickSet version="215"/>
  </Meta>
  <Bricks>
    <Brick refID="0" designID="6541">
      <Part refID="0" designID="6541" materials="1">
        <Bone refID="0" transformation="0.99951040744781494,-0.0015124449273571372,-0.031251400709152222,0.0015096620190888643,0.99999886751174927,-0.00011264494241913781,0.031251534819602966,6.5410735260229558E-005,0.99951153993606567,-2.0514616966247559,0.0040835998952388763,-1.186500072479248">
        </Bone>
      </Part>
    </Brick>
    <Brick refID="1" designID="3794">
      <Part refID="1" designID="3794" materials="1">
        <Bone refID="1" transformation="0.99951034784317017,-0.001512537244707346,-0.031253304332494736,0.0015097539871931076,0.99999886751174927,-0.00011265322245890275,0.03125343844294548,6.5413281845394522E-005,0.9995114803314209,-2.0500125885009766,0.96408253908157349,-1.1866081953048706">
        </Bone>
      </Part>
    </Brick>
    <Brick refID="2" designID="3005">
      <Part refID="2" designID="3005" materials="1,0" decoration="0">
        <Bone refID="2" transformation="0.99951034784317017,-0.001512537244707346,-0.031253304332494736,0.0015097539871931076,0.99999886751174927,-0.00011265322245890275,0.03125343844294548,6.5413281845394522E-005,0.9995114803314209,-1.6497249603271484,1.2834771871566772,-1.199144721031189">
        </Bone>
      </Part>
    </Brick>
    <Brick refID="3" designID="3024">
      <Part refID="3" designID="3024" materials="1">
        <Bone refID="3" transformation="0.99951034784317017,-0.001512537244707346,-0.031253304332494736,0.0015097539871931076,0.99999886751174927,-0.00011265322245890275,0.03125343844294548,6.5413281845394522E-005,0.9995114803314209,-1.6482763290405273,2.2434756755828857,-1.1992528438568115">
        </Bone>
      </Part>
    </Brick>
    <Brick refID="4" designID="3024">
      <Part refID="4" designID="3024" materials="1">
        <Bone refID="4" transformation="0.99951034784317017,-0.001512537244707346,-0.031253304332494736,0.0015097539871931076,0.99999886751174927,-0.00011265322245890275,0.03125343844294548,6.5413281845394522E-005,0.9995114803314209,-1.6477932929992676,2.5634756088256836,-1.1992889642715454">
        </Bone>
      </Part>
    </Brick>
    <Brick refID="5" designID="6541">
      <Part refID="5" designID="6541" materials="1">
        <Bone refID="5" transformation="0.99951034784317017,-0.001512537244707346,-0.031253304332494736,0.0015097539871931076,0.99999886751174927,-0.00011265322245890275,0.03125343844294548,6.5413281845394522E-005,0.9995114803314209,-1.6473102569580078,2.8834748268127441,-1.1993249654769897">
        </Bone>
      </Part>
    </Brick>
    <Brick refID="6" designID="2780">
      <Part refID="6" designID="2780" materials="1">
        <Bone refID="6" transformation="0.99951547384262085,-0.0015503154136240482,-0.031087163835763931,0.0015487666241824627,0.99999880790710449,-7.3900017014238983E-005,0.03108724020421505,2.571745244495105E-005,0.99951666593551636,-1.6121940612792969,3.463737964630127,0.00017011165618896484">
        </Bone>
      </Part>
    </Brick>
    <Brick refID="7" designID="6541">
      <Part refID="7" designID="6541" materials="1">
        <Bone refID="7" transformation="0.51578217744827271,-0.85656917095184326,-0.016067856922745705,0.85615402460098267,0.51603239774703979,-0.026664482429623604,0.031131505966186523,0,0.9995153546333313,-2.1214694976806641,3.1641662120819092,-0.38415208458900452">
        </Bone>
      </Part>
    </Brick>
    <Brick refID="8" designID="63864">
      <Part refID="8" designID="63864" materials="194">
        <Bone refID="8" transformation="-0.031130213290452957,0,-0.99951553344726563,0.85615569353103638,0.51602989435195923,-0.026663895696401596,0.51577961444854736,-0.85657072067260742,-0.016066484153270721,-1.2497544288635254,3.6595463752746582,1.1894780397415161">
        </Bone>
      </Part>
    </Brick>
    <Brick refID="9" designID="3005">
      <Part refID="9" designID="3005" materials="1,0" decoration="0">
        <Bone refID="9" transformation="0.51650136709213257,-0.85615396499633789,0.015057398937642574,0.85615396499633789,0.51603245735168457,-0.026662858203053474,0.015057399868965149,0.026662854477763176,0.999531090259552,-2.0965657234191895,3.1641607284545898,0.41546037793159485">
        </Bone>
      </Part>
    </Brick>
    <Brick refID="10" designID="6541">
      <Part refID="10" designID="6541" materials="1">
        <Bone refID="10" transformation="0.51578217744827271,-0.85656917095184326,-0.016067856922745705,0.85615402460098267,0.51603239774703979,-0.026664482429623604,0.031131502240896225,0,0.9995153546333313,-2.071662425994873,3.1641550064086914,1.2150726318359375">
        </Bone>
      </Part>
    </Brick>
    <Brick refID="11" designID="2780">
      <Part refID="11" designID="2780" materials="1">
        <Bone refID="11" transformation="0.9995151162147522,0,-0.031137319281697273,0,1,0,0.031137319281697273,0,0.9995151162147522,-1.537724494934082,3.4634580612182617,2.3990302085876465">
        </Bone>
      </Part>
    </Brick>
    <Brick refID="12" designID="6541">
      <Part refID="12" designID="6541" materials="1">
        <Bone refID="12" transformation="0.99951368570327759,-2.1038640625192784E-005,-0.031183196231722832,2.1038640625192784E-005,1,0,0.031183196231722832,0,0.99951368570327759,-1.5502119064331055,2.8834540843963623,1.9992231130599976">
        </Bone>
      </Part>
    </Brick>
    <Brick refID="13" designID="3024">
      <Part refID="13" designID="3024" materials="1">
        <Bone refID="13" transformation="0.99951368570327759,-2.103863880620338E-005,-0.031183196231722832,2.103863880620338E-005,1,0,0.031183196231722832,0,0.99951368570327759,-1.5502188205718994,2.5634541511535645,1.9992238283157349">
        </Bone>
      </Part>
    </Brick>
    <Brick refID="14" designID="3024">
      <Part refID="14" designID="3024" materials="1">
        <Bone refID="14" transformation="0.99951368570327759,-2.103863880620338E-005,-0.031183196231722832,2.103863880620338E-005,1,0,0.031183196231722832,0,0.99951368570327759,-1.5502254962921143,2.2434542179107666,1.9992244243621826">
        </Bone>
      </Part>
    </Brick>
    <Brick refID="15" designID="3005">
      <Part refID="15" designID="3005" materials="1,0" decoration="0">
        <Bone refID="15" transformation="0.99951368570327759,-2.103863880620338E-005,-0.031183196231722832,2.103863880620338E-005,1,0,0.031183196231722832,0,0.99951368570327759,-1.5502457618713379,1.2834540605545044,1.999226450920105">
        </Bone>
      </Part>
    </Brick>
    <Brick refID="16" designID="3794">
      <Part refID="16" designID="3794" materials="1">
        <Bone refID="16" transformation="0.99951368570327759,-2.103863880620338E-005,-0.031183196231722832,2.103863880620338E-005,1,0,0.031183196231722832,0,0.99951368570327759,-1.9500579833984375,0.9634624719619751,2.0117006301879883">
        </Bone>
      </Part>
    </Brick>
    <Brick refID="17" designID="6541">
      <Part refID="17" designID="6541" materials="1">
        <Bone refID="17" transformation="0.99951368570327759,-2.103863880620338E-005,-0.031183196231722832,2.103863880620338E-005,1,0,0.031183196231722832,0,0.99951368570327759,-1.950078010559082,0.0034581797663122416,2.0117027759552002">
        </Bone>
      </Part>
    </Brick>
    <Brick refID="18" designID="2780">
      <Part refID="18" designID="2780" materials="1">
        <Bone refID="18" transformation="0.99951314926147461,-2.4461702196276747E-005,-0.031200382858514786,2.4461702196276747E-005,1,0,0.031200382858514786,0,0.99951314926147461,-1.9377255439758301,0.58366066217422485,2.4115216732025146">
        </Bone>
      </Part>
    </Brick>
    <Brick refID="19" designID="32524">
      <Part refID="19" designID="32524" materials="26">
        <Bone refID="19" transformation="0.99951171875,-0.00027041282737627625,-0.03124408982694149,0.0002628960064612329,0.99999994039535522,-0.00024469080381095409,0.031244153156876564,0.00023635737306904048,0.99951177835464478,-1.9627389907836914,0.58373785018920898,1.6119745969772339">
        </Bone>
      </Part>
    </Brick>
    <Brick refID="20" designID="2780">
      <Part refID="20" designID="2780" materials="1">
        <Bone refID="20" transformation="0.99951165914535522,-0.00027665332891047001,-0.031247414648532867,0.00026753894053399563,0.99999994039535522,-0.00029586508753709495,0.031247492879629135,0.00028736071544699371,0.99951165914535522,2.8599147796630859,0.58268135786056519,2.2616121768951416">
        </Bone>
      </Part>
    </Brick>
    <Brick refID="21" designID="3069">
      <Part refID="21" designID="3069" materials="1,0" decoration="0">
        <Bone refID="21" transformation="0.9995124340057373,-0.00012103655171813443,-0.031223013997077942,0.00011929159518331289,1,-5.7749573898036033E-005,0.031223021447658539,5.3996773203834891E-005,0.9995124340057373,2.0478103160858154,0.96310657262802124,1.8868206739425659">
        </Bone>
      </Part>
    </Brick>
    <Brick refID="22" designID="6541">
      <Part refID="22" designID="6541" materials="1">
        <Bone refID="22" transformation="0.9995124340057373,-0.00012103655171813443,-0.031223012134432793,0.00011929159518331289,1,-5.7749573898036033E-005,0.03122301772236824,5.3996773203834891E-005,0.9995124340057373,2.8475284576416016,0.0030097640119493008,1.8618899583816528">
        </Bone>
      </Part>
    </Brick>
    <Brick refID="23" designID="63864">
      <Part refID="23" designID="63864" materials="1">
        <Bone refID="23" transformation="0.99951255321502686,-0.00010994619515258819,-0.031219258904457092,0.00010859949543373659,1,-4.4832515413872898E-005,0.031219262629747391,4.1420265915803611E-005,0.99951255321502686,-0.35079693794250488,0.96338397264480591,1.9617640972137451">
        </Bone>
      </Part>
    </Brick>
    <Brick refID="24" designID="3622">
      <Part refID="24" designID="3622" materials="1">
        <Bone refID="24" transformation="0.99951255321502686,-0.00010994618787663057,-0.031219257041811943,0.00010859948815777898,1,-4.4832511775894091E-005,0.031219262629747391,4.1420262277824804E-005,0.99951255321502686,0.44870865345001221,0.0032960635144263506,1.9368313550949097">
        </Bone>
      </Part>
    </Brick>
    <Brick refID="25" designID="3004">
      <Part refID="25" designID="3004" materials="1,0,0,0" decoration="0,0,0">
        <Bone refID="25" transformation="0.99951255321502686,-0.00010960971121676266,-0.031219258904457092,0.00010826071229530498,1,-4.4900785724166781E-005,0.031219262629747391,4.1499082726659253E-005,0.99951255321502686,-1.150507926940918,0.0034730697516351938,1.9867871999740601">
        </Bone>
      </Part>
    </Brick>
    <Brick refID="26" designID="32556">
      <Part refID="26" designID="32556" materials="26">
        <Bone refID="26" transformation="-0.99951130151748657,0.00028758720145560801,0.031257655471563339,0.00027815569774247706,1,-0.0003060819290112704,-0.031257737427949905,-0.00029723785701207817,-0.99951130151748657,1.9601870775222778,0.58159142732620239,-0.91183143854141235">
        </Bone>
      </Part>
    </Brick>
    <Brick refID="27" designID="32524">
      <Part refID="27" designID="32524" materials="26">
        <Bone refID="27" transformation="0.99951118230819702,-0.00052014057291671634,-0.031259786337614059,0.00051183317555114627,0.99999982118606567,-0.00027375499485060573,0.031259924173355103,0.00025762137374840677,0.9995112419128418,-1.9878606796264648,0.5841338038444519,0.81242775917053223">
        </Bone>
      </Part>
    </Brick>
    <Brick refID="28" designID="32556">
      <Part refID="28" designID="32556" materials="26">
        <Bone refID="28" transformation="-0.9995114803314209,0.00027735630283132195,0.031251948326826096,0.00027138457517139614,0.99999994039535522,-0.00019532493024598807,-0.031252000480890274,-0.00018674822058528662,-0.99951153993606567,-1.2382264137268066,0.58330297470092773,-0.81183499097824097">
        </Bone>
      </Part>
    </Brick>
    <Brick refID="29" designID="32524">
      <Part refID="29" designID="32524" materials="26">
        <Bone refID="29" transformation="0.99951088428497314,-0.00058277061907574534,-0.03126804530620575,0.00057384889805689454,0.99999982118606567,-0.00029430436552502215,0.031268209218978882,0.00027621726621873677,0.9995110034942627,-2.0128970146179199,0.58403193950653076,0.012824386358261108">
        </Bone>
      </Part>
    </Brick>
    <Brick refID="30" designID="2780">
      <Part refID="30" designID="2780" materials="1">
        <Bone refID="30" transformation="0.99951046705245972,-0.00059993664035573602,-0.031281009316444397,0.00059087469708174467,0.9999997615814209,-0.00029893798637203872,0.031281180679798126,0.00028030847897753119,0.99951058626174927,2.7846181392669678,0.58084255456924438,-0.13726484775543213">
        </Bone>
      </Part>
    </Brick>
    <Brick refID="31" designID="6541">
      <Part refID="31" designID="6541" materials="1">
        <Bone refID="31" transformation="0.99950987100601196,-0.00071969878626987338,-0.031297795474529266,0.00071159919025376439,0.99999970197677612,-0.00026993034407496452,0.031297981739044189,0.0002475265646353364,0.99951004981994629,2.7466063499450684,0.00038689025677740574,-1.3365216255187988">
        </Bone>
      </Part>
    </Brick>
    <Brick refID="32" designID="3794">
      <Part refID="32" designID="3794" materials="1">
        <Bone refID="32" transformation="0.99950987100601196,-0.00071969878626987338,-0.031297795474529266,0.00071159913204610348,0.99999970197677612,-0.00026993037317879498,0.031297981739044189,0.00024752659373916686,0.99951004981994629,1.9476814270019531,0.96096247434616089,-1.3117415904998779">
        </Bone>
      </Part>
    </Brick>
    <Brick refID="33" designID="2780">
      <Part refID="33" designID="2780" materials="1">
        <Bone refID="33" transformation="0.99951034784317017,-0.0015124224592000246,-0.031253311783075333,0.0015096294227987528,0.99999886751174927,-0.00011296376760583371,0.031253445893526077,6.5727545006666332E-005,0.9995114803314209,-2.0130724906921387,0.58415812253952026,0.012847840785980225">
        </Bone>
      </Part>
    </Brick>
    <Brick refID="34" designID="3004">
      <Part refID="34" designID="3004" materials="1,0,0,0" decoration="0,0,0">
        <Bone refID="34" transformation="0.99951070547103882,-0.00078052794560790062,-0.031268365681171417,0.00077513465657830238,0.99999970197677612,-0.00018460466526448727,0.031268499791622162,0.0001602771517354995,0.9995110034942627,-1.2514944076538086,0.0034178758505731821,-1.2114635705947876">
        </Bone>
      </Part>
    </Brick>
    <Brick refID="35" designID="3794">
      <Part refID="35" designID="3794" materials="1">
        <Bone refID="35" transformation="0.99951064586639404,-0.00076760532101616263,-0.031270503997802734,0.00076174153946340084,0.99999970197677612,-0.00019943041843362153,0.031270645558834076,0.00017551277414895594,0.99951094388961792,-0.45114398002624512,0.96277529001235962,-1.2366622686386108">
        </Bone>
      </Part>
    </Brick>
    <Brick refID="36" designID="3622">
      <Part refID="36" designID="3622" materials="1">
        <Bone refID="36" transformation="0.99951064586639404,-0.00076760532101616263,-0.031270503997802734,0.00076174153946340084,0.99999970197677612,-0.00019943041843362153,0.031270645558834076,0.00017551277414895594,0.99951094388961792,0.3477332592010498,0.0021615291479974985,-1.2614867687225342">
        </Bone>
      </Part>
    </Brick>
    <Brick refID="37" designID="3070">
      <Part refID="37" designID="3070" materials="1">
        <Bone refID="37" transformation="0.99951064586639404,-0.00076760532101616263,-0.031270503997802734,0.00076174153946340084,0.99999970197677612,-0.00019943043298553675,0.031270645558834076,0.00017551278870087117,0.99951094388961792,1.1480730772018433,0.9615473747253418,-1.2866941690444946">
        </Bone>
      </Part>
    </Brick>
    <Brick refID="38" designID="4083">
      <Part refID="38" designID="4083" materials="194">
        <Bone refID="38" transformation="0.99950987100601196,-0.00071969878626987338,-0.031297795474529266,0.00071159919025376439,0.99999970197677612,-0.00026993037317879498,0.031297981739044189,0.00024752659373916686,0.99951004981994629,-0.051110506057739258,1.2824019193649292,-1.2492294311523437">
        </Bone>
      </Part>
    </Brick>
  </Bricks>
  <RigidSystems>
    <RigidSystem>
      <Rigid refID="0" transformation="0.99951040744781494,-0.0015124449273571372,-0.031251400709152222,0.0015096620190888643,0.99999886751174927,-0.00011264494241913781,0.031251534819602966,6.5410735260229558E-005,0.99951153993606567,-4.4514617919921875,0.00062525272369384766,-1.186500072479248" boneRefs="0,1,2,3,4,5"/>
      <Rigid refID="1" transformation="0.99951547384262085,-0.0015503154136240482,-0.031087163835763931,0.0015487666241824627,0.99999880790710449,-7.3900017014238983E-005,0.03108724020421505,2.571745244495105E-005,0.99951666593551636,-4.0121941566467285,3.4602797031402588,0.00017011165618896484" boneRefs="6"/>
      <Rigid refID="2" transformation="0.51578217744827271,-0.85656917095184326,-0.016067856922745705,0.85615402460098267,0.51603239774703979,-0.026664482429623604,0.031131505966186523,0,0.9995153546333313,-4.5214695930480957,3.160707950592041,-0.38415208458900452" boneRefs="7,8,9,10"/>
      <Rigid refID="3" transformation="0.9995151162147522,0,-0.031137319281697273,0,1,0,0.031137319281697273,0,0.9995151162147522,-3.9377245903015137,3.4599997997283936,2.3990302085876465" boneRefs="11"/>
      <Rigid refID="4" transformation="0.99951368570327759,-2.1038640625192784E-005,-0.031183196231722832,2.1038640625192784E-005,1,0,0.031183196231722832,0,0.99951368570327759,-3.9502120018005371,2.8799958229064941,1.9992231130599976" boneRefs="12,13,14,15,16,17"/>
      <Rigid refID="5" transformation="0.99951314926147461,-2.4461702196276747E-005,-0.031200382858514786,2.4461702196276747E-005,1,0,0.031200382858514786,0,0.99951314926147461,-4.3377256393432617,0.58020234107971191,2.4115216732025146" boneRefs="18"/>
      <Rigid refID="6" transformation="0.99951171875,-0.00027041282737627625,-0.03124408982694149,0.0002628960064612329,0.99999994039535522,-0.00024469080381095409,0.031244153156876564,0.00023635737306904048,0.99951177835464478,-4.362739086151123,0.58027952909469604,1.6119745969772339" boneRefs="19"/>
      <Rigid refID="7" transformation="0.99951165914535522,-0.00027665332891047001,-0.031247414648532867,0.00026753894053399563,0.99999994039535522,-0.00029586508753709495,0.031247492879629135,0.00028736071544699371,0.99951165914535522,0.45991474390029907,0.57922303676605225,2.2616121768951416" boneRefs="20"/>
      <Rigid refID="8" transformation="0.9995124340057373,-0.00012103655171813443,-0.031223013997077942,0.00011929159518331289,1,-5.7749573898036033E-005,0.031223021447658539,5.3996773203834891E-005,0.9995124340057373,-0.35218983888626099,0.9596482515335083,1.8868206739425659" boneRefs="21,22"/>
      <Rigid refID="9" transformation="0.99951255321502686,-0.00010994619515258819,-0.031219258904457092,0.00010859949543373659,1,-4.4832515413872898E-005,0.031219262629747391,4.1420265915803611E-005,0.99951255321502686,-2.7507970333099365,0.95992565155029297,1.9617640972137451" boneRefs="23,24"/>
      <Rigid refID="10" transformation="0.99951255321502686,-0.00010960971121676266,-0.031219258904457092,0.00010826071229530498,1,-4.4900785724166781E-005,0.031219262629747391,4.1499082726659253E-005,0.99951255321502686,-3.5505080223083496,1.4722347259521484E-005,1.9867871999740601" boneRefs="25"/>
      <Rigid refID="11" transformation="-0.99951130151748657,0.00028758720145560801,0.031257655471563339,0.00027815569774247706,1,-0.0003060819290112704,-0.031257737427949905,-0.00029723785701207817,-0.99951130151748657,-0.43981301784515381,0.57813310623168945,-0.91183143854141235" boneRefs="26"/>
      <Rigid refID="12" transformation="0.99951118230819702,-0.00052014057291671634,-0.031259786337614059,0.00051183317555114627,0.99999982118606567,-0.00027375499485060573,0.031259924173355103,0.00025762137374840677,0.9995112419128418,-4.3878607749938965,0.58067548274993896,0.81242775917053223" boneRefs="27"/>
      <Rigid refID="13" transformation="-0.9995114803314209,0.00027735630283132195,0.031251948326826096,0.00027138457517139614,0.99999994039535522,-0.00019532493024598807,-0.031252000480890274,-0.00018674822058528662,-0.99951153993606567,-3.6382265090942383,0.57984465360641479,-0.81183499097824097" boneRefs="28"/>
      <Rigid refID="14" transformation="0.99951088428497314,-0.00058277061907574534,-0.03126804530620575,0.00057384889805689454,0.99999982118606567,-0.00029430436552502215,0.031268209218978882,0.00027621726621873677,0.9995110034942627,-4.4128971099853516,0.58057361841201782,0.012824386358261108" boneRefs="29"/>
      <Rigid refID="15" transformation="0.99951046705245972,-0.00059993664035573602,-0.031281009316444397,0.00059087469708174467,0.9999997615814209,-0.00029893798637203872,0.031281180679798126,0.00028030847897753119,0.99951058626174927,0.38461810350418091,0.57738423347473145,-0.13726484775543213" boneRefs="30"/>
      <Rigid refID="16" transformation="0.99950987100601196,-0.00071969878626987338,-0.031297795474529266,0.00071159919025376439,0.99999970197677612,-0.00026993034407496452,0.031297981739044189,0.0002475265646353364,0.99951004981994629,0.34660613536834717,-0.0030714571475982666,-1.3365216255187988" boneRefs="31,32"/>
      <Rigid refID="17" transformation="0.99951034784317017,-0.0015124224592000246,-0.031253311783075333,0.0015096294227987528,0.99999886751174927,-0.00011296376760583371,0.031253445893526077,6.5727545006666332E-005,0.9995114803314209,-4.4130725860595703,0.58069980144500732,0.012847840785980225" boneRefs="33"/>
      <Rigid refID="18" transformation="0.99951070547103882,-0.00078052794560790062,-0.031268365681171417,0.00077513465657830238,0.99999970197677612,-0.00018460466526448727,0.031268499791622162,0.0001602771517354995,0.9995110034942627,-3.6514945030212402,-4.0471553802490234E-005,-1.2114635705947876" boneRefs="34"/>
      <Rigid refID="19" transformation="0.99951064586639404,-0.00076760532101616263,-0.031270503997802734,0.00076174153946340084,0.99999970197677612,-0.00019943041843362153,0.031270645558834076,0.00017551277414895594,0.99951094388961792,-2.8511440753936768,0.95931696891784668,-1.2366622686386108" boneRefs="35"/>
      <Rigid refID="20" transformation="0.99951064586639404,-0.00076760532101616263,-0.031270503997802734,0.00076174153946340084,0.99999970197677612,-0.00019943041843362153,0.031270645558834076,0.00017551277414895594,0.99951094388961792,-2.0522668361663818,-0.0012968182563781738,-1.2614867687225342" boneRefs="36,37"/>
      <Rigid refID="21" transformation="0.99950987100601196,-0.00071969878626987338,-0.031297795474529266,0.00071159919025376439,0.99999970197677612,-0.00026993037317879498,0.031297981739044189,0.00024752659373916686,0.99951004981994629,-2.4511106014251709,1.2789435386657715,-1.2492294311523437" boneRefs="38"/>
      <Joint type="hinge">
        <RigidRef rigidRef="1" a="0,0,1.0000001192092896" z="1.0000001192092896,0,0" t="0,0,-0.7999998927116394"/>
        <RigidRef rigidRef="0" a="-0.00016426281945314258,-3.9916169043863192E-005,1.0000001192092896" z="1.0000001192092896,-3.7829675420653075E-005,0.00016433800919912755" t="0.39686644077301025,3.4602119922637939,0.4000447690486908"/>
      </Joint>
      <Joint type="hinge">
        <RigidRef rigidRef="18" a="0,1,0" z="0,0,1" t="0,0.95999997854232788,0"/>
        <RigidRef rigidRef="0" a="0,1,0" z="0,0,1" t="0.7999996542930603,0.95999997854232788,0"/>
      </Joint>
      <Joint type="hinge">
        <RigidRef rigidRef="17" a="0,0,1.0000001192092896" z="1.0000001192092896,0,0" t="0,0,-0.7999998927116394"/>
        <RigidRef rigidRef="0" a="0,0,1.0000001192092896" z="1.0000001192092896,0,0" t="1.0288129487889819E-005,0.57999652624130249,0.39999985694885254"/>
      </Joint>
      <Joint type="hinge">
        <RigidRef rigidRef="2" a="0,0,1.0000001192092896" z="1.0000001192092896,0,0" t="0,0.57999998331069946,0.40000000596046448"/>
        <RigidRef rigidRef="1" a="4.4333599362289533E-005,-2.9201390134403482E-005,1.0000001192092896" z="0.51735973358154297,-0.85576826333999634,-4.7849949623923749E-005" t="-0.00025390784139744937,-0.00027470869827084243,1.0652462151483633E-005"/>
      </Joint>
      <Joint type="hinge">
        <RigidRef rigidRef="3" a="0,0,1.0000001192092896" z="1.0000001192092896,0,0" t="0,0,-0.7999998927116394"/>
        <RigidRef rigidRef="2" a="0,0,1" z="0.51603233814239502,0.85656917095184326,0" t="0,0.58000242710113525,2.0000050067901611"/>
      </Joint>
      <Joint type="hinge">
        <RigidRef rigidRef="4" a="0,0,1.0000001192092896" z="1.0000001192092896,0,0" t="0,0.57999998331069946,0.40000000596046448"/>
        <RigidRef rigidRef="3" a="4.5951386709930375E-005,0,1.0000001192092896" z="1.0000001192092896,-2.1090261725476012E-005,-4.5873195631429553E-005" t="0,0,0"/>
      </Joint>
      <Joint type="hinge">
        <RigidRef rigidRef="10" a="0,1,0" z="0,0,1" t="0,0.95999997854232788,0"/>
        <RigidRef rigidRef="4" a="0,1,0" z="0,0,1" t="0.39999958872795105,-1.9200000762939453,0"/>
      </Joint>
      <Joint type="hinge">
        <RigidRef rigidRef="5" a="0,0,1.0000001192092896" z="1.0000001192092896,0,0" t="0,0,0"/>
        <RigidRef rigidRef="4" a="1.7247148207388818E-005,0,1.0000001192092896" z="1.0000001192092896,0,-1.7168922568089329E-005" t="-0.40013355016708374,-2.2998018264770508,0.40001487731933594"/>
      </Joint>
      <Joint type="hinge">
        <RigidRef rigidRef="6" a="0,0,-1" z="0,1,0" t="0,0,-0.80000001192092896"/>
        <RigidRef rigidRef="5" a="-4.3785978050436825E-005,-0.00023678386060055345,-1" z="0.00024594075512140989,0.99999994039535522,-0.00023679462901782244" t="-8.9891153038479388E-005,-0.00011252911644987762,-1.5999382734298706"/>
      </Joint>
      <Joint type="hinge">
        <RigidRef rigidRef="13" a="0,0,-1.0000001192092896" z="1.0000001192092896,0,0" t="0,0,-2.4000000953674316"/>
        <RigidRef rigidRef="6" a="0,-4.9632715672487393E-005,1.0000001192092896" z="-1.0000001192092896,0,0" t="0.79990780353546143,0.00022961362265050411,1.0579997251625173E-005"/>
      </Joint>
      <Joint type="hinge">
        <RigidRef rigidRef="11" a="0,0,-1.0000001192092896" z="1.0000001192092896,0,0" t="0,0,-2.4000000953674316"/>
        <RigidRef rigidRef="6" a="1.3627593943965621E-005,6.0858495999127626E-005,1.0000001192092896" z="-1.0000001192092896,1.7222799215232953E-005,1.3548816241382156E-005" t="3.9998981952667236,-0.00035143044078722596,0"/>
      </Joint>
      <Joint type="hinge">
        <RigidRef rigidRef="7" a="0,0,1.0000001192092896" z="1.0000001192092896,0,0" t="0,0,-0.7999998927116394"/>
        <RigidRef rigidRef="6" a="0,5.1029943278990686E-005,1.0000001192092896" z="1.0000001192092896,0,0" t="4.7999997138977051,1.1613020433287602E-005,0"/>
      </Joint>
      <Joint type="hinge">
        <RigidRef rigidRef="8" a="0,0,1.0000001192092896" z="1.0000001192092896,0,0" t="0.80022293329238892,-0.37999999523162842,0.39999920129776001"/>
        <RigidRef rigidRef="7" a="-2.4370167011511512E-005,-0.00023339642211794853,1.0000001192092896" z="1.0000001192092896,0.0001555581548018381,2.4486134861945175E-005" t="0.0001703522284515202,0.00034994646557606757,5.4779990023234859E-005"/>
      </Joint>
      <Joint type="hinge">
        <RigidRef rigidRef="9" a="0,1,0" z="0,0,1" t="2.3999998569488525,0,0"/>
        <RigidRef rigidRef="8" a="0,1,0" z="0,0,1" t="0.00022301077842712402,0,0"/>
      </Joint>
      <Joint type="hinge">
        <RigidRef rigidRef="10" a="0,1,0" z="0,0,1" t="0.80000007152557373,0.95999997854232788,0"/>
        <RigidRef rigidRef="9" a="0,1,0" z="0,0,1" t="0,0,0"/>
      </Joint>
      <Joint type="hinge">
        <RigidRef rigidRef="14" a="0,0,-1" z="0,1,0" t="4,0,-0.80000001192092896"/>
        <RigidRef rigidRef="11" a="1.0482179277460091E-005,2.0973882783437148E-005,0.99999994039535522" z="-0.00029518062365241349,0.99999982118606567,-2.0970768673578277E-005" t="5.4293617722578347E-005,-0.00011160773283336312,2.6882074962486513E-005"/>
      </Joint>
      <Joint type="hinge">
        <RigidRef rigidRef="12" a="0,0,1" z="0,1,0" t="4,0,0"/>
        <RigidRef rigidRef="11" a="0,-3.9572147215949371E-005,-0.99999994039535522" z="-0.00023255289124790579,0.99999982118606567,-3.957162334700115E-005" t="1.5461751900147647E-005,-1.3788917385681998E-005,-1.600001335144043"/>
      </Joint>
      <Joint type="hinge">
        <RigidRef rigidRef="13" a="0,0,-1.0000001192092896" z="1.0000001192092896,0,0" t="0,0,-2.4000000953674316"/>
        <RigidRef rigidRef="12" a="0,-7.0902970037423074E-005,1.0000001192092896" z="-1,-0.00024273066082969308,0" t="0.80002355575561523,-0.00017264029884245247,0.79996442794799805"/>
      </Joint>
      <Joint type="hinge">
        <RigidRef rigidRef="14" a="0,0,-1" z="0,1,0" t="0.80000001192092896,0,-0.80000001192092896"/>
        <RigidRef rigidRef="13" a="1.6193091141758487E-005,-8.951725612860173E-005,0.99999994039535522" z="-0.00030540995066985488,1,8.9522181951906532E-005" t="7.7696473454125226E-005,4.1676506953081116E-005,-3.3713509765220806E-005"/>
      </Joint>
      <Joint type="hinge">
        <RigidRef rigidRef="15" a="0,0,1.0000001192092896" z="1.0000001192092896,0,0" t="0,0,0"/>
        <RigidRef rigidRef="14" a="1.3027051863900851E-005,0,1.0000002384185791" z="1.0000001192092896,-1.7214042600244284E-005,-1.2948411495017353E-005" t="4.799863338470459,-0.00039214061689563096,0"/>
      </Joint>
      <Joint type="hinge">
        <RigidRef rigidRef="17" a="0,0,1.0000001192092896" z="1.0000001192092896,0,0" t="0,0,0"/>
        <RigidRef rigidRef="14" a="-1.4597073459299281E-005,-0.00021052405645605177,1.0000001192092896" z="0.99999970197677612,-0.00092970801051706076,1.4479807759926189E-005" t="-0.00017618198762647808,0.000126098413602449,1.7997255781665444E-005"/>
      </Joint>
      <Joint type="hinge">
        <RigidRef rigidRef="16" a="0,0,-1.0000001192092896" z="1.0000001192092896,0,0" t="0,0.57999998331069946,-0.40000012516975403"/>
        <RigidRef rigidRef="15" a="-1.6878937458386645E-005,3.2797517633298412E-005,-1.0000001192092896" z="1.0000001192092896,-0.00011980909039266407,-1.6804719052743167E-005" t="-6.8470289988908917E-005,-0.00010649537580320612,-1.6000027656555176"/>
      </Joint>
      <Joint type="hinge">
        <RigidRef rigidRef="20" a="0,1,0" z="0,0,1" t="1.6000000238418579,0.95999997854232788,0"/>
        <RigidRef rigidRef="16" a="0,1,0" z="0,0,1" t="-0.80000001192092896,0.96000015735626221,0"/>
      </Joint>
      <Joint type="hinge">
        <RigidRef rigidRef="21" a="0,1,0" z="0,0,1" t="2.4000000953674316,0,0"/>
        <RigidRef rigidRef="16" a="0,1,0" z="0,0,1" t="-0.40000000596046448,1.2800002098083496,0"/>
      </Joint>
      <Joint type="hinge">
        <RigidRef rigidRef="19" a="0,1,0" z="0,0,1" t="0,0,0"/>
        <RigidRef rigidRef="18" a="0,1,0" z="0,0,1" t="0.80000007152557373,0.95999997854232788,0"/>
      </Joint>
      <Joint type="hinge">
        <RigidRef rigidRef="20" a="0,1,0" z="0,0,1" t="0,0.95999997854232788,0"/>
        <RigidRef rigidRef="19" a="0,1,0" z="0,0,1" t="0.80000007152557373,0,0"/>
      </Joint>
      <Joint type="hinge">
        <RigidRef rigidRef="21" a="0,1,0" z="0,0,1" t="0,0,0"/>
        <RigidRef rigidRef="19" a="0,1,0" z="0,0,1" t="0.40000000596046448,0.31999999284744263,0"/>
      </Joint>
    </RigidSystem>
  </RigidSystems>
  <GroupSystems>
    <GroupSystem>
    </GroupSystem>
  </GroupSystems>
</LXFML>
