<?xml version="1.0" encoding="UTF-8" standalone="no" ?>
<LXFML versionMajor="5" versionMinor="0">
  <Meta>
    <Application name="CCOP" versionMajor="0" versionMinor="0"/>
    <Brand name="LEGOUniverse"/>
    <BrickSet version="215"/>
  </Meta>
  <Bricks>
    <Brick refID="0" designID="3049">
      <Part refID="0" designID="3049" materials="192">
        <Bone refID="0" transformation="-0.70277506113052368,0,0.71141195297241211,0,1,0,-0.71141189336776733,0,-0.70277500152587891,-0.1223442554473877,6.9999942779541016,-0.45023918151855469">
        </Bone>
      </Part>
    </Brick>
    <Brick refID="1" designID="3700">
      <Part refID="1" designID="3700" materials="192">
        <Bone refID="1" transformation="0.71141177415847778,0,0.70277494192123413,0,1,0,-0.70277500152587891,0,0.71141183376312256,-0.1223454475402832,6.0399942398071289,-0.45024013519287109">
        </Bone>
      </Part>
    </Brick>
    <Brick refID="2" designID="3700">
      <Part refID="2" designID="3700" materials="192">
        <Bone refID="2" transformation="0.71141177415847778,0,0.70277494192123413,0,1,0,-0.70277500152587891,0,0.71141183376312256,-0.12234616279602051,5.0799942016601563,-0.4502406120300293">
        </Bone>
      </Part>
    </Brick>
    <Brick refID="3" designID="4274">
      <Part refID="3" designID="4274" materials="192">
        <Bone refID="3" transformation="0.71141189336776733,0,0.70277500152587891,0,1,0,-0.70277506113052368,0,0.71141195297241211,-0.11889052391052246,5.6599941253662109,0.11543416976928711">
        </Bone>
      </Part>
    </Brick>
    <Brick refID="4" designID="4274">
      <Part refID="4" designID="4274" materials="192">
        <Bone refID="4" transformation="0.71141195297241211,0,0.70277500152587891,0,1,0,-0.70277506113052368,0,0.71141195297241211,-0.68111050128936768,6.6199941635131836,0.68456506729125977">
        </Bone>
      </Part>
    </Brick>
    <Brick refID="5" designID="3044">
      <Part refID="5" designID="3044" materials="192">
        <Bone refID="5" transformation="-0.70277506113052368,0,0.71141189336776733,0,1,0,-0.71141189336776733,0,-0.70277506113052368,-0.68456542491912842,6.9999942779541016,0.11889028549194336">
        </Bone>
      </Part>
    </Brick>
    <Brick refID="6" designID="3700">
      <Part refID="6" designID="3700" materials="192">
        <Bone refID="6" transformation="0.71141207218170166,0,0.70277523994445801,0,1,0,-0.70277523994445801,0,0.71141207218170166,-0.68456590175628662,6.0399942398071289,0.11889028549194336">
        </Bone>
      </Part>
    </Brick>
    <Brick refID="7" designID="3004">
      <Part refID="7" designID="3004" materials="192,0,0,0" decoration="0,0,0">
        <Bone refID="7" transformation="0.71141207218170166,0,0.70277523994445801,0,1,0,-0.70277523994445801,0,0.71141207218170166,-0.68456614017486572,5.0799942016601563,0.11889028549194336">
        </Bone>
      </Part>
    </Brick>
    <Brick refID="8" designID="33291">
      <Part refID="8" designID="33291" materials="28">
        <Bone refID="8" transformation="1,0,0,0,1,0,0,0,1,-0.39999997615814209,0.31999427080154419,0.40000009536743164">
        </Bone>
      </Part>
    </Brick>
    <Brick refID="9" designID="30374">
      <Part refID="9" designID="30374" materials="192">
        <Bone refID="9" transformation="1.0000001192092896,0,0,0,0,-1,0,1,0,-0.39999997615814209,3.8399944305419922,0.40000009536743164">
        </Bone>
      </Part>
    </Brick>
    <Brick refID="10" designID="64567">
      <Part refID="10" designID="64567" materials="192">
        <Bone refID="10" transformation="1,0,0,0,1,0,0,0,1,-0.39999997615814209,3.65999436378479,0.40000009536743164">
        </Bone>
      </Part>
    </Brick>
    <Brick refID="11" designID="3623">
      <Part refID="11" designID="3623" materials="28">
        <Bone refID="11" transformation="1,0,0,0,1,0,0,0,1,-0.39999997615814209,0,0.40000009536743164">
        </Bone>
      </Part>
    </Brick>
    <Brick refID="12" designID="3069">
      <Part refID="12" designID="3069" materials="194,0" decoration="0">
        <Bone refID="12" transformation="1,0,0,0,1,0,0,0,1,0.39977681636810303,0.31999427080154419,0.40000009536743164">
        </Bone>
      </Part>
    </Brick>
    <Brick refID="13" designID="55298">
      <Part refID="13" designID="55298" materials="192">
        <Bone refID="13" transformation="0,-1,0,0.70277512073516846,0,-0.71141201257705688,0.71141195297241211,0,0.70277506113052368,-0.10553848743438721,5.6599941253662109,0.10191822052001953">
        </Bone>
      </Part>
    </Brick>
    <Brick refID="14" designID="56750">
      <Part refID="14" designID="56750" materials="24">
        <Bone refID="14" transformation="0.29009798169136047,-0.34150907397270203,-0.89398813247680664,-0.086473122239112854,-0.93969255685806274,0.33090808987617493,-0.95308220386505127,-0.018689820542931557,-0.30213430523872375,-0.18366420269012451,2.0402889251708984,-1.2278542518615723">
        </Bone>
      </Part>
    </Brick>
    <Brick refID="15" designID="3741">
      <Part refID="15" designID="3741" materials="28">
        <Bone refID="15" transformation="0.25283020734786987,0,-0.96751070022583008,0,1,0,0.96751070022583008,0,0.25283020734786987,-0.39999938011169434,0.31999427080154419,-0.40000057220458984">
        </Bone>
      </Part>
    </Brick>
    <Brick refID="16" designID="3021">
      <Part refID="16" designID="3021" materials="28">
        <Bone refID="16" transformation="0.99999964237213135,0,0,0,1,0,0,0,0.99999964237213135,-0.40000021457672119,0,-0.40000104904174805">
        </Bone>
      </Part>
    </Brick>
    <Brick refID="17" designID="3794">
      <Part refID="17" designID="3794" materials="194">
        <Bone refID="17" transformation="0.99999964237213135,0,0,0,1,0,0,0,0.99999964237213135,0.39999961853027344,0.31999427080154419,-0.40000057220458984">
        </Bone>
      </Part>
    </Brick>
    <Brick refID="18" designID="3069">
      <Part refID="18" designID="3069" materials="194,0" decoration="0">
        <Bone refID="18" transformation="0.99999964237213135,0,0,0,1,0,0,0,0.99999964237213135,0.39977669715881348,0.31999427080154419,-1.2000007629394531">
        </Bone>
      </Part>
    </Brick>
    <Brick refID="19" designID="56750">
      <Part refID="19" designID="56750" materials="140">
        <Bone refID="19" transformation="0.2237309068441391,0.17116314172744751,-0.9595038890838623,0.32976546883583069,-0.93969231843948364,-0.090736448764801025,-0.91716921329498291,-0.29611065983772278,-0.266681969165802,-1.0847166776657104,1.6402747631072998,-0.21199226379394531">
        </Bone>
      </Part>
    </Brick>
    <Brick refID="20" designID="56750">
      <Part refID="20" designID="56750" materials="21">
        <Bone refID="20" transformation="0.77238690853118896,-0.036294292658567429,-0.63411480188369751,-0.24231727421283722,-0.93969261646270752,-0.24137139320373535,-0.58711272478103638,0.34008905291557312,-0.73460090160369873,0.15709805488586426,1.840411901473999,0.15007305145263672">
        </Bone>
      </Part>
    </Brick>
    <Brick refID="21" designID="59900">
      <Part refID="21" designID="59900" materials="194">
        <Bone refID="21" transformation="1,0,0,0,1,0,0,0,1,0.79999959468841553,0.63999426364898682,-0.40000057220458984">
        </Bone>
      </Part>
    </Brick>
    <Brick refID="22" designID="33291">
      <Part refID="22" designID="33291" materials="194">
        <Bone refID="22" transformation="1,0,0,0,1,0,0,0,1,0.79999983310699463,1.5999941825866699,-0.40000104904174805">
        </Bone>
      </Part>
    </Brick>
    <Brick refID="23" designID="6256">
      <Part refID="23" designID="6256" materials="194">
        <Bone refID="23" transformation="1,0,0,0,1,0,0,0,1,0.79999983310699463,1.9199941158294678,-0.40000104904174805">
        </Bone>
      </Part>
    </Brick>
  </Bricks>
  <RigidSystems>
    <RigidSystem>
      <Rigid refID="0" transformation="-0.70277506113052368,0,0.71141195297241211,0,1,0,-0.71141189336776733,0,-0.70277500152587891,-1.7223442792892456,6.9999942779541016,-6.050239086151123" boneRefs="0,1,2"/>
      <Rigid refID="1" transformation="0.71141189336776733,0,0.70277500152587891,0,1,0,-0.70277506113052368,0,0.71141195297241211,-1.7188905477523804,5.6599941253662109,-5.4845657348632812" boneRefs="3"/>
      <Rigid refID="2" transformation="0.71141195297241211,0,0.70277500152587891,0,1,0,-0.70277506113052368,0,0.71141195297241211,-2.2811105251312256,6.6199941635131836,-4.9154348373413086" boneRefs="4"/>
      <Rigid refID="3" transformation="-0.70277506113052368,0,0.71141189336776733,0,1,0,-0.71141189336776733,0,-0.70277506113052368,-2.2845654487609863,6.9999942779541016,-5.481109619140625" boneRefs="5,6,7"/>
      <Rigid refID="4" transformation="1,0,0,0,1,0,0,0,1,-2,0.31999427080154419,-5.1999998092651367" boneRefs="8,9,10"/>
      <Rigid refID="5" transformation="1,0,0,0,1,0,0,0,1,-2,0,-5.1999998092651367" boneRefs="11,12"/>
      <Rigid refID="6" transformation="0,-1,0,0.70277512073516846,0,-0.71141201257705688,0.71141195297241211,0,0.70277506113052368,-1.7055385112762451,5.6599941253662109,-5.4980816841125488" boneRefs="13"/>
      <Joint type="hinge">
        <RigidRef rigidRef="2" a="0,0,-1" z="0,1,0" t="0,0,-0.80000001192092896"/>
        <RigidRef rigidRef="0" a="-0.99999988079071045,0,0" z="0,1,0" t="0.40000021457672119,-0.37999999523162842,-0.39999842643737793"/>
      </Joint>
      <Joint type="hinge">
        <RigidRef rigidRef="1" a="0,0,1.0000001192092896" z="1.0000001192092896,0,0" t="0,0,0"/>
        <RigidRef rigidRef="0" a="1.0000001192092896,0,0" z="0,0,-1.0000001192092896" t="0.39999982714653015,-1.3400001525878906,-0.39999851584434509"/>
      </Joint>
      <Joint type="hinge">
        <RigidRef rigidRef="6" a="0,0.99999994039535522,0" z="1,0,0" t="0,0.89607691764831543,0"/>
        <RigidRef rigidRef="1" a="0,0,-1" z="0,-1,0" t="0,0,-0.91507589817047119"/>
      </Joint>
      <Joint type="hinge">
        <RigidRef rigidRef="3" a="1.0000003576278687,0,0" z="0,0,-1.0000003576278687" t="0.40000033378601074,-0.38000005483627319,-0.3999997079372406"/>
        <RigidRef rigidRef="2" a="0,0,1.0000003576278687" z="1.0000004768371582,0,0" t="0,0,0"/>
      </Joint>
      <Joint type="hinge">
        <RigidRef rigidRef="4" a="0,1,0" z="0,0,1" t="0,4.7600002288818359,0"/>
        <RigidRef rigidRef="3" a="0,1,0" z="1.0000002384185791,0,0" t="0,-1.9200000762939453,-0.39999955892562866"/>
      </Joint>
      <Joint type="hinge">
        <RigidRef rigidRef="5" a="0,1,0" z="0,0,1" t="0,0.31999999284744263,0"/>
        <RigidRef rigidRef="4" a="0,1,0" z="0,0,1" t="0,0,0"/>
      </Joint>
    </RigidSystem>
    <RigidSystem>
      <Rigid refID="7" transformation="0.29009798169136047,-0.34150907397270203,-0.89398813247680664,-0.086473122239112854,-0.93969255685806274,0.33090808987617493,-0.95308220386505127,-0.018689820542931557,-0.30213430523872375,-1.7836642265319824,2.0402889251708984,-6.8278541564941406" boneRefs="14"/>
      <Rigid refID="8" transformation="0.25283020734786987,0,-0.96751070022583008,0,1,0,0.96751070022583008,0,0.25283020734786987,-1.9999994039535522,0.31999427080154419,-6.0000004768371582" boneRefs="15,16,17,18"/>
      <Rigid refID="9" transformation="0.2237309068441391,0.17116314172744751,-0.9595038890838623,0.32976546883583069,-0.93969231843948364,-0.090736448764801025,-0.91716921329498291,-0.29611065983772278,-0.266681969165802,-2.6847167015075684,1.6402747631072998,-5.8119921684265137" boneRefs="19"/>
      <Rigid refID="10" transformation="0.77238690853118896,-0.036294292658567429,-0.63411480188369751,-0.24231727421283722,-0.93969261646270752,-0.24137139320373535,-0.58711272478103638,0.34008905291557312,-0.73460090160369873,-1.4429019689559937,1.840411901473999,-5.4499268531799316" boneRefs="20"/>
      <Rigid refID="11" transformation="1,0,0,0,1,0,0,0,1,-0.80000042915344238,0.63999426364898682,-6.0000004768371582" boneRefs="21"/>
      <Rigid refID="12" transformation="1,0,0,0,1,0,0,0,1,-0.80000019073486328,1.5999941825866699,-6.0000009536743164" boneRefs="22"/>
      <Rigid refID="13" transformation="1,0,0,0,1,0,0,0,1,-0.80000019073486328,1.9199941158294678,-6.0000009536743164" boneRefs="23"/>
      <Joint type="hinge">
        <RigidRef rigidRef="8" a="0.34202009439468384,0.93969261646270752,0" z="-0.93969285488128662,0.34202009439468384,0" t="0.883014976978302,1.7954699993133545,0"/>
        <RigidRef rigidRef="7" a="0,-1.0000001192092896,0" z="-0.99850600957870483,0,-0.054645910859107971" t="0,-0.079999685287475586,0"/>
      </Joint>
      <Joint type="hinge">
        <RigidRef rigidRef="10" a="0,-1,0" z="0,0,1" t="0,0,0"/>
        <RigidRef rigidRef="8" a="-0.17226426303386688,0.93969261646270752,0.29547050595283508" z="0.56229430437088013,0.34008905291557312,-0.75376707315444946" t="-0.39135092496871948,1.5204176902770996,0.67807292938232422"/>
      </Joint>
      <Joint type="hinge">
        <RigidRef rigidRef="9" a="0,-1,0" z="0,0,1" t="0,0,0"/>
        <RigidRef rigidRef="8" a="-0.17116314172744751,0.93969231843948364,-0.29611065983772278" z="0.026129571720957756,-0.29611065983772278,-0.9547961950302124" t="-0.35501715540885925,1.3202805519104004,-0.61493700742721558"/>
      </Joint>
      <Joint type="hinge">
        <RigidRef rigidRef="11" a="0,1,0" z="0,0,1" t="0,0,0"/>
        <RigidRef rigidRef="8" a="0,1,0" z="-0.96751028299331665,0,0.25283008813858032" t="0.30339601635932922,0.31999999284744263,1.1610116958618164"/>
      </Joint>
      <Joint type="hinge">
        <RigidRef rigidRef="12" a="0,1,0" z="0,0,1" t="0,0,0"/>
        <RigidRef rigidRef="11" a="0,1,0" z="0,0,1" t="0,0.95999997854232788,0"/>
      </Joint>
      <Joint type="hinge">
        <RigidRef rigidRef="13" a="0,1,0" z="0,0,1" t="0,0,0"/>
        <RigidRef rigidRef="12" a="0,1,0" z="0,0,1" t="0,0.31999999284744263,0"/>
      </Joint>
    </RigidSystem>
  </RigidSystems>
  <GroupSystems>
    <GroupSystem>
    </GroupSystem>
  </GroupSystems>
</LXFML>
