<?xml version="1.0" encoding="UTF-8" standalone="no" ?>
<LXFML versionMajor="5" versionMinor="0" name="env_nextower_CombatDummy7">
  <Meta>
    <Application name="LEGO Digital Designer" versionMajor="4" versionMinor="0"/>
    <Brand name="LEGOUniverse"/>
    <BrickSet version="287"/>
  </Meta>
  <Cameras>
    <Camera refID="0" fieldOfView="80" distance="161.00326538085937" transformation="0.99715828895568848,0,-0.075335882604122162,-0.039762865751981735,0.84936392307281494,-0.52630788087844849,0.063987575471401215,0.52780777215957642,0.8469502329826355,11.82487678527832,85.695159912109375,138.401611328125"/>
  </Cameras>
  <Bricks cameraRef="0">
    <Brick refID="0" designID="59229">
      <Part refID="0" designID="59229" materials="197">
        <Bone refID="0" transformation="0,-0.083245821297168732,0.99652904272079468,0,0.99652910232543945,0.083245821297168732,-1,0,0,-2.8028106689453125,6.4911088943481445,0.73508262634277344">
        </Bone>
      </Part>
    </Brick>
    <Brick refID="1" designID="3849">
      <Part refID="1" designID="3849" materials="197">
        <Bone refID="1" transformation="-1,0,0,0,-0.99652910232543945,-0.083245821297168732,0,-0.083245821297168732,0.99652904272079468,-2.1828117370605469,7.5324821472167969,0.8220745325088501">
        </Bone>
      </Part>
    </Brick>
    <Brick refID="2" designID="48729">
      <Part refID="2" designID="48729" materials="197">
        <Bone refID="2" transformation="0,0.08324933797121048,-0.9965289831161499,-1,0,0,0,0.9965289831161499,0.08324933797121048,-0.97881126403808594,2.4799997806549072,0.39999991655349731">
        </Bone>
      </Part>
    </Brick>
    <Brick refID="3" designID="71591">
      <Part refID="3" designID="71591" materials="197">
        <Bone refID="3" transformation="1,0,0,0,1,0,0,0,1,0.028860092163085938,4.3861699104309082,1.0750000476837158">
        </Bone>
      </Part>
    </Brick>
    <Brick refID="4" designID="30175">
      <Part refID="4" designID="30175" materials="197">
        <Bone refID="4" transformation="1,0,0,0,1,0,0,0,1,0,4.1599998474121094,0.40000006556510925">
        </Bone>
      </Part>
    </Brick>
    <Brick refID="5" designID="3626">
      <Part refID="5" designID="3626" materials="197,0,0,0" decoration="0,0,0">
        <Bone refID="5" transformation="1,0,0,0,1,0,0,0,1,0,3.1999998092651367,0.40000009536743164">
        </Bone>
      </Part>
    </Brick>
    <Brick refID="6" designID="3794">
      <Part refID="6" designID="3794" materials="197">
        <Bone refID="6" transformation="1,0,0,0,1,0,0,0,1,-0.40000343322753906,2.8799998760223389,0.40000009536743164">
        </Bone>
      </Part>
    </Brick>
    <Brick refID="7" designID="4070">
      <Part refID="7" designID="4070" materials="197">
        <Bone refID="7" transformation="0,0,1,0,1,0,-1,0,0,-0.40000343322753906,1.9200000762939453,0.39999997615814209">
        </Bone>
      </Part>
    </Brick>
    <Brick refID="8" designID="3062">
      <Part refID="8" designID="3062" materials="197">
        <Bone refID="8" transformation="0,0,0.99999994039535522,-1,0,0,0,-1,0,-0.65186500549316406,2.4799997806549072,0.3999999463558197">
        </Bone>
      </Part>
    </Brick>
    <Brick refID="9" designID="4070">
      <Part refID="9" designID="4070" materials="197">
        <Bone refID="9" transformation="0,0,-1,0,1,0,1,0,0,0.39999961853027344,1.9200000762939453,0.40000006556510925">
        </Bone>
      </Part>
    </Brick>
    <Brick refID="10" designID="3062">
      <Part refID="10" designID="3062" materials="197">
        <Bone refID="10" transformation="0,0,-0.99999994039535522,1,0,0,0,-1,0,0.65186119079589844,2.4800000190734863,0.40000006556510925">
        </Bone>
      </Part>
    </Brick>
    <Brick refID="11" designID="3004">
      <Part refID="11" designID="3004" materials="197,0,0,0" decoration="0,0,0">
        <Bone refID="11" transformation="1,0,0,0,1,0,0,0,1,-0.40000343322753906,0.96000003814697266,0.40000000596046448">
        </Bone>
      </Part>
    </Brick>
    <Brick refID="12" designID="3062">
      <Part refID="12" designID="3062" materials="197">
        <Bone refID="12" transformation="1,0,0,0,1,0,0,0,1,-0.40000343322753906,0,0.40000000596046448">
        </Bone>
      </Part>
    </Brick>
    <Brick refID="13" designID="3062">
      <Part refID="13" designID="3062" materials="197">
        <Bone refID="13" transformation="1,0,0,0,1,0,0,0,1,0.39999961853027344,0,0.40000000596046448">
        </Bone>
      </Part>
    </Brick>
    <Brick refID="14" designID="48729">
      <Part refID="14" designID="48729" materials="197">
        <Bone refID="14" transformation="0,0,-0.99999988079071045,0.99999994039535522,0,0,0,-1,0,0.97880744934082031,2.4800000190734863,0.40000006556510925">
        </Bone>
      </Part>
    </Brick>
  </Bricks>
  <RigidSystems>
    <RigidSystem>
      <Rigid refID="0" transformation="0,-0.083245821297168732,0.99652904272079468,0,0.99652910232543945,0.083245821297168732,-1,0,0,-2.8028106689453125,6.4911088943481445,0.73508262634277344" boneRefs="0"/>
      <Rigid refID="1" transformation="-1,0,0,0,-0.99652910232543945,-0.083245821297168732,0,-0.083245821297168732,0.99652904272079468,-2.1828117370605469,7.5324821472167969,0.8220745325088501" boneRefs="1"/>
      <Rigid refID="2" transformation="0,0.08324933797121048,-0.9965289831161499,-1,0,0,0,0.9965289831161499,0.08324933797121048,-0.97881126403808594,2.4799997806549072,0.39999991655349731" boneRefs="2"/>
      <Rigid refID="3" transformation="1,0,0,0,1,0,0,0,1,0.028860092163085938,4.3861699104309082,1.0750000476837158" boneRefs="3"/>
      <Rigid refID="4" transformation="1,0,0,0,1,0,0,0,1,0,4.1599998474121094,0.40000006556510925" boneRefs="4,5,6,7,8,9,10,11,12,13"/>
      <Rigid refID="5" transformation="0,0,-0.99999988079071045,0.99999994039535522,0,0,0,-1,0,0.97880744934082031,2.4800000190734863,0.40000006556510925" boneRefs="14"/>
      <Joint type="hinge">
        <RigidRef rigidRef="1" a="1,0,0" z="0,0,-1" t="0.69999998807907104,1.0449999570846558,0"/>
        <RigidRef rigidRef="0" a="0,0,1" z="-1,0,0" t="0,0,0.0800018310546875"/>
      </Joint>
      <Joint type="hinge">
        <RigidRef rigidRef="2" a="0,0,1" z="1,0,0" t="0,1.2039999961853027,0.15999999642372131"/>
        <RigidRef rigidRef="1" a="0,-1,0" z="0,0,-1" t="0,4.9100813865661621,-1.1071571861975826E-005"/>
      </Joint>
      <Joint type="hinge">
        <RigidRef rigidRef="4" a="1,0,0" z="0,1,0" t="-1.5018630027770996,-1.6800000667572021,0"/>
        <RigidRef rigidRef="2" a="0,-1,0" z="0.083249323070049286,0,0.9965287446975708" t="0,0.52305412292480469,0"/>
      </Joint>
      <Joint type="hinge">
        <RigidRef rigidRef="4" a="-1,0,0" z="0,0,-1" t="-0.1600000262260437,0.22617004811763763,0.67500001192092896"/>
        <RigidRef rigidRef="3" a="-1,0,0" z="0,0,-1" t="-0.18886184692382813,0,0"/>
      </Joint>
      <Joint type="hinge">
        <RigidRef rigidRef="5" a="0,1,0" z="1,0,0" t="0,0.81005394458770752,0"/>
        <RigidRef rigidRef="4" a="1,0,0" z="0,0,-1" t="1.7888641357421875,-1.679999828338623,0"/>
      </Joint>
    </RigidSystem>
  </RigidSystems>
  <GroupSystems>
    <GroupSystem>
      <Group transformation="1,0,0,0,1,0,0,0,1,0,0,0" pivot="0,0,0" partRefs=""/>
      <Group transformation="1,0,0,0,1,0,0,0,1,0,0,0" pivot="0,0,0" partRefs=""/>
    </GroupSystem>
  </GroupSystems>
  <BuildingInstructions>
  </BuildingInstructions>
</LXFML>
