<?xml version="1.0" encoding="UTF-8" standalone="no" ?>
<LXFML versionMajor="5" versionMinor="0" name="pq_alien">
  <Meta>
    <Application name="LEGO Digital Designer" versionMajor="4" versionMinor="1"/>
    <Brand name="LEGOUniverse"/>
    <BrickSet version="385"/>
  </Meta>
  <Cameras>
    <Camera refID="0" fieldOfView="80" distance="30.82832145690918" transformation="-0.99893307685852051,0,-0.046179406344890594,-0.035011161118745804,0.65207397937774658,0.75734645128250122,0.030112389475107193,0.75815528631210327,-0.65137827396392822,1.7684921026229858,24.46728515625,-20.012811660766602"/>
  </Cameras>
  <Bricks cameraRef="0">
    <Brick refID="0" designID="53451">
      <Part refID="0" designID="53451" materials="21">
        <Bone refID="0" transformation="0.96592575311660767,-0.24565646052360535,-0.081489451229572296,0,-0.3148500919342041,0.94914144277572632,-0.25881966948509216,-0.91680008172988892,-0.30412176251411438,0.56999939680099487,1.3548767566680908,2.4767074584960937">
        </Bone>
      </Part>
    </Brick>
    <Brick refID="1" designID="30162">
      <Part refID="1" designID="30162" materials="199">
        <Bone refID="1" transformation="0,0.31485003232955933,-0.94914162158966064,1,0,0,0,-0.94914144277572632,-0.31484997272491455,0.40999934077262878,1.7485742568969727,2.0362629890441895">
        </Bone>
      </Part>
    </Brick>
    <Brick refID="2" designID="53451">
      <Part refID="2" designID="53451" materials="21">
        <Bone refID="2" transformation="0.96592557430267334,0.24565652012825012,0.081489451229572296,0,-0.31485000252723694,0.94914162158966064,0.25881975889205933,-0.91680002212524414,-0.30412164330482483,0.56999915838241577,1.8009731769561768,2.6246874332427979">
        </Bone>
      </Part>
    </Brick>
    <Brick refID="3" designID="4733">
      <Part refID="3" designID="4733" materials="26">
        <Bone refID="3" transformation="1,0,0,0,-0.3148505687713623,0.94914144277572632,0,-0.94914126396179199,-0.31485053896903992,0.0099993022158741951,1.9248906373977661,1.5047435760498047">
        </Bone>
      </Part>
    </Brick>
    <Brick refID="4" designID="30162">
      <Part refID="4" designID="30162" materials="199">
        <Bone refID="4" transformation="0,0.31485095620155334,-0.94914126396179199,-1.0000001192092896,0,0,0,0.94914120435714722,0.31485095620155334,-0.39000129699707031,1.7485741376876831,2.0362627506256104">
        </Bone>
      </Part>
    </Brick>
    <Brick refID="5" designID="53451">
      <Part refID="5" designID="53451" materials="21">
        <Bone refID="5" transformation="-0.96592527627944946,0.24565836787223816,0.081488758325576782,0,-0.31485089659690857,0.94914132356643677,0.25882130861282349,0.91679924726486206,0.30412274599075317,-0.55000120401382446,1.800972580909729,2.6246869564056396">
        </Bone>
      </Part>
    </Brick>
    <Brick refID="6" designID="53451">
      <Part refID="6" designID="53451" materials="21">
        <Bone refID="6" transformation="-0.96592503786087036,-0.24565918743610382,-0.081488505005836487,0,-0.31485015153884888,0.94914168119430542,-0.2588219940662384,0.91679942607879639,0.30412241816520691,-0.55000114440917969,1.3548768758773804,2.4767072200775146">
        </Bone>
      </Part>
    </Brick>
    <Brick refID="7" designID="4733">
      <Part refID="7" designID="4733" materials="26">
        <Bone refID="7" transformation="1,0,0,0,-0.3148505687713623,0.94914144277572632,0,-0.94914126396179199,-0.31485053896903992,0.0099987620487809181,2.227147102355957,0.59356796741485596">
        </Bone>
      </Part>
    </Brick>
    <Brick refID="8" designID="6141">
      <Part refID="8" designID="6141" materials="21">
        <Bone refID="8" transformation="0,-0.31485092639923096,0.94914144277572632,1.0000001192092896,0,0,0,0.94914126396179199,0.31485101580619812,0.40999883413314819,2.0508310794830322,1.1250870227813721">
        </Bone>
      </Part>
    </Brick>
    <Brick refID="9" designID="3024">
      <Part refID="9" designID="3024" materials="21">
        <Bone refID="9" transformation="1,0,0,0,0.94914126396179199,0.31485053896903992,0,-0.3148505687713623,0.94914144277572632,0.0099987415596842766,2.4304873943328857,1.2510272264480591">
        </Bone>
      </Part>
    </Brick>
    <Brick refID="10" designID="6141">
      <Part refID="10" designID="6141" materials="21">
        <Bone refID="10" transformation="-1,0,0,0,-0.31485095620155334,0.94914114475250244,0,0.94914108514785767,0.31485092639923096,0.0099987434223294258,2.3278994560241699,0.2898426353931427">
        </Bone>
      </Part>
    </Brick>
    <Brick refID="11" designID="61678">
      <Part refID="11" designID="61678" materials="21">
        <Bone refID="11" transformation="0,0.31485059857368469,-0.94914150238037109,0,0.94914132356643677,0.31485053896903992,1.0000001192092896,0,0,0.0099987844005227089,2.7342123985290527,1.3517796993255615">
        </Bone>
      </Part>
    </Brick>
    <Brick refID="12" designID="6141">
      <Part refID="12" designID="6141" materials="21">
        <Bone refID="12" transformation="-1,0,0,0,-0.31485095620155334,0.94914114475250244,0,0.94914108514785767,0.31485092639923096,0.009998716413974762,2.4286515712738037,-0.013882496394217014">
        </Bone>
      </Part>
    </Brick>
    <Brick refID="13" designID="6141">
      <Part refID="13" designID="6141" materials="21">
        <Bone refID="13" transformation="0,0.31485095620155334,-0.94914126396179199,-1.0000001192092896,0,0,0,0.94914120435714722,0.31485095620155334,-0.3900008499622345,2.0508308410644531,1.1250874996185303">
        </Bone>
      </Part>
    </Brick>
    <Brick refID="14" designID="3023">
      <Part refID="14" designID="3023" materials="26">
        <Bone refID="14" transformation="0,0.3148505687713623,-0.94914156198501587,0,0.94914132356643677,0.31485050916671753,1.0000001192092896,0,0,0.0099992081522941589,2.3267979621887207,-0.46910333633422852">
        </Bone>
      </Part>
    </Brick>
    <Brick refID="15" designID="3023">
      <Part refID="15" designID="3023" materials="21">
        <Bone refID="15" transformation="0,0.3148505687713623,-0.94914156198501587,0,0.94914132356643677,0.31485050916671753,1.0000001192092896,0,0,0.0099992407485842705,2.0230727195739746,-0.56985586881637573">
        </Bone>
      </Part>
    </Brick>
    <Brick refID="16" designID="48729">
      <Part refID="16" designID="48729" materials="26">
        <Bone refID="16" transformation="0,0.31485143303871155,-0.94914096593856812,0,-0.94914096593856812,-0.31485143303871155,-1,0,0,0.0099994540214538574,2.2712137699127197,1.198192834854126">
        </Bone>
      </Part>
    </Brick>
    <Brick refID="17" designID="53451">
      <Part refID="17" designID="53451" materials="21">
        <Bone refID="17" transformation="0,-0.82916748523712158,0.55900031328201294,1,0,0,0,0.55900031328201294,0.82916760444641113,0.94199961423873901,1.5538983345031738,-0.152504563331604">
        </Bone>
      </Part>
    </Brick>
    <Brick refID="18" designID="30162">
      <Part refID="18" designID="30162" materials="199">
        <Bone refID="18" transformation="-1,0,0,0,0.98158282041549683,0.19103741645812988,0,0.19103744626045227,-0.9815828800201416,0.40000003576278687,1.3519511222839355,0.04760134220123291">
        </Bone>
      </Part>
    </Brick>
    <Brick refID="19" designID="53451">
      <Part refID="19" designID="53451" materials="21">
        <Bone refID="19" transformation="0,-0.55900037288665771,-0.82916748523712158,1,0,0,0,-0.82916754484176636,0.55900043249130249,0.94199985265731812,1.4641108512878418,0.30883941054344177">
        </Bone>
      </Part>
    </Brick>
    <Brick refID="20" designID="2540">
      <Part refID="20" designID="2540" materials="26">
        <Bone refID="20" transformation="1,0,0,0,0.98095536231994629,0.19423398375511169,0,-0.1942339688539505,0.98095530271530151,-0.3999999463558197,1.0405576229095459,-0.01382141187787056">
        </Bone>
      </Part>
    </Brick>
    <Brick refID="21" designID="2540">
      <Part refID="21" designID="2540" materials="21">
        <Bone refID="21" transformation="-1,0,0,0,0.98095524311065674,0.19423426687717438,0,0.19423429667949677,-0.98095524311065674,0.40000015497207642,0.72665202617645264,-0.075976409018039703">
        </Bone>
      </Part>
    </Brick>
    <Brick refID="22" designID="30162">
      <Part refID="22" designID="30162" materials="199">
        <Bone refID="22" transformation="1,0,0,0,0.98158282041549683,0.19103741645812988,0,-0.19103744626045227,0.9815828800201416,-0.40000021457672119,1.351951003074646,0.04760129377245903">
        </Bone>
      </Part>
    </Brick>
    <Brick refID="23" designID="53451">
      <Part refID="23" designID="53451" materials="21">
        <Bone refID="23" transformation="0,-0.55899971723556519,-0.82916784286499023,-1,0,0,0,0.82916790246963501,-0.55899971723556519,-0.94200050830841064,1.4641107320785522,0.30883917212486267">
        </Bone>
      </Part>
    </Brick>
    <Brick refID="24" designID="53451">
      <Part refID="24" designID="53451" materials="21">
        <Bone refID="24" transformation="0,-0.82916784286499023,0.55899995565414429,-1.0000001192092896,0,0,0,-0.55899995565414429,-0.82916784286499023,-0.94200056791305542,1.5538980960845947,-0.15250469744205475">
        </Bone>
      </Part>
    </Brick>
    <Brick refID="25" designID="6266">
      <Part refID="25" designID="6266" materials="26">
        <Bone refID="25" transformation="1,0,0,0,1,0,0,0,1,0.60999983549118042,1.1284472942352295,0.81911283731460571">
        </Bone>
      </Part>
    </Brick>
    <Brick refID="26" designID="6266">
      <Part refID="26" designID="6266" materials="26">
        <Bone refID="26" transformation="1,0,0,0,1,0,0,0,1,-0.61000043153762817,1.1284472942352295,0.81911283731460571">
        </Bone>
      </Part>
    </Brick>
    <Brick refID="27" designID="6266">
      <Part refID="27" designID="6266" materials="26">
        <Bone refID="27" transformation="1,0,0,0,1,0,0,0,1,0.60999935865402222,1.1200010776519775,-0.81255233287811279">
        </Bone>
      </Part>
    </Brick>
    <Brick refID="28" designID="48729">
      <Part refID="28" designID="48729" materials="26">
        <Bone refID="28" transformation="0,-0.87244385480880737,-0.48871442675590515,0,-0.48871436715126038,0.87244385480880737,-1.0000001192092896,0,0,-0.010000526905059814,1.7084141969680786,-1.8629747629165649">
        </Bone>
      </Part>
    </Brick>
    <Brick refID="29" designID="4589">
      <Part refID="29" designID="4589" materials="21">
        <Bone refID="29" transformation="1,0,0,0,0.48871508240699768,-0.87244343757629395,0,0.87244343757629395,0.48871508240699768,-0.010000526905059814,1.2587964534759521,-1.0603266954421997">
        </Bone>
      </Part>
    </Brick>
    <Brick refID="30" designID="6141">
      <Part refID="30" designID="6141" materials="26">
        <Bone refID="30" transformation="1,0,0,0,0.48871508240699768,-0.87244343757629395,0,0.87244343757629395,0.48871508240699768,-0.010000526905059814,1.7279627323150635,-1.8978722095489502">
        </Bone>
      </Part>
    </Brick>
    <Brick refID="31" designID="6141">
      <Part refID="31" designID="6141" materials="21">
        <Bone refID="31" transformation="1,0,0,0,0.48871508240699768,-0.87244343757629395,0,0.87244343757629395,0.48871508240699768,-0.010000526905059814,1.8843518495559692,-2.1770544052124023">
        </Bone>
      </Part>
    </Brick>
    <Brick refID="32" designID="6141">
      <Part refID="32" designID="6141" materials="26">
        <Bone refID="32" transformation="1,0,0,0,0.48871508240699768,-0.87244343757629395,0,0.87244343757629395,0.48871508240699768,-0.010000526905059814,2.0407407283782959,-2.4562363624572754">
        </Bone>
      </Part>
    </Brick>
    <Brick refID="33" designID="6141">
      <Part refID="33" designID="6141" materials="21">
        <Bone refID="33" transformation="1,0,0,0,0.48871508240699768,-0.87244343757629395,0,0.87244343757629395,0.48871508240699768,-0.010000526905059814,2.197129487991333,-2.7354183197021484">
        </Bone>
      </Part>
    </Brick>
    <Brick refID="34" designID="64644">
      <Part refID="34" designID="64644" materials="26">
        <Bone refID="34" transformation="1,0,0,0,0.48871508240699768,-0.87244343757629395,0,0.87244343757629395,0.48871508240699768,-0.010000526905059814,2.3535184860229492,-3.0146002769470215">
        </Bone>
      </Part>
    </Brick>
    <Brick refID="35" designID="6266">
      <Part refID="35" designID="6266" materials="26">
        <Bone refID="35" transformation="1,0,0,0,1,0,0,0,1,-0.61000043153762817,1.1200010776519775,-0.81255233287811279">
        </Bone>
      </Part>
    </Brick>
    <Brick refID="36" designID="53451">
      <Part refID="36" designID="53451" materials="21">
        <Bone refID="36" transformation="0,-0.87244343757629395,-0.48871526122093201,0,0.48871538043022156,-0.87244343757629395,1.0000001192092896,0,0,-0.010000526905059814,3.1354625225067139,-4.4105100631713867">
        </Bone>
      </Part>
    </Brick>
  </Bricks>
  <RigidSystems>
    <RigidSystem>
      <Rigid refID="0" transformation="0.96592575311660767,-0.24565646052360535,-0.081489451229572296,0,-0.3148500919342041,0.94914144277572632,-0.25881966948509216,-0.91680008172988892,-0.30412176251411438,0.56999939680099487,1.3548767566680908,2.4767074584960937" boneRefs="0,1,2,3,4,5,6,7,8,9,10,11,12,13,14,15"/>
      <Rigid refID="1" transformation="0,0.31485143303871155,-0.94914096593856812,0,-0.94914096593856812,-0.31485143303871155,-1,0,0,0.0099994540214538574,2.2712137699127197,1.198192834854126" boneRefs="16"/>
      <Rigid refID="2" transformation="0,-0.82916748523712158,0.55900031328201294,1,0,0,0,0.55900031328201294,0.82916760444641113,0.94199961423873901,1.5538983345031738,-0.152504563331604" boneRefs="17,18,19,20,21,22,23,24"/>
      <Rigid refID="3" transformation="1,0,0,0,1,0,0,0,1,0.60999983549118042,1.1284472942352295,0.81911283731460571" boneRefs="25"/>
      <Rigid refID="4" transformation="1,0,0,0,1,0,0,0,1,-0.61000043153762817,1.1284472942352295,0.81911283731460571" boneRefs="26"/>
      <Rigid refID="5" transformation="1,0,0,0,1,0,0,0,1,0.60999935865402222,1.1200010776519775,-0.81255233287811279" boneRefs="27"/>
      <Rigid refID="6" transformation="0,-0.87244385480880737,-0.48871442675590515,0,-0.48871436715126038,0.87244385480880737,-1.0000001192092896,0,0,-0.010000526905059814,1.7084141969680786,-1.8629747629165649" boneRefs="28"/>
      <Rigid refID="7" transformation="1,0,0,0,0.48871508240699768,-0.87244343757629395,0,0.87244343757629395,0.48871508240699768,-0.010000526905059814,1.2587964534759521,-1.0603266954421997" boneRefs="29,30,31,32,33,34"/>
      <Rigid refID="8" transformation="1,0,0,0,1,0,0,0,1,-0.61000043153762817,1.1200010776519775,-0.81255233287811279" boneRefs="35"/>
      <Rigid refID="9" transformation="0,-0.87244343757629395,-0.48871526122093201,0,0.48871538043022156,-0.87244343757629395,1.0000001192092896,0,0,-0.010000526905059814,3.1354625225067139,-4.4105100631713867" boneRefs="36"/>
      <Joint type="hinge">
        <RigidRef rigidRef="1" a="0,-1,0" z="1,0,0" t="0,0.48219197988510132,0"/>
        <RigidRef rigidRef="0" a="-0.25881960988044739,0,-0.96592575311660767" z="-0.96592569351196289,0,0.25881975889205933" t="-0.53703683614730835,-1.502000093460083,0.1594269722700119"/>
      </Joint>
      <Joint type="hinge">
        <RigidRef rigidRef="2" a="0,-1,0" z="0.70940673351287842,0,0.70479929447174072" t="0.8959043025970459,-1.0920004844665527,0.56780630350112915"/>
        <RigidRef rigidRef="1" a="0,0,1" z="1,0,0" t="0,1.2000000476837158,0.15999999642372131"/>
      </Joint>
      <Joint type="hinge">
        <RigidRef rigidRef="2" a="0,-1,0" z="-0.70940673351287842,0,-0.70479941368103027" t="0.89590436220169067,-0.49199971556663513,0.56780630350112915"/>
        <RigidRef rigidRef="3" a="-1,0,0" z="0,0,1" t="-0.15999975800514221,0,0"/>
      </Joint>
      <Joint type="hinge">
        <RigidRef rigidRef="4" a="-1,0,0" z="0,0,1" t="-0.15999999642372131,0,0"/>
        <RigidRef rigidRef="2" a="0,-1,0" z="0.70940673351287842,0,0.70479929447174072" t="0.89590418338775635,-1.7120002508163452,0.56780630350112915"/>
      </Joint>
      <Joint type="hinge">
        <RigidRef rigidRef="2" a="0,-1,0" z="-0.70940697193145752,0,-0.70479905605316162" t="-0.013610892929136753,-0.49199947714805603,-0.78688257932662964"/>
        <RigidRef rigidRef="5" a="-1,0,0" z="0,0,1" t="-0.15999928116798401,0,0"/>
      </Joint>
      <Joint type="hinge">
        <RigidRef rigidRef="6" a="0,0,1" z="1,0,0" t="0,1.2000000476837158,-0.1600000411272049"/>
        <RigidRef rigidRef="2" a="0,-1,0" z="-0.70940697193145752,0,-0.70479905605316162" t="-0.013610937632620335,-0.7919996976852417,-0.78688251972198486"/>
      </Joint>
      <Joint type="hinge">
        <RigidRef rigidRef="8" a="-1,0,0" z="0,0,1" t="-0.15999999642372131,0,0"/>
        <RigidRef rigidRef="2" a="0,-1,0" z="0.70940709114074707,0,0.70479905605316162" t="-0.013611044734716415,-1.7120000123977661,-0.78688246011734009"/>
      </Joint>
      <Joint type="hinge">
        <RigidRef rigidRef="7" a="0,-1,0" z="1,0,0" t="0,0.5,0"/>
        <RigidRef rigidRef="6" a="0,1,0" z="1,0,0" t="0,0.41999995708465576,0"/>
      </Joint>
      <Joint type="hinge">
        <RigidRef rigidRef="9" a="0,1,0" z="0,0,1" t="0,0,0"/>
        <RigidRef rigidRef="7" a="0,1,0" z="0,0,1" t="0,3.8400001525878906,0"/>
      </Joint>
    </RigidSystem>
  </RigidSystems>
  <GroupSystems>
    <GroupSystem>
    </GroupSystem>
  </GroupSystems>
  <BuildingInstructions>
  </BuildingInstructions>
</LXFML>
