<?xml version="1.0" encoding="UTF-8" standalone="no" ?>
<LXFML versionMajor="5" versionMinor="0" name="pq_bison">
  <Meta>
    <Application name="LEGO Digital Designer" versionMajor="4" versionMinor="1"/>
    <Brand name="LEGOUniverse"/>
    <BrickSet version="385"/>
  </Meta>
  <Cameras>
    <Camera refID="0" fieldOfView="80" distance="46.570667266845703" transformation="-0.99971669912338257,0,0.023807136341929436,0.023807132616639137,0.00032686180202290416,0.99971657991409302,-1.7365331586916E-005,0.99999988079071045,-0.00072921044193208218,0.83394497632980347,47.677036285400391,0.046976413577795029"/>
  </Cameras>
  <Bricks cameraRef="0">
    <Brick refID="0" designID="3069">
      <Part refID="0" designID="3069" materials="26,0" decoration="0">
        <Bone refID="0" transformation="-1,0,0,0,0.98095512390136719,0.1942342072725296,0,0.1942342072725296,-0.98095518350601196,0.39999979734420776,3.6233549118041992,0.48341792821884155">
        </Bone>
      </Part>
    </Brick>
    <Brick refID="1" designID="3004">
      <Part refID="1" designID="3004" materials="26,0,0,0" decoration="0,0,0">
        <Bone refID="1" transformation="-1,0,0,0,0.98095571994781494,0.19423431158065796,0,0.19423431158065796,-0.98095554113388062,0.39999979734420776,2.6816372871398926,0.29695302248001099">
        </Bone>
      </Part>
    </Brick>
    <Brick refID="2" designID="32000">
      <Part refID="2" designID="32000" materials="26">
        <Bone refID="2" transformation="-1,0,0,0,0.98095571994781494,0.19423431158065796,0,0.19423431158065796,-0.98095554113388062,0.39999979734420776,1.7399203777313232,0.11048835515975952">
        </Bone>
      </Part>
    </Brick>
    <Brick refID="3" designID="3023">
      <Part refID="3" designID="3023" materials="26">
        <Bone refID="3" transformation="-1,0,0,0,0.98095571994781494,0.19423429667949677,0,0.19423429667949677,-0.98095554113388062,0.39999979734420776,1.426013708114624,0.048333123326301575">
        </Bone>
      </Part>
    </Brick>
    <Brick refID="4" designID="2540">
      <Part refID="4" designID="2540" materials="26">
        <Bone refID="4" transformation="1,0,0,0,0.98095566034317017,0.19423334300518036,0,-0.19423335790634155,0.98095571994781494,-0.4000001847743988,1.1121088266372681,-0.0138215571641922">
        </Bone>
      </Part>
    </Brick>
    <Brick refID="5" designID="2540">
      <Part refID="5" designID="2540" materials="26">
        <Bone refID="5" transformation="-1,0,0,0,0.98095571994781494,0.19423438608646393,0,0.19423438608646393,-0.98095554113388062,0.40000015497207642,0.79820328950881958,-0.075976580381393433">
        </Bone>
      </Part>
    </Brick>
    <Brick refID="6" designID="6091">
      <Part refID="6" designID="6091" materials="5">
        <Bone refID="6" transformation="1,0,0,0,0.98095542192459106,0.19423331320285797,0,-0.19423332810401917,0.98095548152923584,0.40000039339065552,3.1509311199188232,-0.42565593123435974">
        </Bone>
      </Part>
    </Brick>
    <Brick refID="7" designID="3023">
      <Part refID="7" designID="3023" materials="5">
        <Bone refID="7" transformation="-1,0,0,0,0.98095500469207764,0.19423417747020721,0,0.19423417747020721,-0.98095506429672241,0.40000027418136597,2.8370251655578613,-0.487810879945755">
        </Bone>
      </Part>
    </Brick>
    <Brick refID="8" designID="32000">
      <Part refID="8" designID="32000" materials="5">
        <Bone refID="8" transformation="-1,0,0,0,0.98095560073852539,0.19423429667949677,0,0.19423429667949677,-0.98095542192459106,0.40000033378601074,1.8953077793121338,-0.67427569627761841">
        </Bone>
      </Part>
    </Brick>
    <Brick refID="9" designID="3022">
      <Part refID="9" designID="3022" materials="5">
        <Bone refID="9" transformation="-1,0,0,0,0.98095536231994629,0.19423425197601318,0,0.19423425197601318,-0.98095542192459106,0.40000081062316895,1.736789345741272,-1.5211951732635498">
        </Bone>
      </Part>
    </Brick>
    <Brick refID="10" designID="3023">
      <Part refID="10" designID="3023" materials="5">
        <Bone refID="10" transformation="-1,0,0,0,0.98095560073852539,0.19423429667949677,0,0.19423429667949677,-0.98095542192459106,0.40000081062316895,2.3646013736724854,-1.3968851566314697">
        </Bone>
      </Part>
    </Brick>
    <Brick refID="11" designID="3023">
      <Part refID="11" designID="3023" materials="5">
        <Bone refID="11" transformation="-1,0,0,0,0.98095500469207764,0.19423414766788483,0,0.19423414766788483,-0.98095506429672241,0.40000095963478088,2.0506954193115234,-1.4590401649475098">
        </Bone>
      </Part>
    </Brick>
    <Brick refID="12" designID="6091">
      <Part refID="12" designID="6091" materials="5">
        <Bone refID="12" transformation="1,0,0,0,0.98095530271530151,0.19423328340053558,0,-0.19423329830169678,0.98095536231994629,-0.39999955892562866,3.1509308815002441,-0.42565590143203735">
        </Bone>
      </Part>
    </Brick>
    <Brick refID="13" designID="3069">
      <Part refID="13" designID="3069" materials="5,0" decoration="0">
        <Bone refID="13" transformation="-1,0,0,0,0.98095548152923584,0.19423426687717438,0,0.19423423707485199,-0.98095518350601196,0.40000039339065552,3.464836597442627,-0.36350089311599731">
        </Bone>
      </Part>
    </Brick>
    <Brick refID="14" designID="2780">
      <Part refID="14" designID="2780" materials="26">
        <Bone refID="14" transformation="-1,0,0,0,0.98095512390136719,0.1942342072725296,0,0.1942342072725296,-0.98095518350601196,0.40000027418136597,2.5418386459350586,-0.95402532815933228">
        </Bone>
      </Part>
    </Brick>
    <Brick refID="15" designID="2780">
      <Part refID="15" designID="2780" materials="26">
        <Bone refID="15" transformation="-1,0,0,0,0.98095512390136719,0.1942342072725296,0,0.1942342072725296,-0.98095518350601196,-0.39999943971633911,2.5418386459350586,-0.95402556657791138">
        </Bone>
      </Part>
    </Brick>
    <Brick refID="16" designID="53451">
      <Part refID="16" designID="53451" materials="1">
        <Bone refID="16" transformation="0,-1,0,1,0,0,0,0,0.99999994039535522,0.51889008283615112,2.9047880172729492,1.7393224239349365">
        </Bone>
      </Part>
    </Brick>
    <Brick refID="17" designID="2654">
      <Part refID="17" designID="2654" materials="26">
        <Bone refID="17" transformation="1,0,0,0,-0.99811732769012451,-0.061333436518907547,0,0.061333436518907547,-0.99811732769012451,-0.39000016450881958,3.463733434677124,1.7736711502075195">
        </Bone>
      </Part>
    </Brick>
    <Brick refID="18" designID="3023">
      <Part refID="18" designID="3023" materials="26">
        <Bone refID="18" transformation="1,0,0,0,-0.99811732769012451,-0.061333436518907547,0,0.061333436518907547,-0.99811732769012451,-0.39000016450881958,3.4146645069122314,2.5721650123596191">
        </Bone>
      </Part>
    </Brick>
    <Brick refID="19" designID="4070">
      <Part refID="19" designID="4070" materials="26">
        <Bone refID="19" transformation="0,-0.06133052334189415,0.99811762571334839,0,-0.99811750650405884,-0.06133052334189415,1.0000001192092896,0,0,0.4100000262260437,3.463733434677124,1.77367103099823">
        </Bone>
      </Part>
    </Brick>
    <Brick refID="20" designID="4070">
      <Part refID="20" designID="4070" materials="26">
        <Bone refID="20" transformation="0,0.061333432793617249,-0.99811744689941406,0,-0.99811732769012451,-0.061333432793617249,-1.0000001192092896,0,0,-0.39000016450881958,3.463733434677124,1.7736711502075195">
        </Bone>
      </Part>
    </Brick>
    <Brick refID="21" designID="4070">
      <Part refID="21" designID="4070" materials="26">
        <Bone refID="21" transformation="0,-0.061336521059274673,0.99811738729476929,0,-0.99811714887619019,-0.061336517333984375,1.0000001192092896,0,0,0.4100000262260437,3.0952670574188232,2.5525374412536621">
        </Bone>
      </Part>
    </Brick>
    <Brick refID="22" designID="4070">
      <Part refID="22" designID="4070" materials="26">
        <Bone refID="22" transformation="0,0.061333432793617249,-0.99811744689941406,0,-0.99811732769012451,-0.061333432793617249,-1.0000001192092896,0,0,-0.39000016450881958,3.0952670574188232,2.5525374412536621">
        </Bone>
      </Part>
    </Brick>
    <Brick refID="23" designID="4070">
      <Part refID="23" designID="4070" materials="26">
        <Bone refID="23" transformation="1,0,0,0,-0.99811732769012451,-0.061333436518907547,0,0.061333436518907547,-0.99811732769012451,0.4100000262260437,2.5055410861968994,1.7147886753082275">
        </Bone>
      </Part>
    </Brick>
    <Brick refID="24" designID="3794">
      <Part refID="24" designID="3794" materials="26">
        <Bone refID="24" transformation="1,0,0,0,0.061335965991020203,-0.99811697006225586,0,0.99811697006225586,0.061335965991020203,-0.39000016450881958,1.9638581275939941,1.4318015575408936">
        </Bone>
      </Part>
    </Brick>
    <Brick refID="25" designID="4070">
      <Part refID="25" designID="4070" materials="26">
        <Bone refID="25" transformation="1,0,0,0,-0.99811732769012451,-0.061333436518907547,0,0.061333436518907547,-0.99811732769012451,-0.39000016450881958,2.5055415630340576,1.714788556098938">
        </Bone>
      </Part>
    </Brick>
    <Brick refID="26" designID="6019">
      <Part refID="26" designID="6019" materials="26">
        <Bone refID="26" transformation="-1,0,0,0,0.061336293816566467,-0.99811726808547974,0,-0.99811726808547974,-0.061336036771535873,0.0099999308586120605,1.9832820892333984,1.1157143115997314">
        </Bone>
      </Part>
    </Brick>
    <Brick refID="27" designID="32000">
      <Part refID="27" designID="32000" materials="26">
        <Bone refID="27" transformation="1,0,0,0,-0.99811732769012451,-0.061333436518907547,0,0.061333436518907547,-0.99811732769012451,-0.39000016450881958,2.1370751857757568,2.493654727935791">
        </Bone>
      </Part>
    </Brick>
    <Brick refID="28" designID="3069">
      <Part refID="28" designID="3069" materials="26,0" decoration="0">
        <Bone refID="28" transformation="1,0,0,0,-0.99811732769012451,-0.061333436518907547,0,0.061333436518907547,-0.99811732769012451,-0.39000016450881958,1.5473486185073853,1.6559059619903564">
        </Bone>
      </Part>
    </Brick>
    <Brick refID="29" designID="3048">
      <Part refID="29" designID="3048" materials="26">
        <Bone refID="29" transformation="0,0.061333432793617249,-0.99811744689941406,0,-0.99811732769012451,-0.061333432793617249,-1.0000001192092896,0,0,-0.39000016450881958,1.1788821220397949,2.4347720146179199">
        </Bone>
      </Part>
    </Brick>
    <Brick refID="30" designID="53451">
      <Part refID="30" designID="53451" materials="1">
        <Bone refID="30" transformation="0,-0.99811673164367676,-0.06134321540594101,-1,0,0,0,0.06134321540594101,-0.99811673164367676,-0.498890221118927,2.9047880172729492,1.7393224239349365">
        </Bone>
      </Part>
    </Brick>
    <Brick refID="31" designID="6019">
      <Part refID="31" designID="6019" materials="26">
        <Bone refID="31" transformation="-1,0,0,0,-0.95092618465423584,-0.30941787362098694,0,-0.30941787362098694,0.95092636346817017,-0.010000050067901611,1.6802326440811157,-1.4965763092041016">
        </Bone>
      </Part>
    </Brick>
    <Brick refID="32" designID="6141">
      <Part refID="32" designID="6141" materials="26">
        <Bone refID="32" transformation="-1,0,0,0,-0.95092600584030151,-0.30941775441169739,0,-0.30941775441169739,0.95092594623565674,-0.0099994484335184097,1.3759366273880005,-1.5955904722213745">
        </Bone>
      </Part>
    </Brick>
    <Brick refID="33" designID="6019">
      <Part refID="33" designID="6019" materials="26">
        <Bone refID="33" transformation="-1,0,0,0,0,1,0,1,0,0.60999983549118042,0.3999994695186615,0.57111269235610962">
        </Bone>
      </Part>
    </Brick>
    <Brick refID="34" designID="3070">
      <Part refID="34" designID="3070" materials="26,0" decoration="0">
        <Bone refID="34" transformation="-1,0,0,0,0,1,0,1,0,0.60999983549118042,0.39999943971633911,0.8911125659942627">
        </Bone>
      </Part>
    </Brick>
    <Brick refID="35" designID="6019">
      <Part refID="35" designID="6019" materials="26">
        <Bone refID="35" transformation="-1,0,0,0,0,1,0,1,0,0.60999995470046997,0.39999940991401672,-1.0703736543655396">
        </Bone>
      </Part>
    </Brick>
    <Brick refID="36" designID="3070">
      <Part refID="36" designID="3070" materials="26,0" decoration="0">
        <Bone refID="36" transformation="-1,0,0,0,0,1,0,1,0,0.60999983549118042,0.39999943971633911,-0.75037354230880737">
        </Bone>
      </Part>
    </Brick>
    <Brick refID="37" designID="6019">
      <Part refID="37" designID="6019" materials="26">
        <Bone refID="37" transformation="-1,0,0,0,0,1,0,1,0,-0.61000043153762817,0.39999955892562866,0.57111245393753052">
        </Bone>
      </Part>
    </Brick>
    <Brick refID="38" designID="3070">
      <Part refID="38" designID="3070" materials="26,0" decoration="0">
        <Bone refID="38" transformation="-1,0,0,0,0,1,0,1,0,-0.61000043153762817,0.39999955892562866,0.8911125659942627">
        </Bone>
      </Part>
    </Brick>
    <Brick refID="39" designID="6019">
      <Part refID="39" designID="6019" materials="26">
        <Bone refID="39" transformation="-1,0,0,0,0,1,0,1,0,-0.61000031232833862,0.39999955892562866,-1.0703737735748291">
        </Bone>
      </Part>
    </Brick>
    <Brick refID="40" designID="3070">
      <Part refID="40" designID="3070" materials="26,0" decoration="0">
        <Bone refID="40" transformation="-1,0,0,0,0,1,0,1,0,-0.61000043153762817,0.39999955892562866,-0.75037389993667603">
        </Bone>
      </Part>
    </Brick>
  </Bricks>
  <RigidSystems>
    <RigidSystem>
      <Rigid refID="0" transformation="-1,0,0,0,0.98095512390136719,0.1942342072725296,0,0.1942342072725296,-0.98095518350601196,0.39999979734420776,3.6233549118041992,0.48341792821884155" boneRefs="0,1,2,3,4,5"/>
      <Rigid refID="1" transformation="1,0,0,0,0.98095542192459106,0.19423331320285797,0,-0.19423332810401917,0.98095548152923584,0.40000039339065552,3.1509311199188232,-0.42565593123435974" boneRefs="6,7,8,9,10,11,12,13"/>
      <Rigid refID="2" transformation="-1,0,0,0,0.98095512390136719,0.1942342072725296,0,0.1942342072725296,-0.98095518350601196,0.40000027418136597,2.5418386459350586,-0.95402532815933228" boneRefs="14"/>
      <Rigid refID="3" transformation="-1,0,0,0,0.98095512390136719,0.1942342072725296,0,0.1942342072725296,-0.98095518350601196,-0.39999943971633911,2.5418386459350586,-0.95402556657791138" boneRefs="15"/>
      <Rigid refID="4" transformation="0,-1,0,1,0,0,0,0,0.99999994039535522,0.51889008283615112,2.9047880172729492,1.7393224239349365" boneRefs="16"/>
      <Rigid refID="5" transformation="1,0,0,0,-0.99811732769012451,-0.061333436518907547,0,0.061333436518907547,-0.99811732769012451,-0.39000016450881958,3.463733434677124,1.7736711502075195" boneRefs="17,18,19,20,21,22,23,24,25,26,27,28,29"/>
      <Rigid refID="6" transformation="0,-0.99811673164367676,-0.06134321540594101,-1,0,0,0,0.06134321540594101,-0.99811673164367676,-0.498890221118927,2.9047880172729492,1.7393224239349365" boneRefs="30"/>
      <Rigid refID="7" transformation="-1,0,0,0,-0.95092618465423584,-0.30941787362098694,0,-0.30941787362098694,0.95092636346817017,-0.010000050067901611,1.6802326440811157,-1.4965763092041016" boneRefs="31,32"/>
      <Rigid refID="8" transformation="-1,0,0,0,0,1,0,1,0,0.60999983549118042,0.3999994695186615,0.57111269235610962" boneRefs="33,34"/>
      <Rigid refID="9" transformation="-1,0,0,0,0,1,0,1,0,0.60999995470046997,0.39999940991401672,-1.0703736543655396" boneRefs="35,36"/>
      <Rigid refID="10" transformation="-1,0,0,0,0,1,0,1,0,-0.61000043153762817,0.39999955892562866,0.57111245393753052" boneRefs="37,38"/>
      <Rigid refID="11" transformation="-1,0,0,0,0,1,0,1,0,-0.61000031232833862,0.39999955892562866,-1.0703737735748291" boneRefs="39,40"/>
      <Joint type="hinge">
        <RigidRef rigidRef="0" a="0,0,-1" z="0,-1,0" t="0,-1.3400003910064697,-0.40000009536743164"/>
        <RigidRef rigidRef="2" a="0,0,-1" z="1,0,0" t="0,0,-1.6000000238418579"/>
      </Joint>
      <Joint type="hinge">
        <RigidRef rigidRef="0" a="0,0,-1" z="0,-1,0" t="0.80000001192092896,-1.3400003910064697,-0.39999979734420776"/>
        <RigidRef rigidRef="3" a="0,0,-1" z="1,0,0" t="0,0,-1.6000000238418579"/>
      </Joint>
      <Joint type="hinge">
        <RigidRef rigidRef="0" a="1,0,0" z="0,0,1" t="0.56999975442886353,-2.6320006847381592,0.80000013113021851"/>
        <RigidRef rigidRef="7" a="1,0,0" z="0,1,0" t="0.15999999642372131,0.24799999594688416,0.80000001192092896"/>
      </Joint>
      <Joint type="hinge">
        <RigidRef rigidRef="11" a="1,0,0" z="0,1,0" t="0.15999999642372131,0.24799999594688416,0.80000001192092896"/>
        <RigidRef rigidRef="0" a="1,0,0" z="0,0,-1" t="1.1700000762939453,-2.6320006847381592,0.80000013113021851"/>
      </Joint>
      <Joint type="hinge">
        <RigidRef rigidRef="10" a="1,0,0" z="0,1,0" t="0.15999999642372131,0.24799999594688416,0.80000001192092896"/>
        <RigidRef rigidRef="0" a="1,0,0" z="0,0,-1" t="1.170000433921814,-2.312000036239624,-0.80000025033950806"/>
      </Joint>
      <Joint type="hinge">
        <RigidRef rigidRef="9" a="1,0,0" z="0,1,0" t="-0.1600000411272049,0.24800001084804535,0.80000001192092896"/>
        <RigidRef rigidRef="0" a="1,0,0" z="0,0,1" t="-0.3700002133846283,-2.6320006847381592,0.80000013113021851"/>
      </Joint>
      <Joint type="hinge">
        <RigidRef rigidRef="8" a="1,0,0" z="0,1,0" t="-0.1600000411272049,0.24800001084804535,0.80000001192092896"/>
        <RigidRef rigidRef="0" a="1,0,0" z="0,0,1" t="-0.36999994516372681,-2.312000036239624,-0.80000036954879761"/>
      </Joint>
      <Joint type="hinge">
        <RigidRef rigidRef="0" a="1,0,0" z="0,0,-1" t="0.54999995231628418,-2.312000036239624,-0.80000025033950806"/>
        <RigidRef rigidRef="5" a="-1,0,0" z="0,0,1" t="0.24000003933906555,2.3180184364318848,0.8139190673828125"/>
      </Joint>
      <Joint type="hinge">
        <RigidRef rigidRef="1" a="0,0,1" z="0,-1,0" t="0,-0.7000008225440979,0.39999932050704956"/>
        <RigidRef rigidRef="2" a="0,0,-1" z="1,0,0" t="0,0,-0.80000013113021851"/>
      </Joint>
      <Joint type="hinge">
        <RigidRef rigidRef="1" a="0,0,1" z="0,-1,0" t="-0.80000001192092896,-0.7000008225440979,0.39999908208847046"/>
        <RigidRef rigidRef="3" a="0,0,-1" z="1,0,0" t="0,0,-0.80000013113021851"/>
      </Joint>
      <Joint type="hinge">
        <RigidRef rigidRef="5" a="1,0,0" z="0,0,-1" t="0.95711290836334229,0.55999916791915894,0"/>
        <RigidRef rigidRef="4" a="0,1,0" z="0,0,1" t="0,0.048222646117210388,0"/>
      </Joint>
      <Joint type="hinge">
        <RigidRef rigidRef="5" a="-1,0,0" z="0,0,1" t="-0.15711107850074768,0.55999958515167236,0"/>
        <RigidRef rigidRef="6" a="0,1,0" z="0,0,1" t="0,0.048220992088317871,0"/>
      </Joint>
    </RigidSystem>
  </RigidSystems>
  <GroupSystems>
    <GroupSystem>
    </GroupSystem>
  </GroupSystems>
  <BuildingInstructions>
  </BuildingInstructions>
</LXFML>
