<?xml version="1.0" encoding="UTF-8" standalone="no" ?>
<LXFML versionMajor="5" versionMinor="0" name="pq_cat">
  <Meta>
    <Application name="LEGO Digital Designer" versionMajor="4" versionMinor="1"/>
    <Brand name="LEGOUniverse"/>
    <BrickSet version="385"/>
  </Meta>
  <Cameras>
    <Camera refID="0" fieldOfView="80" distance="51.570644378662109" transformation="-0.9946170449256897,0,0.10361940413713455,0.10026048123836517,0.25254949927330017,0.96237558126449585,-0.026169009506702423,0.96758401393890381,-0.25118985772132874,-0.51524949073791504,51.005306243896484,-12.891822814941406"/>
  </Cameras>
  <Bricks cameraRef="0">
    <Brick refID="0" designID="6141">
      <Part refID="0" designID="6141" materials="1">
        <Bone refID="0" transformation="0.99971133470535278,0.0024212496355175972,-0.023903654888272285,0.013235053978860378,-0.88584393262863159,0.4637945294380188,-0.020051945000886917,-0.46397700905799866,-0.88562023639678955,-0.027271568775177002,2.8276722431182861,-1.6780723333358765">
        </Bone>
      </Part>
    </Brick>
    <Brick refID="1" designID="3062">
      <Part refID="1" designID="3062" materials="26">
        <Bone refID="1" transformation="0.99971133470535278,0.0024212480057030916,-0.023903658613562584,0.013235043734312057,-0.88584417104721069,0.46379408240318298,-0.020051950588822365,-0.46397653222084045,-0.8856203556060791,-0.023029103875160217,2.5437166690826416,-1.5294040441513062">
        </Bone>
      </Part>
    </Brick>
    <Brick refID="2" designID="2555">
      <Part refID="2" designID="2555" materials="26">
        <Bone refID="2" transformation="0,0.45512044429779053,0.89042991399765015,0,-0.89042991399765015,0.45512041449546814,1.0000001192092896,0,0,-0.0099995285272598267,1.7035735845565796,-1.0695896148681641">
        </Bone>
      </Part>
    </Brick>
    <Brick refID="3" designID="2540">
      <Part refID="3" designID="2540" materials="26">
        <Bone refID="3" transformation="1,0,0,0,0.98095530271530151,0.19423329830169678,0,-0.19423329830169678,0.98095530271530151,-0.40000009536743164,1.1115144491195679,-0.013821492902934551">
        </Bone>
      </Part>
    </Brick>
    <Brick refID="4" designID="2540">
      <Part refID="4" designID="2540" materials="1">
        <Bone refID="4" transformation="-1,0,0,0,0.98095536231994629,0.19423432648181915,0,0.19423434138298035,-0.98095524311065674,0.40000015497207642,0.79760891199111938,-0.075976498425006866">
        </Bone>
      </Part>
    </Brick>
    <Brick refID="5" designID="49668">
      <Part refID="5" designID="49668" materials="26">
        <Bone refID="5" transformation="0,0,1.0000001192092896,1.0000001192092896,0,0,0,1.0000001192092896,0,0.4099995493888855,2.1668856143951416,0.82060247659683228">
        </Bone>
      </Part>
    </Brick>
    <Brick refID="6" designID="4733">
      <Part refID="6" designID="4733" materials="26">
        <Bone refID="6" transformation="1,0,0,0,-1,0,0,0,-1,0.0099992863833904266,2.7271790504455566,0.82060247659683228">
        </Bone>
      </Part>
    </Brick>
    <Brick refID="7" designID="49668">
      <Part refID="7" designID="49668" materials="26">
        <Bone refID="7" transformation="0,0,-1.0000001192092896,-1.0000001192092896,0,0,0,1.0000001192092896,0,-0.3900008499622345,2.1668856143951416,0.82060247659683228">
        </Bone>
      </Part>
    </Brick>
    <Brick refID="8" designID="3023">
      <Part refID="8" designID="3023" materials="1">
        <Bone refID="8" transformation="0.99999994039535522,0,0,0,0,1,0,-1,0,-0.3900008499622345,2.1668856143951416,1.2206025123596191">
        </Bone>
      </Part>
    </Brick>
    <Brick refID="9" designID="2555">
      <Part refID="9" designID="2555" materials="26">
        <Bone refID="9" transformation="0,0,1,0,-1,0,1,0,0,0.009999237023293972,1.768939733505249,0.82060247659683228">
        </Bone>
      </Part>
    </Brick>
    <Brick refID="10" designID="4085">
      <Part refID="10" designID="4085" materials="26">
        <Bone refID="10" transformation="0,0,-1.0000001192092896,-1.0000001192092896,0,0,0,1.0000001192092896,0,-0.4500001072883606,0.39999827742576599,-0.81108075380325317">
        </Bone>
      </Part>
    </Brick>
    <Brick refID="11" designID="4085">
      <Part refID="11" designID="4085" materials="26">
        <Bone refID="11" transformation="0,0,1.0000001192092896,1.0000001192092896,0,0,0,1.0000001192092896,0,0.44999951124191284,0.39999833703041077,-0.81108087301254272">
        </Bone>
      </Part>
    </Brick>
    <Brick refID="12" designID="4085">
      <Part refID="12" designID="4085" materials="26">
        <Bone refID="12" transformation="0,0,-1.0000001192092896,-1.0000001192092896,0,0,0,1.0000001192092896,0,-0.4500001072883606,0.40159294009208679,0.81911295652389526">
        </Bone>
      </Part>
    </Brick>
    <Brick refID="13" designID="4085">
      <Part refID="13" designID="4085" materials="26">
        <Bone refID="13" transformation="0,0,1.0000001192092896,1.0000001192092896,0,0,0,1.0000001192092896,0,0.44999951124191284,0.40312913060188293,0.82060247659683228">
        </Bone>
      </Part>
    </Brick>
  </Bricks>
  <RigidSystems>
    <RigidSystem>
      <Rigid refID="0" transformation="0.99971133470535278,0.0024212496355175972,-0.023903654888272285,0.013235053978860378,-0.88584393262863159,0.4637945294380188,-0.020051945000886917,-0.46397700905799866,-0.88562023639678955,-0.027271568775177002,2.8276722431182861,-1.6780723333358765" boneRefs="0,1,2"/>
      <Rigid refID="1" transformation="1,0,0,0,0.98095530271530151,0.19423329830169678,0,-0.19423329830169678,0.98095530271530151,-0.40000009536743164,1.1115144491195679,-0.013821492902934551" boneRefs="3,4"/>
      <Rigid refID="2" transformation="0,0,1.0000001192092896,1.0000001192092896,0,0,0,1.0000001192092896,0,0.4099995493888855,2.1668856143951416,0.82060247659683228" boneRefs="5,6,7,8,9"/>
      <Rigid refID="3" transformation="0,0,-1.0000001192092896,-1.0000001192092896,0,0,0,1.0000001192092896,0,-0.4500001072883606,0.39999827742576599,-0.81108075380325317" boneRefs="10"/>
      <Rigid refID="4" transformation="0,0,1.0000001192092896,1.0000001192092896,0,0,0,1.0000001192092896,0,0.44999951124191284,0.39999833703041077,-0.81108087301254272" boneRefs="11"/>
      <Rigid refID="5" transformation="0,0,-1.0000001192092896,-1.0000001192092896,0,0,0,1.0000001192092896,0,-0.4500001072883606,0.40159294009208679,0.81911295652389526" boneRefs="12"/>
      <Rigid refID="6" transformation="0,0,1.0000001192092896,1.0000001192092896,0,0,0,1.0000001192092896,0,0.44999951124191284,0.40312913060188293,0.82060247659683228" boneRefs="13"/>
      <Joint type="hinge">
        <RigidRef rigidRef="1" a="1,0,0" z="0,0,-1" t="0.55000048875808716,-0.071999013423919678,-0.80000019073486328"/>
        <RigidRef rigidRef="0" a="0.99971133470535278,0.013235245831310749,-0.020052241161465645" z="-0.020182549953460693,0.0098108155652880669,-0.99974822998046875" t="0.15255023539066315,1.8482561111450195,-0.015160618349909782"/>
      </Joint>
      <Joint type="hinge">
        <RigidRef rigidRef="2" a="0,1,0" z="1,0,0" t="0,-0.56000018119812012,-0.96594572067260742"/>
        <RigidRef rigidRef="1" a="1,0,0" z="0,0,1" t="0.24999932944774628,0.24799999594688416,0.80000001192092896"/>
      </Joint>
      <Joint type="hinge">
        <RigidRef rigidRef="3" a="0,-1,0" z="1,0,0" t="0,0.31999996304512024,0.79781097173690796"/>
        <RigidRef rigidRef="1" a="1,0,0" z="0,0,1" t="-0.37000000476837158,-0.071999005973339081,-0.80000013113021851"/>
      </Joint>
      <Joint type="hinge">
        <RigidRef rigidRef="4" a="0,-1,0" z="1,0,0" t="0,0.31999996304512024,0.79781097173690796"/>
        <RigidRef rigidRef="1" a="-1,0,0" z="0,0,-1" t="1.1699994802474976,-0.071999020874500275,-0.80000025033950806"/>
      </Joint>
      <Joint type="hinge">
        <RigidRef rigidRef="5" a="0,-1,0" z="1,0,0" t="0,0.31999996304512024,0.79781097173690796"/>
        <RigidRef rigidRef="1" a="1,0,0" z="0,0,1" t="-0.37000003457069397,0.24799999594688416,0.80000001192092896"/>
      </Joint>
      <Joint type="hinge">
        <RigidRef rigidRef="6" a="0,-1,0" z="1,0,0" t="0,0.31999996304512024,0.79781097173690796"/>
        <RigidRef rigidRef="1" a="-1,0,0" z="0,0,-1" t="1.1699994802474976,0.24799999594688416,0.80000001192092896"/>
      </Joint>
    </RigidSystem>
  </RigidSystems>
  <GroupSystems>
    <GroupSystem>
    </GroupSystem>
  </GroupSystems>
  <BuildingInstructions>
  </BuildingInstructions>
</LXFML>
