<?xml version="1.0" encoding="UTF-8" standalone="no" ?>
<LXFML versionMajor="5" versionMinor="0" name="pq_croc">
  <Meta>
    <Application name="LEGO Digital Designer" versionMajor="4" versionMinor="1"/>
    <Brand name="LEGOUniverse"/>
    <BrickSet version="385"/>
  </Meta>
  <Cameras>
    <Camera refID="0" fieldOfView="80" distance="73.794525146484375" transformation="-0.99363821744918823,0,0.11261801421642303,0.091973140835762024,0.57708758115768433,0.81148672103881836,-0.06499045342206955,0.81668227910995483,-0.57341623306274414,-3.971562385559082,62.204479217529297,-39.163780212402344"/>
  </Cameras>
  <Bricks cameraRef="0">
    <Brick refID="0" designID="50746">
      <Part refID="0" designID="50746" materials="141">
        <Bone refID="0" transformation="0.99959045648574829,0.013182590715587139,-0.025399439036846161,-0.0076026176102459431,0.97801405191421509,0.20840045809745789,0.027588265016674995,-0.20812201499938965,0.97771370410919189,-0.02710038423538208,2.2266790866851807,-0.61062121391296387">
        </Bone>
      </Part>
    </Brick>
    <Brick refID="1" designID="3794">
      <Part refID="1" designID="3794" materials="28">
        <Bone refID="1" transformation="0.99959045648574829,0.013182544149458408,-0.025399375706911087,-0.0076025980524718761,0.97801417112350464,0.20839999616146088,0.027588190510869026,-0.20812147855758667,0.97771382331848145,-0.42450395226478577,1.9084415435791016,-0.66714930534362793">
        </Bone>
      </Part>
    </Brick>
    <Brick refID="2" designID="3023">
      <Part refID="2" designID="3023" materials="119">
        <Bone refID="2" transformation="0,0.19423416256904602,-0.98095518350601196,0,0.98095518350601196,0.19423416256904602,1,0,0,-0.40000039339065552,1.4289791584014893,0.048333406448364258">
        </Bone>
      </Part>
    </Brick>
    <Brick refID="3" designID="3023">
      <Part refID="3" designID="3023" materials="119">
        <Bone refID="3" transformation="-0.0029815500602126122,0.19423335790634155,-0.98095083236694336,0,0.98095524311065674,0.1942342221736908,0.99999552965164185,0.00057912466581910849,-0.0029247670900076628,0.39967173337936401,1.4395252466201782,0.028013706207275391">
        </Bone>
      </Part>
    </Brick>
    <Brick refID="4" designID="50746">
      <Part refID="4" designID="50746" materials="141">
        <Bone refID="4" transformation="0.99959045648574829,0.013182590715587139,-0.025399439036846161,-0.0076026176102459431,0.97801405191421509,0.20840045809745789,0.027588265016674995,-0.20812201499938965,0.97771370410919189,-0.0050304532051086426,2.0601811408996582,0.17155003547668457">
        </Bone>
      </Part>
    </Brick>
    <Brick refID="5" designID="3794">
      <Part refID="5" designID="3794" materials="28">
        <Bone refID="5" transformation="0.99959045648574829,0.013182544149458408,-0.025399375706911087,-0.0076025980524718761,0.97801417112350464,0.20839999616146088,0.027588190510869026,-0.20812147855758667,0.97771382331848145,-0.40243393182754517,1.7419434785842896,0.11502159386873245">
        </Bone>
      </Part>
    </Brick>
    <Brick refID="6" designID="50746">
      <Part refID="6" designID="50746" materials="141">
        <Bone refID="6" transformation="1,0,0,0,0.99187278747558594,-0.12723353505134583,0,0.12723353505134583,0.99187278747558594,-0.010001003742218018,2.1216585636138916,-1.7373738288879395">
        </Bone>
      </Part>
    </Brick>
    <Brick refID="7" designID="3024">
      <Part refID="7" designID="3024" materials="28">
        <Bone refID="7" transformation="1,0,0,0,0.99187278747558594,-0.12723353505134583,0,0.12723353505134583,0.99187278747558594,-0.010001003742218018,1.8042589426040649,-1.6966592073440552">
        </Bone>
      </Part>
    </Brick>
    <Brick refID="8" designID="50746">
      <Part refID="8" designID="50746" materials="141">
        <Bone refID="8" transformation="1,0,0,0,0.99187278747558594,-0.12723353505134583,0,0.12723353505134583,0.99187278747558594,-0.010001003742218018,1.7024722099304199,-2.4901573657989502">
        </Bone>
      </Part>
    </Brick>
    <Brick refID="9" designID="3023">
      <Part refID="9" designID="3023" materials="119">
        <Bone refID="9" transformation="0,0.12723340094089508,0.99187278747558594,0,0.99187290668487549,-0.12723340094089508,-1,0,0,-0.010001003742218018,1.3850728273391724,-2.4494423866271973">
        </Bone>
      </Part>
    </Brick>
    <Brick refID="10" designID="50746">
      <Part refID="10" designID="50746" materials="141">
        <Bone refID="10" transformation="1,0,0,0,0.99187278747558594,-0.12723353505134583,0,0.12723353505134583,0.99187278747558594,-0.010001003742218018,1.2832862138748169,-3.2429406642913818">
        </Bone>
      </Part>
    </Brick>
    <Brick refID="11" designID="3623">
      <Part refID="11" designID="3623" materials="28">
        <Bone refID="11" transformation="0,-0.12723340094089508,-0.99187278747558594,0,0.99187290668487549,-0.12723340094089508,1,0,0,-0.010001003742218018,1.1694604158401489,-1.6152298450469971">
        </Bone>
      </Part>
    </Brick>
    <Brick refID="12" designID="50746">
      <Part refID="12" designID="50746" materials="141">
        <Bone refID="12" transformation="1,0,0,0,0.99187278747558594,-0.12723353505134583,0,0.12723353505134583,0.99187278747558594,-0.010001003742218018,0.86410015821456909,-3.9957242012023926">
        </Bone>
      </Part>
    </Brick>
    <Brick refID="13" designID="3623">
      <Part refID="13" designID="3623" materials="28">
        <Bone refID="13" transformation="0,-0.12723340094089508,-0.99187278747558594,0,0.99187290668487549,-0.12723340094089508,1,0,0,-0.010001003742218018,0.75027430057525635,-2.3680133819580078">
        </Bone>
      </Part>
    </Brick>
    <Brick refID="14" designID="6019">
      <Part refID="14" designID="6019" materials="24">
        <Bone refID="14" transformation="1,0,0,0,0.99187278747558594,-0.12723353505134583,0,0.12723353505134583,0.99187278747558594,-0.010001003742218018,0.85206103324890137,-1.5745151042938232">
        </Bone>
      </Part>
    </Brick>
    <Brick refID="15" designID="2540">
      <Part refID="15" designID="2540" materials="24">
        <Bone refID="15" transformation="-1,0,0,0,0.98095512390136719,0.19423434138298035,0,0.19423434138298035,-0.98095518350601196,0.40000003576278687,0.80116796493530273,-0.075976520776748657">
        </Bone>
      </Part>
    </Brick>
    <Brick refID="16" designID="2540">
      <Part refID="16" designID="2540" materials="24">
        <Bone refID="16" transformation="1,0,0,0,0.98095518350601196,0.19423331320285797,0,-0.19423331320285797,0.98095524311065674,-0.40000015497207642,1.115073561668396,-0.013821535743772984">
        </Bone>
      </Part>
    </Brick>
    <Brick refID="17" designID="4085">
      <Part refID="17" designID="4085" materials="24">
        <Bone refID="17" transformation="0,0,-1.0000001192092896,-1.0000001192092896,0,0,0,1.0000001192092896,0,-0.45000153779983521,0.40202128887176514,-0.81257081031799316">
        </Bone>
      </Part>
    </Brick>
    <Brick refID="18" designID="50746">
      <Part refID="18" designID="50746" materials="24">
        <Bone refID="18" transformation="0,0,-1.0000001192092896,-1.0000001192092896,0,0,0,1.0000001192092896,0,-0.77780789136886597,0.40343543887138367,-0.81257081031799316">
        </Bone>
      </Part>
    </Brick>
    <Brick refID="19" designID="4085">
      <Part refID="19" designID="4085" materials="24">
        <Bone refID="19" transformation="0,0,1.0000001192092896,1.0000001192092896,0,0,0,1.0000001192092896,0,0.44999927282333374,0.40202128887176514,-0.81257075071334839">
        </Bone>
      </Part>
    </Brick>
    <Brick refID="20" designID="50746">
      <Part refID="20" designID="50746" materials="24">
        <Bone refID="20" transformation="0,0,1.0000001192092896,1.0000001192092896,0,0,0,1.0000001192092896,0,0.77780646085739136,0.40060722827911377,-0.81257081031799316">
        </Bone>
      </Part>
    </Brick>
    <Brick refID="21" designID="4081">
      <Part refID="21" designID="4081" materials="24">
        <Bone refID="21" transformation="1,0,0,0,0.087155811488628387,-0.99619477987289429,0,0.99619477987289429,0.087155811488628387,-0.39000016450881958,1.9225245714187622,1.7734575271606445">
        </Bone>
      </Part>
    </Brick>
    <Brick refID="22" designID="3794">
      <Part refID="22" designID="3794" materials="28">
        <Bone refID="22" transformation="-1,0,0,0,0.087155729532241821,-0.99619489908218384,0,-0.99619489908218384,-0.087155573070049286,0.40999943017959595,1.9504145383834839,1.4546751976013184">
        </Bone>
      </Part>
    </Brick>
    <Brick refID="23" designID="4081">
      <Part refID="23" designID="4081" materials="24">
        <Bone refID="23" transformation="1,0,0,0,0.087155811488628387,-0.99619477987289429,0,0.99619477987289429,0.087155811488628387,0.40999943017959595,1.9225248098373413,1.7734576463699341">
        </Bone>
      </Part>
    </Brick>
    <Brick refID="24" designID="6019">
      <Part refID="24" designID="6019" materials="24">
        <Bone refID="24" transformation="-1,0,0,0,0.087155729532241821,-0.99619489908218384,0,-0.99619489908218384,-0.087155573070049286,0.0099994540214538574,1.978304386138916,1.1358928680419922">
        </Bone>
      </Part>
    </Brick>
    <Brick refID="25" designID="3004">
      <Part refID="25" designID="3004" materials="28,0,0,0" decoration="0,0,0">
        <Bone refID="25" transformation="1,0,0,0,0.087255470454692841,-0.99618643522262573,0,0.99618643522262573,0.087255470454692841,-0.39000123739242554,1.8379528522491455,2.7295753955841064">
        </Bone>
      </Part>
    </Brick>
    <Brick refID="26" designID="3023">
      <Part refID="26" designID="3023" materials="119">
        <Bone refID="26" transformation="1,0,0,0,0.087255455553531647,-0.99618631601333618,0,0.99618631601333618,0.087255455553531647,-0.39000111818313599,1.8098605871200562,3.0478484630584717">
        </Bone>
      </Part>
    </Brick>
    <Brick refID="27" designID="3023">
      <Part refID="27" designID="3023" materials="28">
        <Bone refID="27" transformation="1,0,0,0,0.087255455553531647,-0.99618631601333618,0,0.99618631601333618,0.087255455553531647,-0.39000117778778076,1.7819387912750244,3.3666291236877441">
        </Bone>
      </Part>
    </Brick>
    <Brick refID="28" designID="4070">
      <Part refID="28" designID="4070" materials="28">
        <Bone refID="28" transformation="-1,0,0,0,0.99628055095672607,0.086172014474868774,0,0.086172014474868774,-0.99628055095672607,-0.38767606019973755,1.1999452114105225,3.5665292739868164">
        </Bone>
      </Part>
    </Brick>
    <Brick refID="29" designID="4070">
      <Part refID="29" designID="4070" materials="28">
        <Bone refID="29" transformation="-1,0,0,0,0.99628043174743652,0.086171992123126984,0,0.086171992123126984,-0.99628043174743652,0.41126507520675659,1.1998946666717529,3.5664701461791992">
        </Bone>
      </Part>
    </Brick>
    <Brick refID="30" designID="4085">
      <Part refID="30" designID="4085" materials="24">
        <Bone refID="30" transformation="0,0,-1.0000001192092896,-1.0000001192092896,0,0,0,1.0000001192092896,0,-0.45000153779983521,0.40141528844833374,0.81917262077331543">
        </Bone>
      </Part>
    </Brick>
    <Brick refID="31" designID="50746">
      <Part refID="31" designID="50746" materials="24">
        <Bone refID="31" transformation="0,0,-1.0000001192092896,-1.0000001192092896,0,0,0,1.0000001192092896,0,-0.77780783176422119,0.40282934904098511,0.81917262077331543">
        </Bone>
      </Part>
    </Brick>
    <Brick refID="32" designID="4085">
      <Part refID="32" designID="4085" materials="24">
        <Bone refID="32" transformation="0,0,1.0000001192092896,1.0000001192092896,0,0,0,1.0000001192092896,0,0.44999927282333374,0.40141525864601135,0.81917202472686768">
        </Bone>
      </Part>
    </Brick>
    <Brick refID="33" designID="50746">
      <Part refID="33" designID="50746" materials="24">
        <Bone refID="33" transformation="0,0,1.0000001192092896,1.0000001192092896,0,0,0,1.0000001192092896,0,0.77780652046203613,0.4000011682510376,0.81917214393615723">
        </Bone>
      </Part>
    </Brick>
  </Bricks>
  <RigidSystems>
    <RigidSystem>
      <Rigid refID="0" transformation="0.99959045648574829,0.013182590715587139,-0.025399439036846161,-0.0076026176102459431,0.97801405191421509,0.20840045809745789,0.027588265016674995,-0.20812201499938965,0.97771370410919189,-0.02710038423538208,2.2266790866851807,-0.61062121391296387" boneRefs="0,1"/>
      <Rigid refID="1" transformation="0,0.19423416256904602,-0.98095518350601196,0,0.98095518350601196,0.19423416256904602,1,0,0,-0.40000039339065552,1.4289791584014893,0.048333406448364258" boneRefs="2"/>
      <Rigid refID="2" transformation="-0.0029815500602126122,0.19423335790634155,-0.98095083236694336,0,0.98095524311065674,0.1942342221736908,0.99999552965164185,0.00057912466581910849,-0.0029247670900076628,0.39967173337936401,1.4395252466201782,0.028013706207275391" boneRefs="3"/>
      <Rigid refID="3" transformation="0.99959045648574829,0.013182590715587139,-0.025399439036846161,-0.0076026176102459431,0.97801405191421509,0.20840045809745789,0.027588265016674995,-0.20812201499938965,0.97771370410919189,-0.0050304532051086426,2.0601811408996582,0.17155003547668457" boneRefs="4,5"/>
      <Rigid refID="4" transformation="1,0,0,0,0.99187278747558594,-0.12723353505134583,0,0.12723353505134583,0.99187278747558594,-0.010001003742218018,2.1216585636138916,-1.7373738288879395" boneRefs="6,7,8,9,10,11,12,13,14"/>
      <Rigid refID="5" transformation="-1,0,0,0,0.98095512390136719,0.19423434138298035,0,0.19423434138298035,-0.98095518350601196,0.40000003576278687,0.80116796493530273,-0.075976520776748657" boneRefs="15,16"/>
      <Rigid refID="6" transformation="0,0,-1.0000001192092896,-1.0000001192092896,0,0,0,1.0000001192092896,0,-0.45000153779983521,0.40202128887176514,-0.81257081031799316" boneRefs="17,18"/>
      <Rigid refID="7" transformation="0,0,1.0000001192092896,1.0000001192092896,0,0,0,1.0000001192092896,0,0.44999927282333374,0.40202128887176514,-0.81257075071334839" boneRefs="19,20"/>
      <Rigid refID="8" transformation="1,0,0,0,0.087155811488628387,-0.99619477987289429,0,0.99619477987289429,0.087155811488628387,-0.39000016450881958,1.9225245714187622,1.7734575271606445" boneRefs="21,22,23,24,25,26,27,28,29"/>
      <Rigid refID="9" transformation="0,0,-1.0000001192092896,-1.0000001192092896,0,0,0,1.0000001192092896,0,-0.45000153779983521,0.40141528844833374,0.81917262077331543" boneRefs="30,31"/>
      <Rigid refID="10" transformation="0,0,1.0000001192092896,1.0000001192092896,0,0,0,1.0000001192092896,0,0.44999927282333374,0.40141525864601135,0.81917202472686768" boneRefs="32,33"/>
      <Joint type="hinge">
        <RigidRef rigidRef="2" a="0,1,0" z="0,0,1" t="0.80000007152557373,0.31999999284744263,0"/>
        <RigidRef rigidRef="0" a="0,1,0" z="0,0,1" t="0.39999985694885254,-0.31999996304512024,0"/>
      </Joint>
      <Joint type="hinge">
        <RigidRef rigidRef="1" a="0,1,0" z="0,0,1" t="0.80000007152557373,0.31999999284744263,0"/>
        <RigidRef rigidRef="0" a="0,1,0" z="0,0,1" t="-0.40000021457672119,-0.31999993324279785,0"/>
      </Joint>
      <Joint type="hinge">
        <RigidRef rigidRef="5" a="0,1,0" z="0,0,-1" t="0.80000019073486328,0.63999992609024048,0"/>
        <RigidRef rigidRef="1" a="0,1,0" z="0,0,1" t="0,0,0"/>
      </Joint>
      <Joint type="hinge">
        <RigidRef rigidRef="3" a="0,1,0" z="0,0,1" t="-0.40000012516975403,-0.32000014185905457,0"/>
        <RigidRef rigidRef="1" a="0,1,0" z="0,0,1" t="0,0.31999999284744263,0"/>
      </Joint>
      <Joint type="hinge">
        <RigidRef rigidRef="5" a="0,1,0" z="0,0,-1" t="0,0.63999992609024048,0"/>
        <RigidRef rigidRef="2" a="0,1,0" z="0,0,1" t="0,0,0"/>
      </Joint>
      <Joint type="hinge">
        <RigidRef rigidRef="3" a="0,1,0" z="0,0,1" t="0.3999999463558197,-0.32000017166137695,0"/>
        <RigidRef rigidRef="2" a="0,1,0" z="0,0,1" t="0,0.31999999284744263,0"/>
      </Joint>
      <Joint type="hinge">
        <RigidRef rigidRef="5" a="-1,0,0" z="0,0,1" t="0.25000101327896118,0.24799999594688416,0.80000001192092896"/>
        <RigidRef rigidRef="4" a="1,0,0" z="0,1,0" t="0.15999999642372131,-1.0320003032684326,0.79999977350234985"/>
      </Joint>
      <Joint type="hinge">
        <RigidRef rigidRef="7" a="0,-1,0" z="1,0,0" t="0,0.31999996304512024,0.79781097173690796"/>
        <RigidRef rigidRef="5" a="1,0,0" z="0,0,1" t="-0.36999920010566711,0.24799999594688416,0.80000001192092896"/>
      </Joint>
      <Joint type="hinge">
        <RigidRef rigidRef="9" a="0,-1,0" z="1,0,0" t="0,0.31999996304512024,0.79781097173690796"/>
        <RigidRef rigidRef="5" a="-1,0,0" z="0,0,-1" t="1.1700016260147095,0.56800073385238647,-0.79999953508377075"/>
      </Joint>
      <Joint type="hinge">
        <RigidRef rigidRef="6" a="0,-1,0" z="1,0,0" t="0,0.31999996304512024,0.79781097173690796"/>
        <RigidRef rigidRef="5" a="-1,0,0" z="0,0,-1" t="1.1700015068054199,0.24799999594688416,0.80000001192092896"/>
      </Joint>
      <Joint type="hinge">
        <RigidRef rigidRef="5" a="1,0,0" z="0,0,-1" t="0.55000072717666626,0.56800073385238647,-0.79999959468841553"/>
        <RigidRef rigidRef="8" a="-1,0,0" z="0,1,0" t="0.23999956250190735,0.8879997730255127,-0.80000007152557373"/>
      </Joint>
      <Joint type="hinge">
        <RigidRef rigidRef="10" a="0,-1,0" z="1,0,0" t="0,0.31999996304512024,0.79781097173690796"/>
        <RigidRef rigidRef="5" a="1,0,0" z="0,0,1" t="-0.36999911069869995,0.56800073385238647,-0.79999971389770508"/>
      </Joint>
    </RigidSystem>
  </RigidSystems>
  <GroupSystems>
    <GroupSystem>
    </GroupSystem>
  </GroupSystems>
  <BuildingInstructions>
  </BuildingInstructions>
</LXFML>
