<?xml version="1.0" encoding="UTF-8" standalone="no" ?>
<LXFML versionMajor="5" versionMinor="0" name="pq_Crab">
  <Meta>
    <Application name="LEGO Digital Designer" versionMajor="4" versionMinor="1"/>
    <Brand name="LEGOUniverse"/>
    <BrickSet version="385"/>
  </Meta>
  <Cameras>
    <Camera refID="0" fieldOfView="80" distance="53.794456481933594" transformation="-0.9973987340927124,0,-0.072079941630363464,-0.06520959734916687,0.42608237266540527,0.90233105421066284,0.030711974948644638,0.90468436479568481,-0.42497381567955017,2.4765129089355469,50.604812622070313,-19.710042953491211"/>
  </Cameras>
  <Bricks cameraRef="0">
    <Brick refID="0" designID="47759">
      <Part refID="0" designID="47759" materials="26">
        <Bone refID="0" transformation="1,0,0,0,0.98141628503799438,0.19189047813415527,0,-0.19189047813415527,0.98141628503799438,-1.1856125593185425,3.0948805809020996,0.35487920045852661">
        </Bone>
      </Part>
    </Brick>
    <Brick refID="1" designID="3023">
      <Part refID="1" designID="3023" materials="23">
        <Bone refID="1" transformation="1,0,0,0,0.98141628503799438,0.19189047813415527,0,-0.19189047813415527,0.98141628503799438,-0.3856126070022583,2.9413683414459229,1.1400125026702881">
        </Bone>
      </Part>
    </Brick>
    <Brick refID="2" designID="52107">
      <Part refID="2" designID="52107" materials="26">
        <Bone refID="2" transformation="1,0,0,0,0.98141628503799438,0.19189049303531647,0,-0.19189049303531647,0.98141628503799438,0.41438758373260498,2.1527206897735596,0.17066465318202972">
        </Bone>
      </Part>
    </Brick>
    <Brick refID="3" designID="3023">
      <Part refID="3" designID="3023" materials="23">
        <Bone refID="3" transformation="1,0,0,0,0.19189043343067169,-0.98141628503799438,0,0.98141628503799438,0.19189043343067169,-0.3856126070022583,3.566298246383667,0.042906560003757477">
        </Bone>
      </Part>
    </Brick>
    <Brick refID="4" designID="47759">
      <Part refID="4" designID="47759" materials="26">
        <Bone refID="4" transformation="1,0,0,0,0.19189037382602692,-0.98141628503799438,0,0.98141628503799438,0.19189037382602692,-1.1856096982955933,2.7790699005126953,-0.11444422602653503">
        </Bone>
      </Part>
    </Brick>
    <Brick refID="5" designID="52107">
      <Part refID="5" designID="52107" materials="26">
        <Bone refID="5" transformation="1,0,0,0,0.98141628503799438,0.19189049303531647,0,-0.19189049303531647,0.98141628503799438,-1.1856125593185425,2.1527206897735596,0.17066465318202972">
        </Bone>
      </Part>
    </Brick>
    <Brick refID="6" designID="3024">
      <Part refID="6" designID="3024" materials="23">
        <Bone refID="6" transformation="1,0,0,0,-0.19189049303531647,0.98141628503799438,0,-0.98141628503799438,-0.19189049303531647,1.2143872976303101,2.6255574226379395,0.67068898677825928">
        </Bone>
      </Part>
    </Brick>
    <Brick refID="7" designID="3024">
      <Part refID="7" designID="3024" materials="23">
        <Bone refID="7" transformation="-1,0,0,0,-0.19189026951789856,0.98141646385192871,0,0.98141652345657349,0.19189052283763885,-1.1856123208999634,2.6255571842193604,0.67068910598754883">
        </Bone>
      </Part>
    </Brick>
    <Brick refID="8" designID="50746">
      <Part refID="8" designID="50746" materials="23">
        <Bone refID="8" transformation="0,0.98141622543334961,0.19189070165157318,0,-0.19189074635505676,0.98141622543334961,1,0,0,1.2143872976303101,2.5641529560089111,0.98474246263504028">
        </Bone>
      </Part>
    </Brick>
    <Brick refID="9" designID="50746">
      <Part refID="9" designID="50746" materials="23">
        <Bone refID="9" transformation="0,-0.98141640424728394,-0.19189050793647766,0,-0.19189050793647766,0.98141640424728394,-1,0,0,-1.1856125593185425,2.564152717590332,0.98474305868148804">
        </Bone>
      </Part>
    </Brick>
    <Brick refID="10" designID="3023">
      <Part refID="10" designID="3023" materials="23">
        <Bone refID="10" transformation="1,0,0,0,0.98141640424728394,0.19189049303531647,0,-0.19189049303531647,0.98141640424728394,-0.3856126070022583,1.838667631149292,0.10925985872745514">
        </Bone>
      </Part>
    </Brick>
    <Brick refID="11" designID="4081">
      <Part refID="11" designID="4081" materials="26">
        <Bone refID="11" transformation="0,0.19189110398292542,-0.98141628503799438,0,0.98141628503799438,0.19189110398292542,1.0000001192092896,0,0,0.41438764333724976,1.5246138572692871,0.047854676842689514">
        </Bone>
      </Part>
    </Brick>
    <Brick refID="12" designID="4081">
      <Part refID="12" designID="4081" materials="26">
        <Bone refID="12" transformation="0,-0.19189110398292542,0.98141628503799438,0,0.98141628503799438,0.19189110398292542,-1.0000001192092896,0,0,-0.38561263680458069,1.5246145725250244,0.047854680567979813">
        </Bone>
      </Part>
    </Brick>
    <Brick refID="13" designID="2540">
      <Part refID="13" designID="2540" materials="21">
        <Bone refID="13" transformation="1,0,0,0,0.98095530271530151,0.19423331320285797,0,-0.19423331320285797,0.98095530271530151,-0.4000001847743988,1.2143396139144897,-0.013821486383676529">
        </Bone>
      </Part>
    </Brick>
    <Brick refID="14" designID="2540">
      <Part refID="14" designID="2540" materials="21">
        <Bone refID="14" transformation="-1,0,0,0,0.98095512390136719,0.19423440098762512,0,0.19423440098762512,-0.98095518350601196,0.39999997615814209,0.90043401718139648,-0.075976498425006866">
        </Bone>
      </Part>
    </Brick>
    <Brick refID="15" designID="4599">
      <Part refID="15" designID="4599" materials="1">
        <Bone refID="15" transformation="0,-0.98141574859619141,-0.1918940395116806,-1.0000001192092896,0,0,0,0.1918940395116806,-0.98141562938690186,2.0143780708312988,1.6365300416946411,0.7452932596206665">
        </Bone>
      </Part>
    </Brick>
    <Brick refID="16" designID="6141">
      <Part refID="16" designID="6141" materials="1">
        <Bone refID="16" transformation="0,-0.98141545057296753,-0.19189397990703583,-1.0000001192092896,0,0,0,0.19189397990703583,-0.98141533136367798,2.3343780040740967,1.6365293264389038,0.7452930212020874">
        </Bone>
      </Part>
    </Brick>
    <Brick refID="17" designID="4081">
      <Part refID="17" designID="4081" materials="21">
        <Bone refID="17" transformation="0,0.98141580820083618,0.19189347326755524,-1.0000001192092896,0,0,0,-0.19189347326755524,0.98141586780548096,2.6543786525726318,1.6365286111831665,0.74529290199279785">
        </Bone>
      </Part>
    </Brick>
    <Brick refID="18" designID="4599">
      <Part refID="18" designID="4599" materials="1">
        <Bone refID="18" transformation="0,0.98141694068908691,0.19188743829727173,1,0,0,0,0.19188743829727173,-0.98141694068908691,-1.9856033325195312,1.6518851518630981,0.66677737236022949">
        </Bone>
      </Part>
    </Brick>
    <Brick refID="19" designID="6141">
      <Part refID="19" designID="6141" materials="1">
        <Bone refID="19" transformation="0,-0.98141562938690186,-0.19189409911632538,1,0,0,0,-0.19189411401748657,0.98141562938690186,-2.3056027889251709,1.65879225730896,0.63144630193710327">
        </Bone>
      </Part>
    </Brick>
    <Brick refID="20" designID="4081">
      <Part refID="20" designID="4081" materials="21">
        <Bone refID="20" transformation="0,-0.98141562938690186,-0.19189409911632538,1,0,0,0,-0.19189411401748657,0.98141562938690186,-2.6256024837493896,1.65879225730896,0.63144594430923462">
        </Bone>
      </Part>
    </Brick>
    <Brick refID="21" designID="3023">
      <Part refID="21" designID="3023" materials="23">
        <Bone refID="21" transformation="1,0,0,0,-0.98118650913238525,-0.19306229054927826,0,0.19306229054927826,-0.98118650913238525,-0.39561086893081665,2.478684663772583,-0.57927781343460083">
        </Bone>
      </Part>
    </Brick>
    <Brick refID="22" designID="3794">
      <Part refID="22" designID="3794" materials="23">
        <Bone refID="22" transformation="1,0,0,0,-0.98118633031845093,-0.19306322932243347,0,0.19306322932243347,-0.98118633031845093,-0.39561086893081665,2.1647047996520996,-0.64105808734893799">
        </Bone>
      </Part>
    </Brick>
    <Brick refID="23" designID="2555">
      <Part refID="23" designID="2555" materials="26">
        <Bone refID="23" transformation="0,0.1930677741765976,-0.98118555545806885,0,-0.9811854362487793,-0.1930677741765976,-1.0000001192092896,0,0,0.0043887495994567871,1.8507249355316162,-0.70283806324005127">
        </Bone>
      </Part>
    </Brick>
    <Brick refID="24" designID="6141">
      <Part refID="24" designID="6141" materials="1">
        <Bone refID="24" transformation="1,0,0,0,-0.20409953594207764,0.9789501428604126,0,-0.9789501428604126,-0.20409953594207764,0.02438730001449585,2.0689046382904053,1.0529358386993408">
        </Bone>
      </Part>
    </Brick>
    <Brick refID="25" designID="6019">
      <Part refID="25" designID="6019" materials="21">
        <Bone refID="25" transformation="1,0,0,0,-0.20409953594207764,0.9789501428604126,0,-0.9789501428604126,-0.20409953594207764,0.02438730001449585,2.1342160701751709,0.73967206478118896">
        </Bone>
      </Part>
    </Brick>
    <Brick refID="26" designID="4085">
      <Part refID="26" designID="4085" materials="21">
        <Bone refID="26" transformation="0,0.0011937054805457592,0.9999992847442627,1,0,0,0,0.9999992847442627,-0.0011936990777030587,0.49438709020614624,0.50128710269927979,-0.8116186261177063">
        </Bone>
      </Part>
    </Brick>
    <Brick refID="27" designID="50746">
      <Part refID="27" designID="50746" materials="21">
        <Bone refID="27" transformation="0,0.0011937054805457592,0.9999992847442627,1,0,0,0,0.9999992847442627,-0.0011936990777030587,0.82219398021697998,0.49987271428108215,-0.81161659955978394">
        </Bone>
      </Part>
    </Brick>
    <Brick refID="28" designID="4085">
      <Part refID="28" designID="4085" materials="21">
        <Bone refID="28" transformation="0,-0.0011933455243706703,-0.99999940395355225,-1.0000001192092896,0,0,0,0.99999940395355225,-0.001193194417282939,-0.44999986886978149,0.50128793716430664,-0.8116186261177063">
        </Bone>
      </Part>
    </Brick>
    <Brick refID="29" designID="50746">
      <Part refID="29" designID="50746" materials="21">
        <Bone refID="29" transformation="0,-0.0011933461064472795,-0.99999940395355225,-1.0000001192092896,0,0,0,0.99999940395355225,-0.0011931949993595481,-0.77780634164810181,0.49987414479255676,-0.81161719560623169">
        </Bone>
      </Part>
    </Brick>
    <Brick refID="30" designID="4085">
      <Part refID="30" designID="4085" materials="21">
        <Bone refID="30" transformation="0,0.0011937054805457592,0.9999992847442627,1,0,0,0,0.9999992847442627,-0.0011936990777030587,0.49438661336898804,0.50262844562530518,0.82012379169464111">
        </Bone>
      </Part>
    </Brick>
    <Brick refID="31" designID="50746">
      <Part refID="31" designID="50746" materials="21">
        <Bone refID="31" transformation="0,0.0011937054805457592,0.9999992847442627,1,0,0,0,0.9999992847442627,-0.0011936990777030587,0.82219356298446655,0.50121408700942993,0.82012581825256348">
        </Bone>
      </Part>
    </Brick>
    <Brick refID="32" designID="4085">
      <Part refID="32" designID="4085" materials="21">
        <Bone refID="32" transformation="0,-0.0011933455243706703,-0.99999940395355225,-1.0000001192092896,0,0,0,0.99999940395355225,-0.001193194417282939,-0.44999986886978149,0.50262916088104248,0.82012414932250977">
        </Bone>
      </Part>
    </Brick>
    <Brick refID="33" designID="50746">
      <Part refID="33" designID="50746" materials="21">
        <Bone refID="33" transformation="0,-0.0011933461064472795,-0.99999940395355225,-1.0000001192092896,0,0,0,0.99999940395355225,-0.0011931949993595481,-0.77780610322952271,0.50121527910232544,0.82012593746185303">
        </Bone>
      </Part>
    </Brick>
    <Brick refID="34" designID="3900">
      <Part refID="34" designID="3900" materials="1">
        <Bone refID="34" transformation="0.7071080207824707,0.69222104549407959,0.14431990683078766,-0.70710551738739014,0.69222360849380493,0.14431996643543243,0,-0.20409920811653137,0.97895020246505737,-0.54129797220230103,2.4435107707977295,2.0277793407440186">
        </Bone>
      </Part>
    </Brick>
    <Brick refID="35" designID="59900">
      <Part refID="35" designID="59900" materials="21">
        <Bone refID="35" transformation="-0.063113003969192505,0.14149966835975647,-0.98792445659637451,-0.70710659027099609,0.69222265481948853,0.14431963860988617,0.70428484678268433,0.70767629146575928,0.056367091834545135,-0.27984052896499634,2.1875553131103516,1.9744160175323486">
        </Bone>
      </Part>
    </Brick>
    <Brick refID="36" designID="3900">
      <Part refID="36" designID="3900" materials="1">
        <Bone refID="36" transformation="0.70710700750350952,-0.69222211837768555,-0.14431987702846527,0.70710659027099609,0.6922224760055542,0.14432021975517273,0,-0.2040993720293045,0.9789501428604126,0.59007304906845093,2.4435100555419922,2.0277798175811768">
        </Bone>
      </Part>
    </Brick>
    <Brick refID="37" designID="59900">
      <Part refID="37" designID="59900" materials="21">
        <Bone refID="37" transformation="-0.70412272214889526,0.70750987529754639,0.060339968651533127,0.70750993490219116,0.69181734323501587,0.1442863792181015,0.060339808464050293,0.14428645372390747,-0.98769456148147583,0.34965604543685913,2.2081546783447266,1.9787108898162842">
        </Bone>
      </Part>
    </Brick>
    <Brick refID="38" designID="50950">
      <Part refID="38" designID="50950" materials="21">
        <Bone refID="38" transformation="0,-0.19189366698265076,0.98141586780548096,0,0.98141586780548096,0.19189366698265076,-1.0000001192092896,0,0,2.4055690765380859,1.9541375637054443,1.6225430965423584">
        </Bone>
      </Part>
    </Brick>
    <Brick refID="39" designID="50950">
      <Part refID="39" designID="50950" materials="21">
        <Bone refID="39" transformation="0,-0.19189348816871643,0.98141586780548096,0,0.98141586780548096,0.19189348816871643,-1.0000001192092896,0,0,-2.3767929077148437,1.9764003753662109,1.5086963176727295">
        </Bone>
      </Part>
    </Brick>
    <Brick refID="40" designID="3048">
      <Part refID="40" designID="3048" materials="21">
        <Bone refID="40" transformation="0,-0.20409926772117615,0.97895026206970215,0.70710641145706177,-0.69222259521484375,-0.14432033896446228,0.70710718631744385,0.692221999168396,0.14431965351104736,0.87291520833969116,2.166621208190918,1.9700515270233154">
        </Bone>
      </Part>
    </Brick>
    <Brick refID="41" designID="3048">
      <Part refID="41" designID="3048" materials="21">
        <Bone refID="41" transformation="0,-0.20409996807575226,0.9789501428604126,-0.70710676908493042,-0.6922222375869751,-0.14432056248188019,0.70710694789886475,-0.69222217798233032,-0.14432026445865631,-0.25845533609390259,1.61284339427948,1.854595422744751">
        </Bone>
      </Part>
    </Brick>
    <Brick refID="42" designID="3048">
      <Part refID="42" designID="3048" materials="21">
        <Bone refID="42" transformation="0,-0.9789501428604126,-0.20409955084323883,0,-0.20409953594207764,0.9789501428604126,-1,0,0,-0.37561327219009399,2.1339254379272461,2.7008960247039795">
        </Bone>
      </Part>
    </Brick>
    <Brick refID="43" designID="3022">
      <Part refID="43" designID="3022" materials="21">
        <Bone refID="43" transformation="1,0,0,0,-0.20409953594207764,0.9789501428604126,0,-0.9789501428604126,-0.20409953594207764,-0.37561327219009399,1.4160759449005127,2.2243525981903076">
        </Bone>
      </Part>
    </Brick>
    <Brick refID="44" designID="3023">
      <Part refID="44" designID="3023" materials="21">
        <Bone refID="44" transformation="1,0,0,0,-0.20409953594207764,0.9789501428604126,0,-0.9789501428604126,-0.20409953594207764,-0.37561327219009399,1.3507641553878784,2.5376162528991699">
        </Bone>
      </Part>
    </Brick>
    <Brick refID="45" designID="3049">
      <Part refID="45" designID="3049" materials="21">
        <Bone refID="45" transformation="0,0.9789501428604126,0.20409955084323883,0,-0.20409953594207764,0.9789501428604126,1,0,0,0.42438691854476929,1.2854523658752441,2.8508806228637695">
        </Bone>
      </Part>
    </Brick>
    <Brick refID="46" designID="50950">
      <Part refID="46" designID="50950" materials="21">
        <Bone refID="46" transformation="0,-0.19189389050006866,0.98141580820083618,0,-0.98141568899154663,-0.19189389050006866,1.0000001192092896,0,0,2.4055662155151367,1.0118911266326904,1.4383082389831543">
        </Bone>
      </Part>
    </Brick>
    <Brick refID="47" designID="50950">
      <Part refID="47" designID="50950" materials="21">
        <Bone refID="47" transformation="0,-0.19189435243606567,0.98141568899154663,0,-0.98141556978225708,-0.19189435243606567,1.0000001192092896,0,0,-2.3767929077148437,1.0341541767120361,1.3244612216949463">
        </Bone>
      </Part>
    </Brick>
  </Bricks>
  <RigidSystems>
    <RigidSystem>
      <Rigid refID="0" transformation="1,0,0,0,0.98141628503799438,0.19189047813415527,0,-0.19189047813415527,0.98141628503799438,-1.1856125593185425,3.0948805809020996,0.35487920045852661" boneRefs="0,1,2,3,4,5,6,7,8,9,10,11,12,13,14"/>
      <Rigid refID="1" transformation="0,-0.98141574859619141,-0.1918940395116806,-1.0000001192092896,0,0,0,0.1918940395116806,-0.98141562938690186,2.0143780708312988,1.6365300416946411,0.7452932596206665" boneRefs="15,16,17"/>
      <Rigid refID="2" transformation="0,0.98141694068908691,0.19188743829727173,1,0,0,0,0.19188743829727173,-0.98141694068908691,-1.9856033325195312,1.6518851518630981,0.66677737236022949" boneRefs="18,19,20"/>
      <Rigid refID="3" transformation="1,0,0,0,-0.98118650913238525,-0.19306229054927826,0,0.19306229054927826,-0.98118650913238525,-0.39561086893081665,2.478684663772583,-0.57927781343460083" boneRefs="21,22,23"/>
      <Rigid refID="4" transformation="1,0,0,0,-0.20409953594207764,0.9789501428604126,0,-0.9789501428604126,-0.20409953594207764,0.02438730001449585,2.0689046382904053,1.0529358386993408" boneRefs="24,25"/>
      <Rigid refID="5" transformation="0,0.0011937054805457592,0.9999992847442627,1,0,0,0,0.9999992847442627,-0.0011936990777030587,0.49438709020614624,0.50128710269927979,-0.8116186261177063" boneRefs="26,27"/>
      <Rigid refID="6" transformation="0,-0.0011933455243706703,-0.99999940395355225,-1.0000001192092896,0,0,0,0.99999940395355225,-0.001193194417282939,-0.44999986886978149,0.50128793716430664,-0.8116186261177063" boneRefs="28,29"/>
      <Rigid refID="7" transformation="0,0.0011937054805457592,0.9999992847442627,1,0,0,0,0.9999992847442627,-0.0011936990777030587,0.49438661336898804,0.50262844562530518,0.82012379169464111" boneRefs="30,31"/>
      <Rigid refID="8" transformation="0,-0.0011933455243706703,-0.99999940395355225,-1.0000001192092896,0,0,0,0.99999940395355225,-0.001193194417282939,-0.44999986886978149,0.50262916088104248,0.82012414932250977" boneRefs="32,33"/>
      <Joint type="hinge">
        <RigidRef rigidRef="0" a="1,0,0" z="0,-0.0023877548519521952,0.99999719858169556" t="1.369999885559082,-1.6702547073364258,0.79959893226623535"/>
        <RigidRef rigidRef="4" a="1,0,0" z="0,1,0" t="0.15999998152256012,-0.071999669075012207,0.80000036954879761"/>
      </Joint>
      <Joint type="hinge">
        <RigidRef rigidRef="8" a="0,-1,0" z="1,0,0" t="0,0.31999996304512024,0.79781097173690796"/>
        <RigidRef rigidRef="0" a="1,0,0" z="0,-0.0023877548519521952,0.99999719858169556" t="0.41561281681060791,-1.6702547073364258,0.79959893226623535"/>
      </Joint>
      <Joint type="hinge">
        <RigidRef rigidRef="7" a="0,-1,0" z="1,0,0" t="0,0.30561313033103943,0.79781097173690796"/>
        <RigidRef rigidRef="0" a="-1,0,0" z="0,0.0023876929190009832,-0.99999713897705078" t="1.9856123924255371,-1.6702547073364258,0.79959893226623535"/>
      </Joint>
      <Joint type="hinge">
        <RigidRef rigidRef="6" a="0,-1,0" z="1,0,0" t="0,0.31999996304512024,0.79781097173690796"/>
        <RigidRef rigidRef="0" a="1,0,0" z="0,-0.0023888922296464443,0.99999713897705078" t="0.41561287641525269,-1.9864325523376465,-0.80116069316864014"/>
      </Joint>
      <Joint type="hinge">
        <RigidRef rigidRef="5" a="0,-1,0" z="1,0,0" t="0,0.305612713098526,0.79781097173690796"/>
        <RigidRef rigidRef="0" a="-1,0,0" z="0,0.0023888302966952324,-0.99999719858169556" t="1.9856123924255371,-1.9864325523376465,-0.80116081237792969"/>
      </Joint>
      <Joint type="hinge">
        <RigidRef rigidRef="1" a="0,0,-1" z="-1,0,0" t="0,0.79998999834060669,0.50300121307373047"/>
        <RigidRef rigidRef="0" a="0,0,1" z="1,0,0" t="2.4000000953674316,-1.3563315868377686,0.16000062227249146"/>
      </Joint>
      <Joint type="hinge">
        <RigidRef rigidRef="2" a="0,0,1" z="-1,0,0" t="0,0.79998999834060669,0.74299764633178711"/>
        <RigidRef rigidRef="0" a="0,0,-1" z="-1,0,0" t="0,-1.3563306331634521,-0.15999947488307953"/>
      </Joint>
      <Joint type="hinge">
        <RigidRef rigidRef="0" a="-1,0,0" z="0,0.0023888302966952324,-0.99999719858169556" t="1.0300012826919556,-1.9864325523376465,-0.80116069316864014"/>
        <RigidRef rigidRef="3" a="-1,0,0" z="0,0,1" t="0.23999965190887451,1.2080004215240479,0"/>
      </Joint>
    </RigidSystem>
    <RigidSystem>
      <Rigid refID="9" transformation="0.7071080207824707,0.69222104549407959,0.14431990683078766,-0.70710551738739014,0.69222360849380493,0.14431996643543243,0,-0.20409920811653137,0.97895020246505737,-0.54129797220230103,2.4435107707977295,2.0277793407440186" boneRefs="34"/>
      <Rigid refID="10" transformation="-0.063113003969192505,0.14149966835975647,-0.98792445659637451,-0.70710659027099609,0.69222265481948853,0.14431963860988617,0.70428484678268433,0.70767629146575928,0.056367091834545135,-0.27984052896499634,2.1875553131103516,1.9744160175323486" boneRefs="35"/>
      <Joint type="hinge">
        <RigidRef rigidRef="10" a="0,-1,0" z="1,0,0" t="0,0.64999997615814209,0"/>
        <RigidRef rigidRef="9" a="0,-1,0" z="1,0,0" t="0,0.28024217486381531,0"/>
      </Joint>
    </RigidSystem>
    <RigidSystem>
      <Rigid refID="11" transformation="0.70710700750350952,-0.69222211837768555,-0.14431987702846527,0.70710659027099609,0.6922224760055542,0.14432021975517273,0,-0.2040993720293045,0.9789501428604126,0.59007304906845093,2.4435100555419922,2.0277798175811768" boneRefs="36"/>
      <Rigid refID="12" transformation="-0.70412272214889526,0.70750987529754639,0.060339968651533127,0.70750993490219116,0.69181734323501587,0.1442863792181015,0.060339808464050293,0.14428645372390747,-0.98769456148147583,0.34965604543685913,2.2081546783447266,1.9787108898162842" boneRefs="37"/>
      <Joint type="hinge">
        <RigidRef rigidRef="12" a="0,-1,0" z="1,0,0" t="0,0.64999997615814209,0"/>
        <RigidRef rigidRef="11" a="0,-1,0" z="1,0,0" t="0,0.3099994957447052,0"/>
      </Joint>
    </RigidSystem>
    <RigidSystem>
      <Rigid refID="13" transformation="0,-0.19189366698265076,0.98141586780548096,0,0.98141586780548096,0.19189366698265076,-1.0000001192092896,0,0,2.4055690765380859,1.9541375637054443,1.6225430965423584" boneRefs="38"/>
    </RigidSystem>
    <RigidSystem>
      <Rigid refID="14" transformation="0,-0.19189348816871643,0.98141586780548096,0,0.98141586780548096,0.19189348816871643,-1.0000001192092896,0,0,-2.3767929077148437,1.9764003753662109,1.5086963176727295" boneRefs="39"/>
    </RigidSystem>
    <RigidSystem>
      <Rigid refID="15" transformation="0,-0.20409926772117615,0.97895026206970215,0.70710641145706177,-0.69222259521484375,-0.14432033896446228,0.70710718631744385,0.692221999168396,0.14431965351104736,0.87291520833969116,2.166621208190918,1.9700515270233154" boneRefs="40"/>
    </RigidSystem>
    <RigidSystem>
      <Rigid refID="16" transformation="0,-0.20409996807575226,0.9789501428604126,-0.70710676908493042,-0.6922222375869751,-0.14432056248188019,0.70710694789886475,-0.69222217798233032,-0.14432026445865631,-0.25845533609390259,1.61284339427948,1.854595422744751" boneRefs="41"/>
    </RigidSystem>
    <RigidSystem>
      <Rigid refID="17" transformation="0,-0.9789501428604126,-0.20409955084323883,0,-0.20409953594207764,0.9789501428604126,-1,0,0,-0.37561327219009399,2.1339254379272461,2.7008960247039795" boneRefs="42,43,44,45"/>
    </RigidSystem>
    <RigidSystem>
      <Rigid refID="18" transformation="0,-0.19189389050006866,0.98141580820083618,0,-0.98141568899154663,-0.19189389050006866,1.0000001192092896,0,0,2.4055662155151367,1.0118911266326904,1.4383082389831543" boneRefs="46"/>
    </RigidSystem>
    <RigidSystem>
      <Rigid refID="19" transformation="0,-0.19189435243606567,0.98141568899154663,0,-0.98141556978225708,-0.19189435243606567,1.0000001192092896,0,0,-2.3767929077148437,1.0341541767120361,1.3244612216949463" boneRefs="47"/>
    </RigidSystem>
  </RigidSystems>
  <GroupSystems>
    <GroupSystem>
    </GroupSystem>
  </GroupSystems>
  <BuildingInstructions>
  </BuildingInstructions>
</LXFML>
