<?xml version="1.0" encoding="UTF-8" standalone="no" ?>
<LXFML versionMajor="5" versionMinor="0" name="pq_doberman">
  <Meta>
    <Application name="LEGO Digital Designer" versionMajor="4" versionMinor="1"/>
    <Brand name="LEGOUniverse"/>
    <BrickSet version="385"/>
  </Meta>
  <Cameras>
    <Camera refID="0" fieldOfView="80" distance="53.794414520263672" transformation="-0.99999785423278809,0,-0.0021424733567982912,-0.0018851500935852528,0.47516953945159912,0.87989240884780884,0.0010180381359532475,0.87989437580108643,-0.47516855597496033,0.8791433572769165,49.271209716796875,-22.410198211669922"/>
  </Cameras>
  <Bricks cameraRef="0">
    <Brick refID="0" designID="6141">
      <Part refID="0" designID="6141" materials="26">
        <Bone refID="0" transformation="0.99999994039535522,0,0,0,0,1,0,-1,0,0.010000407695770264,2.4888355731964111,1.8610191345214844">
        </Bone>
      </Part>
    </Brick>
    <Brick refID="1" designID="3024">
      <Part refID="1" designID="3024" materials="192">
        <Bone refID="1" transformation="0.99999994039535522,0,0,0,0,1,0,-1,0,0.010000385344028473,2.4888355731964111,1.5410193204879761">
        </Bone>
      </Part>
    </Brick>
    <Brick refID="2" designID="3024">
      <Part refID="2" designID="3024" materials="192">
        <Bone refID="2" transformation="0.99999994039535522,0,0,0,0,1,0,-1,0,0.010000385344028473,2.4888355731964111,1.2210191488265991">
        </Bone>
      </Part>
    </Brick>
    <Brick refID="3" designID="4733">
      <Part refID="3" designID="4733" materials="26">
        <Bone refID="3" transformation="0.99999994039535522,0,0,0,0,1,0,-1,0,0.010000385344028473,2.4888355731964111,0.26101911067962646">
        </Bone>
      </Part>
    </Brick>
    <Brick refID="4" designID="2555">
      <Part refID="4" designID="2555" materials="26">
        <Bone refID="4" transformation="-1,0,0,0,1,0,0,0,-1,0.010000385344028473,2.8888356685638428,0.81911265850067139">
        </Bone>
      </Part>
    </Brick>
    <Brick refID="5" designID="6141">
      <Part refID="5" designID="6141" materials="298">
        <Bone refID="5" transformation="1,0,0,0,-1,0,0,0,-1,0.010000385344028473,2.0875332355499268,0.81931817531585693">
        </Bone>
      </Part>
    </Brick>
    <Brick refID="6" designID="2555">
      <Part refID="6" designID="2555" materials="26">
        <Bone refID="6" transformation="0,0,-1,0,-1,0,-1,0,0,0.010000385344028473,1.7689418792724609,0.81911236047744751">
        </Bone>
      </Part>
    </Brick>
    <Brick refID="7" designID="2540">
      <Part refID="7" designID="2540" materials="26">
        <Bone refID="7" transformation="1,0,0,0,0.98095524311065674,0.19423361122608185,0,-0.19423361122608185,0.98095524311065674,-0.40000015497207642,1.1130517721176147,-0.013821532018482685">
        </Bone>
      </Part>
    </Brick>
    <Brick refID="8" designID="2540">
      <Part refID="8" designID="2540" materials="26">
        <Bone refID="8" transformation="-1,0,0,0,0.98095512390136719,0.19423432648181915,0,0.19423434138298035,-0.98095524311065674,0.40000003576278687,0.79914623498916626,-0.075976505875587463">
        </Bone>
      </Part>
    </Brick>
    <Brick refID="9" designID="4085">
      <Part refID="9" designID="4085" materials="26">
        <Bone refID="9" transformation="0,0,1.0000001192092896,1.0000001192092896,0,0,0,1.0000001192092896,0,0.45000046491622925,0.40159419178962708,0.81762266159057617">
        </Bone>
      </Part>
    </Brick>
    <Brick refID="10" designID="4085">
      <Part refID="10" designID="4085" materials="26">
        <Bone refID="10" transformation="0,0,1.0000001192092896,1.0000001192092896,0,0,0,1.0000001192092896,0,0.45000046491622925,0.39999952912330627,-0.81257081031799316">
        </Bone>
      </Part>
    </Brick>
    <Brick refID="11" designID="6141">
      <Part refID="11" designID="6141" materials="192">
        <Bone refID="11" transformation="1,0,0,0,-0.96592581272125244,0.25881913304328918,0,-0.25881913304328918,-0.96592581272125244,-0.010000050067901611,2.0555527210235596,-1.0424022674560547">
        </Bone>
      </Part>
    </Brick>
    <Brick refID="12" designID="2555">
      <Part refID="12" designID="2555" materials="26">
        <Bone refID="12" transformation="0,-0.25881972908973694,-0.96592563390731812,0,-0.96592563390731812,0.25881972908973694,-1.0000001192092896,0,0,-0.010000050067901611,1.7464561462402344,-0.95958012342453003">
        </Bone>
      </Part>
    </Brick>
    <Brick refID="13" designID="4085">
      <Part refID="13" designID="4085" materials="26">
        <Bone refID="13" transformation="0,0,-1.0000001192092896,-1.0000001192092896,0,0,0,1.0000001192092896,0,-0.44999963045120239,0.40313026309013367,0.81911277770996094">
        </Bone>
      </Part>
    </Brick>
    <Brick refID="14" designID="4085">
      <Part refID="14" designID="4085" materials="26">
        <Bone refID="14" transformation="0,0,-1.0000001192092896,-1.0000001192092896,0,0,0,1.0000001192092896,0,-0.44999963045120239,0.40153560042381287,-0.8110809326171875">
        </Bone>
      </Part>
    </Brick>
  </Bricks>
  <RigidSystems>
    <RigidSystem>
      <Rigid refID="0" transformation="0.99999994039535522,0,0,0,0,1,0,-1,0,0.010000407695770264,2.4888355731964111,1.8610191345214844" boneRefs="0,1,2,3,4,5,6"/>
      <Rigid refID="1" transformation="1,0,0,0,0.98095524311065674,0.19423361122608185,0,-0.19423361122608185,0.98095524311065674,-0.40000015497207642,1.1130517721176147,-0.013821532018482685" boneRefs="7,8"/>
      <Rigid refID="2" transformation="0,0,1.0000001192092896,1.0000001192092896,0,0,0,1.0000001192092896,0,0.45000046491622925,0.40159419178962708,0.81762266159057617" boneRefs="9"/>
      <Rigid refID="3" transformation="0,0,1.0000001192092896,1.0000001192092896,0,0,0,1.0000001192092896,0,0.45000046491622925,0.39999952912330627,-0.81257081031799316" boneRefs="10"/>
      <Rigid refID="4" transformation="1,0,0,0,-0.96592581272125244,0.25881913304328918,0,-0.25881913304328918,-0.96592581272125244,-0.010000050067901611,2.0555527210235596,-1.0424022674560547" boneRefs="11,12"/>
      <Rigid refID="5" transformation="0,0,-1.0000001192092896,-1.0000001192092896,0,0,0,1.0000001192092896,0,-0.44999963045120239,0.40313026309013367,0.81911277770996094" boneRefs="13"/>
      <Rigid refID="6" transformation="0,0,-1.0000001192092896,-1.0000001192092896,0,0,0,1.0000001192092896,0,-0.44999963045120239,0.40153560042381287,-0.8110809326171875" boneRefs="14"/>
      <Joint type="hinge">
        <RigidRef rigidRef="1" a="-1,0,0" z="0,0,1" t="0.25000053644180298,0.24799999594688416,0.80000001192092896"/>
        <RigidRef rigidRef="0" a="-1,0,0" z="0,-1,0" t="-0.16000007092952728,-1.0419067144393921,1.2878937721252441"/>
      </Joint>
      <Joint type="hinge">
        <RigidRef rigidRef="1" a="-1,0,0" z="0,0,-1" t="0.85000056028366089,0.24800004065036774,0.80000001192092896"/>
        <RigidRef rigidRef="2" a="0,-1,0" z="1,0,0" t="0,0,0.79781097173690796"/>
      </Joint>
      <Joint type="hinge">
        <RigidRef rigidRef="1" a="-1,0,0" z="0,0,-1" t="0.85000056028366089,-0.071999348700046539,-0.80000019073486328"/>
        <RigidRef rigidRef="3" a="0,-1,0" z="1,0,0" t="0,0,0.79781097173690796"/>
      </Joint>
      <Joint type="hinge">
        <RigidRef rigidRef="4" a="-1,0,0" z="0,0,1" t="0.16000074148178101,0.88800019025802612,0"/>
        <RigidRef rigidRef="1" a="-1,0,0" z="0,0,-1" t="0.55000090599060059,-0.071999326348304749,-0.80000013113021851"/>
      </Joint>
      <Joint type="hinge">
        <RigidRef rigidRef="6" a="0,-1,0" z="1,0,0" t="0,0.31999996304512024,0.79781097173690796"/>
        <RigidRef rigidRef="1" a="1,0,0" z="0,0,1" t="-0.3699994683265686,-0.071999318897724152,-0.80000007152557373"/>
      </Joint>
      <Joint type="hinge">
        <RigidRef rigidRef="5" a="0,-1,0" z="1,0,0" t="0,0.31999996304512024,0.79781097173690796"/>
        <RigidRef rigidRef="1" a="1,0,0" z="0,0,1" t="-0.36999949812889099,0.24799999594688416,0.80000001192092896"/>
      </Joint>
    </RigidSystem>
  </RigidSystems>
  <GroupSystems>
    <GroupSystem>
    </GroupSystem>
  </GroupSystems>
  <BuildingInstructions>
  </BuildingInstructions>
</LXFML>
