<?xml version="1.0" encoding="UTF-8" standalone="no" ?>
<LXFML versionMajor="5" versionMinor="0" name="pq_dracoro">
  <Meta>
    <Application name="LEGO Digital Designer" versionMajor="4" versionMinor="1"/>
    <Brand name="LEGOUniverse"/>
    <BrickSet version="385"/>
  </Meta>
  <Cameras>
    <Camera refID="0" fieldOfView="80" distance="86.526901245117187" transformation="-0.99999761581420898,0,-0.0021428659092634916,-0.0019103583181276917,0.45302668213844299,0.8914947509765625,0.00097077584359794855,0.89149683713912964,-0.45302578806877136,-4.2015776634216309,80.5712890625,-36.042327880859375"/>
  </Cameras>
  <Bricks cameraRef="0">
    <Brick refID="0" designID="3023">
      <Part refID="0" designID="3023" materials="1">
        <Bone refID="0" transformation="1,0,0,0,1,0,0,0,1,-0.40866869688034058,2.741809606552124,4.5682864189147949">
        </Bone>
      </Part>
    </Brick>
    <Brick refID="1" designID="4081">
      <Part refID="1" designID="4081" materials="1">
        <Bone refID="1" transformation="0,-0.99999469518661499,-0.00325784832239151,1,0,0,0,-0.00325784832239151,0.99999469518661499,0.15500044822692871,2.5844168663024902,3.7677690982818604">
        </Bone>
      </Part>
    </Brick>
    <Brick refID="2" designID="3070">
      <Part refID="2" designID="3070" materials="1,0" decoration="0">
        <Bone refID="2" transformation="0,0.0032580036204308271,-0.99999475479125977,1,0,0,0,-0.99999475479125977,-0.0032579624094069004,0.47500020265579224,2.5844168663024902,3.767768383026123">
        </Bone>
      </Part>
    </Brick>
    <Brick refID="3" designID="4081">
      <Part refID="3" designID="4081" materials="1">
        <Bone refID="3" transformation="0,0.99999469518661499,0.0032578478567302227,-1,0,0,0,-0.0032578478567302227,0.99999469518661499,-0.16499906778335571,2.5844171047210693,3.7677690982818604">
        </Bone>
      </Part>
    </Brick>
    <Brick refID="4" designID="4081">
      <Part refID="4" designID="4081" materials="1">
        <Bone refID="4" transformation="-1,0,0,0,-0.99999469518661499,-0.0032578408718109131,0,-0.0032578408718109131,0.99999475479125977,-0.0049993395805358887,2.830690860748291,2.9685664176940918">
        </Bone>
      </Part>
    </Brick>
    <Brick refID="5" designID="6141">
      <Part refID="5" designID="6141" materials="197">
        <Bone refID="5" transformation="0.99999994039535522,0,0,0,-0.0032579086255282164,0.99999469518661499,0,-0.99999469518661499,-0.0032579086255282164,0.39500027894973755,3.4012467861175537,3.3704268932342529">
        </Bone>
      </Part>
    </Brick>
    <Brick refID="6" designID="4070">
      <Part refID="6" designID="4070" materials="1">
        <Bone refID="6" transformation="0.99999994039535522,0,0,0,-0.003257909556850791,0.99999493360519409,0,-0.99999493360519409,-0.003257909556850791,0.3950003981590271,3.4043745994567871,2.4104318618774414">
        </Bone>
      </Part>
    </Brick>
    <Brick refID="7" designID="3794">
      <Part refID="7" designID="3794" materials="1">
        <Bone refID="7" transformation="1,0,0,0,-1.0000003576278687,0,0,0,-1.0000003576278687,-0.40500044822692871,3.1506891250610352,2.9696090221405029">
        </Bone>
      </Part>
    </Brick>
    <Brick refID="8" designID="6141">
      <Part refID="8" designID="6141" materials="197">
        <Bone refID="8" transformation="0.99999994039535522,0,0,0,-0.0032579086255282164,0.99999469518661499,0,-0.99999469518661499,-0.0032579086255282164,-0.40500041842460632,3.4012467861175537,3.3704268932342529">
        </Bone>
      </Part>
    </Brick>
    <Brick refID="9" designID="4070">
      <Part refID="9" designID="4070" materials="1">
        <Bone refID="9" transformation="0.99999994039535522,0,0,0,-0.003257909556850791,0.99999493360519409,0,-0.99999493360519409,-0.003257909556850791,-0.40500038862228394,3.4043745994567871,2.4104318618774414">
        </Bone>
      </Part>
    </Brick>
    <Brick refID="10" designID="3023">
      <Part refID="10" designID="3023" materials="1">
        <Bone refID="10" transformation="0.99999994039535522,0,0,0,-0.0032579086255282164,0.99999469518661499,0,-0.99999469518661499,-0.0032579086255282164,-0.40500029921531677,3.40541672706604,2.0904333591461182">
        </Bone>
      </Part>
    </Brick>
    <Brick refID="11" designID="3070">
      <Part refID="11" designID="3070" materials="1,0" decoration="0">
        <Bone refID="11" transformation="0,-0.0032580036204308271,0.99999475479125977,-1,0,0,0,-0.99999475479125977,-0.0032579624094069004,-0.48500025272369385,2.5844166278839111,3.7677690982818604">
        </Bone>
      </Part>
    </Brick>
    <Brick refID="12" designID="3023">
      <Part refID="12" designID="3023" materials="1">
        <Bone refID="12" transformation="0.99999994039535522,0,0,0,-0.0032579086255282164,0.99999469518661499,0,-0.99999469518661499,-0.0032579086255282164,-0.40500035881996155,3.4064593315124512,1.7704353332519531">
        </Bone>
      </Part>
    </Brick>
    <Brick refID="13" designID="48336">
      <Part refID="13" designID="48336" materials="1">
        <Bone refID="13" transformation="0.99999994039535522,0,0,0,-0.0032579086255282164,0.99999469518661499,0,-0.99999469518661499,-0.0032579086255282164,-0.40500035881996155,3.4075016975402832,1.4504375457763672">
        </Bone>
      </Part>
    </Brick>
    <Brick refID="14" designID="53451">
      <Part refID="14" designID="53451" materials="1">
        <Bone refID="14" transformation="0,-0.0032579791732132435,0.99999475479125977,-0.0032578555401414633,-0.99998939037322998,-0.0032579703256487846,0.99999475479125977,-0.0032578466925770044,0,0.39866858720779419,2.5638108253479004,4.5677061080932617">
        </Bone>
      </Part>
    </Brick>
    <Brick refID="15" designID="53451">
      <Part refID="15" designID="53451" materials="1">
        <Bone refID="15" transformation="0,-0.0032579791732132435,0.99999475479125977,-0.0032578555401414633,-0.99998939037322998,-0.0032579703256487846,0.99999475479125977,-0.0032578466925770044,0,-0.40866920351982117,2.5638105869293213,4.5677061080932617">
        </Bone>
      </Part>
    </Brick>
    <Brick refID="16" designID="40379">
      <Part refID="16" designID="40379" materials="26">
        <Bone refID="16" transformation="0,0.99999481439590454,0.0032578054815530777,-0.70710718631744385,0.0023037521168589592,-0.70710283517837524,-0.70710653066635132,-0.0023036422207951546,0.70710361003875732,0.508137047290802,4.3180241584777832,2.8602743148803711">
        </Bone>
      </Part>
    </Brick>
    <Brick refID="17" designID="48729">
      <Part refID="17" designID="48729" materials="26">
        <Bone refID="17" transformation="0.70710718631744385,-0.0023036433849483728,0.70710265636444092,0,0.99999469518661499,0.0032578497193753719,-0.70710641145706177,-0.002303651999682188,0.707103431224823,0.39499980211257935,3.1136617660522461,2.9694886207580566">
        </Bone>
      </Part>
    </Brick>
    <Brick refID="18" designID="48729">
      <Part refID="18" designID="48729" materials="26">
        <Bone refID="18" transformation="0.70710694789886475,0.002303651999682188,-0.70710289478302002,0,0.99999475479125977,0.0032578457612544298,0.70710664987564087,-0.0023036375641822815,0.7071031928062439,-0.4049994945526123,3.113661527633667,2.9694886207580566">
        </Bone>
      </Part>
    </Brick>
    <Brick refID="19" designID="40379">
      <Part refID="19" designID="40379" materials="26">
        <Bone refID="19" transformation="0,0.99999475479125977,0.0032579128164798021,-0.7071068286895752,-0.0023035458289086819,0.70710307359695435,0.7071068286895752,-0.0023037565406411886,0.7071031928062439,-0.51813673973083496,4.318023681640625,2.8602743148803711">
        </Bone>
      </Part>
    </Brick>
    <Brick refID="20" designID="6019">
      <Part refID="20" designID="6019" materials="1">
        <Bone refID="20" transformation="1,0,0,0,-0.74475711584091187,-0.6673356294631958,0,0.6673356294631958,-0.74475711584091187,-0.020000219345092773,2.2575302124023437,2.4571347236633301">
        </Bone>
      </Part>
    </Brick>
    <Brick refID="21" designID="4081">
      <Part refID="21" designID="4081" materials="1">
        <Bone refID="21" transformation="-1,0,0,0,-0.74475699663162231,-0.66733580827713013,0,-0.66733580827713013,0.74475723505020142,-0.020000219345092773,2.0192074775695801,2.2435870170593262">
        </Bone>
      </Part>
    </Brick>
    <Brick refID="22" designID="4081">
      <Part refID="22" designID="4081" materials="1">
        <Bone refID="22" transformation="0,-0.74475717544555664,-0.66733551025390625,1.0000001192092896,0,0,0,-0.66733556985855103,0.74475735425949097,0.1399996280670166,1.3038640022277832,2.6767838001251221">
        </Bone>
      </Part>
    </Brick>
    <Brick refID="23" designID="4081">
      <Part refID="23" designID="4081" materials="1">
        <Bone refID="23" transformation="0,0.74475717544555664,0.66733568906784058,-1.0000001192092896,0,0,0,-0.6673356294631958,0.74475723505020142,-0.18000006675720215,1.3038650751113892,2.6767833232879639">
        </Bone>
      </Part>
    </Brick>
    <Brick refID="24" designID="53451">
      <Part refID="24" designID="53451" materials="1">
        <Bone refID="24" transformation="0,-0.66733551025390625,0.74475717544555664,0,0.74475717544555664,0.66733551025390625,-0.99999994039535522,0,0,0.38366824388504028,0.78340119123458862,3.2846009731292725">
        </Bone>
      </Part>
    </Brick>
    <Brick refID="25" designID="53451">
      <Part refID="25" designID="53451" materials="1">
        <Bone refID="25" transformation="0,-0.6673356294631958,0.74475711584091187,0,0.74475717544555664,0.6673356294631958,-1,0,0,-0.42366954684257507,0.78340184688568115,3.2846009731292725">
        </Bone>
      </Part>
    </Brick>
    <Brick refID="26" designID="60470">
      <Part refID="26" designID="60470" materials="1">
        <Bone refID="26" transformation="-1,0,0,0,-0.7921033501625061,0.61038702726364136,0,0.61038702726364136,0.79210340976715088,0.38000029325485229,2.3148305416107178,0.91077119112014771">
        </Bone>
      </Part>
    </Brick>
    <Brick refID="27" designID="3794">
      <Part refID="27" designID="3794" materials="1">
        <Bone refID="27" transformation="0.99999994039535522,0,0,0,-0.79210400581359863,0.61038589477539063,0,-0.61038589477539063,-0.79210406541824341,-0.41999915242195129,2.0613572597503662,1.1060957908630371">
        </Bone>
      </Part>
    </Brick>
    <Brick refID="28" designID="6019">
      <Part refID="28" designID="6019" materials="1">
        <Bone refID="28" transformation="0.99999994039535522,0,0,0,-0.79210400581359863,0.61038589477539063,0,-0.61038589477539063,-0.79210406541824341,-0.019998617470264435,1.8078837394714355,1.3014194965362549">
        </Bone>
      </Part>
    </Brick>
    <Brick refID="29" designID="53451">
      <Part refID="29" designID="53451" materials="1">
        <Bone refID="29" transformation="0,-0.19423419237136841,0.98095524311065674,0,0.98095530271530151,0.19423419237136841,-1,0,0,0,2.6047718524932861,0.29695373773574829">
        </Bone>
      </Part>
    </Brick>
    <Brick refID="30" designID="3794">
      <Part refID="30" designID="3794" materials="1">
        <Bone refID="30" transformation="1,0,0,0,0.98095530271530151,0.19423361122608185,0,-0.19423361122608185,0.98095530271530151,-0.40000036358833313,2.2908663749694824,0.23479855060577393">
        </Bone>
      </Part>
    </Brick>
    <Brick refID="31" designID="3023">
      <Part refID="31" designID="3023" materials="1">
        <Bone refID="31" transformation="1,0,0,0,0.98095530271530151,0.19423361122608185,0,-0.19423361122608185,0.98095530271530151,-0.40000036358833313,1.9769606590270996,0.17264389991760254">
        </Bone>
      </Part>
    </Brick>
    <Brick refID="32" designID="3022">
      <Part refID="32" designID="3022" materials="1">
        <Bone refID="32" transformation="1,0,0,0,0.98095530271530151,0.19423361122608185,0,-0.19423361122608185,0.98095530271530151,-0.40000036358833313,1.6630556583404541,0.11048895865678787">
        </Bone>
      </Part>
    </Brick>
    <Brick refID="33" designID="6019">
      <Part refID="33" designID="6019" materials="1">
        <Bone refID="33" transformation="0,0.19423417747020721,-0.98095518350601196,0,0.98095530271530151,0.19423419237136841,1,0,0,0.39999982714653015,1.3491488695144653,0.048333495855331421">
        </Bone>
      </Part>
    </Brick>
    <Brick refID="34" designID="3794">
      <Part refID="34" designID="3794" materials="1">
        <Bone refID="34" transformation="1,0,0,0,0.98095530271530151,0.19423361122608185,0,-0.19423361122608185,0.98095530271530151,-0.40000036358833313,2.1323482990264893,-0.61212044954299927">
        </Bone>
      </Part>
    </Brick>
    <Brick refID="35" designID="2540">
      <Part refID="35" designID="2540" materials="1">
        <Bone refID="35" transformation="1,0,0,0,0.98095536231994629,0.19423331320285797,0,-0.19423331320285797,0.98095536231994629,-0.40000012516975403,1.0352433919906616,-0.013821542263031006">
        </Bone>
      </Part>
    </Brick>
    <Brick refID="36" designID="6019">
      <Part refID="36" designID="6019" materials="1">
        <Bone refID="36" transformation="0,-0.19423423707485199,0.98095530271530151,0,0.98095530271530151,0.1942342221736908,-1,0,0,-0.40000036358833313,1.3491488695144653,0.048333503305912018">
        </Bone>
      </Part>
    </Brick>
    <Brick refID="37" designID="2540">
      <Part refID="37" designID="2540" materials="1">
        <Bone refID="37" transformation="-1,0,0,0,0.98095542192459106,0.19423434138298035,0,0.19423434138298035,-0.98095518350601196,0.40000006556510925,0.72133749723434448,-0.075976558029651642">
        </Bone>
      </Part>
    </Brick>
    <Brick refID="38" designID="6133">
      <Part refID="38" designID="6133" materials="26">
        <Bone refID="38" transformation="0.70710676908493042,0.69364011287689209,0.13734397292137146,0,0.1942337304353714,-0.98095524311065674,-0.70710676908493042,0.69364011287689209,0.13734398782253265,1.334855318069458,1.8873385190963745,0.22132687270641327">
        </Bone>
      </Part>
    </Brick>
    <Brick refID="39" designID="53451">
      <Part refID="39" designID="53451" materials="1">
        <Bone refID="39" transformation="0,-0.19423419237136841,0.98095524311065674,0,0.98095530271530151,0.19423419237136841,-1,0,0,0,2.4462535381317139,-0.54996562004089355">
        </Bone>
      </Part>
    </Brick>
    <Brick refID="40" designID="6266">
      <Part refID="40" designID="6266" materials="1">
        <Bone refID="40" transformation="1,0,0,0,1,0,0,0,1,0.60999983549118042,1.1231328248977661,0.81911313533782959">
        </Bone>
      </Part>
    </Brick>
    <Brick refID="41" designID="6266">
      <Part refID="41" designID="6266" materials="1">
        <Bone refID="41" transformation="1,0,0,0,1,0,0,0,1,-0.6100003719329834,1.1231329441070557,0.81911313533782959">
        </Bone>
      </Part>
    </Brick>
    <Brick refID="42" designID="6266">
      <Part refID="42" designID="6266" materials="1">
        <Bone refID="42" transformation="1,0,0,0,1,0,0,0,1,0.60999983549118042,1.1200020313262939,-0.81257069110870361">
        </Bone>
      </Part>
    </Brick>
    <Brick refID="43" designID="6133">
      <Part refID="43" designID="6133" materials="26">
        <Bone refID="43" transformation="-0.7071068286895752,0.69364011287689209,0.13734400272369385,0,0.19423377513885498,-0.98095536231994629,-0.70710676908493042,-0.69364029169082642,-0.13734385371208191,-1.5135409832000732,1.7120555639266968,0.18661984801292419">
        </Bone>
      </Part>
    </Brick>
    <Brick refID="44" designID="4085">
      <Part refID="44" designID="4085" materials="1">
        <Bone refID="44" transformation="-1,0,0,0,-0.23510794341564178,0.9719693660736084,0,0.9719693660736084,0.23510822653770447,-0.010000050067901611,1.4040127992630005,-1.9867094755172729">
        </Bone>
      </Part>
    </Brick>
    <Brick refID="45" designID="6141">
      <Part refID="45" designID="6141" materials="197">
        <Bone refID="45" transformation="1,0,0,0,-0.23510809242725372,0.97196924686431885,0,-0.97196930646896362,-0.23510812222957611,-0.010000078938901424,1.3287781476974487,-1.6756787300109863">
        </Bone>
      </Part>
    </Brick>
    <Brick refID="46" designID="2555">
      <Part refID="46" designID="2555" materials="1">
        <Bone refID="46" transformation="0,-0.97196942567825317,-0.23510807752609253,0,-0.23510797321796417,0.97196924686431885,-1,0,0,-0.010000078938901424,1.253543496131897,-1.364648699760437">
        </Bone>
      </Part>
    </Brick>
    <Brick refID="47" designID="4085">
      <Part refID="47" designID="4085" materials="1">
        <Bone refID="47" transformation="-1,0,0,0,-0.23510794341564178,0.9719693660736084,0,0.9719693660736084,0.23510822653770447,-0.010000078938901424,1.554482102394104,-2.6087701320648193">
        </Bone>
      </Part>
    </Brick>
    <Brick refID="48" designID="6141">
      <Part refID="48" designID="6141" materials="197">
        <Bone refID="48" transformation="1,0,0,0,-0.23510812222957611,0.97196924686431885,0,-0.97196930646896362,-0.23510812222957611,-0.01000000536441803,1.4792474508285522,-2.2977402210235596">
        </Bone>
      </Part>
    </Brick>
    <Brick refID="49" designID="4085">
      <Part refID="49" designID="4085" materials="1">
        <Bone refID="49" transformation="-1,0,0,0,-0.23510794341564178,0.9719693660736084,0,0.9719693660736084,0.23510822653770447,-0.010000078938901424,1.7049514055252075,-3.2308306694030762">
        </Bone>
      </Part>
    </Brick>
    <Brick refID="50" designID="6141">
      <Part refID="50" designID="6141" materials="197">
        <Bone refID="50" transformation="1,0,0,0,-0.23510812222957611,0.97196924686431885,0,-0.97196930646896362,-0.23510812222957611,-0.010000020265579224,1.6297165155410767,-2.9198002815246582">
        </Bone>
      </Part>
    </Brick>
    <Brick refID="51" designID="4085">
      <Part refID="51" designID="4085" materials="1">
        <Bone refID="51" transformation="-1,0,0,0,-0.23510794341564178,0.9719693660736084,0,0.9719693660736084,0.23510822653770447,-0.010000078938901424,1.8554205894470215,-3.8528919219970703">
        </Bone>
      </Part>
    </Brick>
    <Brick refID="52" designID="6141">
      <Part refID="52" designID="6141" materials="197">
        <Bone refID="52" transformation="1,0,0,0,-0.23510812222957611,0.97196924686431885,0,-0.97196930646896362,-0.23510812222957611,-0.010000037029385567,1.7801861763000488,-3.5418617725372314">
        </Bone>
      </Part>
    </Brick>
    <Brick refID="53" designID="4085">
      <Part refID="53" designID="4085" materials="1">
        <Bone refID="53" transformation="-1,0,0,0,-0.23510794341564178,0.9719693660736084,0,0.9719693660736084,0.23510822653770447,-0.010000078938901424,2.0058896541595459,-4.4749512672424316">
        </Bone>
      </Part>
    </Brick>
    <Brick refID="54" designID="6141">
      <Part refID="54" designID="6141" materials="197">
        <Bone refID="54" transformation="1,0,0,0,-0.23510812222957611,0.97196924686431885,0,-0.97196930646896362,-0.23510812222957611,-0.0099998731166124344,1.9306551218032837,-4.1639223098754883">
        </Bone>
      </Part>
    </Brick>
    <Brick refID="55" designID="6141">
      <Part refID="55" designID="6141" materials="197">
        <Bone refID="55" transformation="1,0,0,0,-0.23510809242725372,0.97196924686431885,0,-0.97196930646896362,-0.23510812222957611,-0.010000078938901424,2.0811245441436768,-4.7859811782836914">
        </Bone>
      </Part>
    </Brick>
    <Brick refID="56" designID="6266">
      <Part refID="56" designID="6266" materials="1">
        <Bone refID="56" transformation="1,0,0,0,1,0,0,0,1,-0.6100003719329834,1.1200020313262939,-0.81257069110870361">
        </Bone>
      </Part>
    </Brick>
  </Bricks>
  <RigidSystems>
    <RigidSystem>
      <Rigid refID="0" transformation="1,0,0,0,1,0,0,0,1,-0.40866869688034058,2.741809606552124,4.5682864189147949" boneRefs="0,1,2,3,4,5,6,7,8,9,10,11,12,13"/>
      <Rigid refID="1" transformation="0,-0.0032579791732132435,0.99999475479125977,-0.0032578555401414633,-0.99998939037322998,-0.0032579703256487846,0.99999475479125977,-0.0032578466925770044,0,0.39866858720779419,2.5638108253479004,4.5677061080932617" boneRefs="14"/>
      <Rigid refID="2" transformation="0,-0.0032579791732132435,0.99999475479125977,-0.0032578555401414633,-0.99998939037322998,-0.0032579703256487846,0.99999475479125977,-0.0032578466925770044,0,-0.40866920351982117,2.5638105869293213,4.5677061080932617" boneRefs="15"/>
      <Rigid refID="3" transformation="0,0.99999481439590454,0.0032578054815530777,-0.70710718631744385,0.0023037521168589592,-0.70710283517837524,-0.70710653066635132,-0.0023036422207951546,0.70710361003875732,0.508137047290802,4.3180241584777832,2.8602743148803711" boneRefs="16"/>
      <Rigid refID="4" transformation="0.70710718631744385,-0.0023036433849483728,0.70710265636444092,0,0.99999469518661499,0.0032578497193753719,-0.70710641145706177,-0.002303651999682188,0.707103431224823,0.39499980211257935,3.1136617660522461,2.9694886207580566" boneRefs="17"/>
      <Rigid refID="5" transformation="0.70710694789886475,0.002303651999682188,-0.70710289478302002,0,0.99999475479125977,0.0032578457612544298,0.70710664987564087,-0.0023036375641822815,0.7071031928062439,-0.4049994945526123,3.113661527633667,2.9694886207580566" boneRefs="18"/>
      <Rigid refID="6" transformation="0,0.99999475479125977,0.0032579128164798021,-0.7071068286895752,-0.0023035458289086819,0.70710307359695435,0.7071068286895752,-0.0023037565406411886,0.7071031928062439,-0.51813673973083496,4.318023681640625,2.8602743148803711" boneRefs="19"/>
      <Rigid refID="7" transformation="1,0,0,0,-0.74475711584091187,-0.6673356294631958,0,0.6673356294631958,-0.74475711584091187,-0.020000219345092773,2.2575302124023437,2.4571347236633301" boneRefs="20,21,22,23"/>
      <Rigid refID="8" transformation="0,-0.66733551025390625,0.74475717544555664,0,0.74475717544555664,0.66733551025390625,-0.99999994039535522,0,0,0.38366824388504028,0.78340119123458862,3.2846009731292725" boneRefs="24"/>
      <Rigid refID="9" transformation="0,-0.6673356294631958,0.74475711584091187,0,0.74475717544555664,0.6673356294631958,-1,0,0,-0.42366954684257507,0.78340184688568115,3.2846009731292725" boneRefs="25"/>
      <Rigid refID="10" transformation="-1,0,0,0,-0.7921033501625061,0.61038702726364136,0,0.61038702726364136,0.79210340976715088,0.38000029325485229,2.3148305416107178,0.91077119112014771" boneRefs="26,27,28"/>
      <Rigid refID="11" transformation="0,-0.19423419237136841,0.98095524311065674,0,0.98095530271530151,0.19423419237136841,-1,0,0,0,2.6047718524932861,0.29695373773574829" boneRefs="29"/>
      <Rigid refID="12" transformation="1,0,0,0,0.98095530271530151,0.19423361122608185,0,-0.19423361122608185,0.98095530271530151,-0.40000036358833313,2.2908663749694824,0.23479855060577393" boneRefs="30,31,32,33,34,35,36,37"/>
      <Rigid refID="13" transformation="0.70710676908493042,0.69364011287689209,0.13734397292137146,0,0.1942337304353714,-0.98095524311065674,-0.70710676908493042,0.69364011287689209,0.13734398782253265,1.334855318069458,1.8873385190963745,0.22132687270641327" boneRefs="38"/>
      <Rigid refID="14" transformation="0,-0.19423419237136841,0.98095524311065674,0,0.98095530271530151,0.19423419237136841,-1,0,0,0,2.4462535381317139,-0.54996562004089355" boneRefs="39"/>
      <Rigid refID="15" transformation="1,0,0,0,1,0,0,0,1,0.60999983549118042,1.1231328248977661,0.81911313533782959" boneRefs="40"/>
      <Rigid refID="16" transformation="1,0,0,0,1,0,0,0,1,-0.6100003719329834,1.1231329441070557,0.81911313533782959" boneRefs="41"/>
      <Rigid refID="17" transformation="1,0,0,0,1,0,0,0,1,0.60999983549118042,1.1200020313262939,-0.81257069110870361" boneRefs="42"/>
      <Rigid refID="18" transformation="-0.7071068286895752,0.69364011287689209,0.13734400272369385,0,0.19423377513885498,-0.98095536231994629,-0.70710676908493042,-0.69364029169082642,-0.13734385371208191,-1.5135409832000732,1.7120555639266968,0.18661984801292419" boneRefs="43"/>
      <Rigid refID="19" transformation="-1,0,0,0,-0.23510794341564178,0.9719693660736084,0,0.9719693660736084,0.23510822653770447,-0.010000050067901611,1.4040127992630005,-1.9867094755172729" boneRefs="44,45,46,47,48,49,50,51,52,53,54,55"/>
      <Rigid refID="20" transformation="1,0,0,0,1,0,0,0,1,-0.6100003719329834,1.1200020313262939,-0.81257069110870361" boneRefs="56"/>
      <Joint type="hinge">
        <RigidRef rigidRef="2" a="0,1,0" z="0,0,1" t="0,0.1419987678527832,0"/>
        <RigidRef rigidRef="0" a="0,-0.99999469518661499,-0.0032578478567302227" z="0,-0.0032578480895608664,0.99999475479125977" t="0,-0.31999647617340088,-0.0010427989764139056"/>
      </Joint>
      <Joint type="hinge">
        <RigidRef rigidRef="1" a="0,-1,0" z="0,0,1" t="0,0,0"/>
        <RigidRef rigidRef="0" a="0,0.99999469518661499,0.00325784832239151" z="0,-0.0032578485552221537,0.99999475479125977" t="0.80733811855316162,-0.17799888551235199,-0.00058019469724968076"/>
      </Joint>
      <Joint type="hinge">
        <RigidRef rigidRef="10" a="-1,0,0" z="0,-1,0" t="0.1600000411272049,0.24800001084804535,0.80000001192092896"/>
        <RigidRef rigidRef="0" a="1,0,0" z="0,-0.99999475479125977,-0.00325790885835886" t="0.62866878509521484,-0.13511164486408234,-2.8724565505981445"/>
      </Joint>
      <Joint type="hinge">
        <RigidRef rigidRef="7" a="1,0,0" z="0,1,0" t="-0.1600000411272049,0.24800001084804535,0.80000001192092896"/>
        <RigidRef rigidRef="0" a="1,0,0" z="0,-0.99999475479125977,-0.00325790885835886" t="0.22866840660572052,-0.13511164486408234,-2.8724565505981445"/>
      </Joint>
      <Joint type="hinge">
        <RigidRef rigidRef="0" a="0,-0.99999469518661499,-0.0032579344697296619" z="1,0,0" t="0.0036683061625808477,0.50363141298294067,-1.5983692407608032"/>
        <RigidRef rigidRef="5" a="0,-1,0" z="1,0,0" t="0,0.13178020715713501,0"/>
      </Joint>
      <Joint type="hinge">
        <RigidRef rigidRef="0" a="0,-0.99999469518661499,-0.0032579344697296619" z="1,0,0" t="0.80366909503936768,0.50363141298294067,-1.5983692407608032"/>
        <RigidRef rigidRef="4" a="0,-1,0" z="1,0,0" t="0,0.13178020715713501,0"/>
      </Joint>
      <Joint type="hinge">
        <RigidRef rigidRef="4" a="0,0,1" z="1,0,0" t="0,1.2000000476837158,-0.1600000411272049"/>
        <RigidRef rigidRef="3" a="0,0,1" z="0,-1,0" t="0,0,0"/>
      </Joint>
      <Joint type="hinge">
        <RigidRef rigidRef="6" a="0,0,1" z="0,-1,0" t="0,0,0.3200002908706665"/>
        <RigidRef rigidRef="5" a="0,0,1" z="1,0,0" t="0,1.2000000476837158,0.15999999642372131"/>
      </Joint>
      <Joint type="hinge">
        <RigidRef rigidRef="7" a="0,-1,0" z="0,0,-1" t="0.40366882085800171,0.54567021131515503,-1.6000008583068848"/>
        <RigidRef rigidRef="8" a="0,1,0" z="0,0,1" t="0,0,0"/>
      </Joint>
      <Joint type="hinge">
        <RigidRef rigidRef="7" a="0,1,0" z="0,0,-1" t="-0.40366891026496887,0.5456697940826416,-1.5999997854232788"/>
        <RigidRef rigidRef="9" a="0,-1,0" z="0,0,1" t="0,0,0"/>
      </Joint>
      <Joint type="hinge">
        <RigidRef rigidRef="12" a="1,0,0" z="0,0,1" t="0.54000174999237061,-1.0320001840591431,0.799998939037323"/>
        <RigidRef rigidRef="10" a="-1,0,0" z="0,1,0" t="0.23999902606010437,0.88799983263015747,-0.80000013113021851"/>
      </Joint>
      <Joint type="hinge">
        <RigidRef rigidRef="12" a="0,1,0" z="0,0,1" t="0.40000000596046448,0.31999999284744263,0"/>
        <RigidRef rigidRef="11" a="0,1,0" z="0,0,1" t="0,0,0"/>
      </Joint>
      <Joint type="hinge">
        <RigidRef rigidRef="12" a="0,1,0" z="0,0,1" t="0.40000000596046448,0,-0.80000013113021851"/>
        <RigidRef rigidRef="14" a="0,1,0" z="0,0,1" t="0,0,0"/>
      </Joint>
      <Joint type="hinge">
        <RigidRef rigidRef="12" a="-1,0,0" z="0,0,-1" t="0.85000026226043701,-1.0320001840591431,0.799998939037323"/>
        <RigidRef rigidRef="15" a="-1,0,0" z="0,0,1" t="-0.15999990701675415,0,0"/>
      </Joint>
      <Joint type="hinge">
        <RigidRef rigidRef="19" a="1,0,0" z="0,0,-1" t="-0.15999998152256012,1.2080004215240479,0"/>
        <RigidRef rigidRef="12" a="-1,0,0" z="0,0,-1" t="0.55000036954879761,-1.3519999980926514,-0.80000102519989014"/>
      </Joint>
      <Joint type="hinge">
        <RigidRef rigidRef="20" a="-1,0,0" z="0,0,1" t="-0.15999999642372131,0,0"/>
        <RigidRef rigidRef="12" a="-1,0,0" z="0,0,1" t="-0.36999994516372681,-1.3519999980926514,-0.80000096559524536"/>
      </Joint>
      <Joint type="hinge">
        <RigidRef rigidRef="16" a="-1,0,0" z="0,0,1" t="-0.15999999642372131,0,0"/>
        <RigidRef rigidRef="12" a="-1,0,0" z="0,0,1" t="-0.36999997496604919,-1.0320001840591431,0.799998939037323"/>
      </Joint>
      <Joint type="hinge">
        <RigidRef rigidRef="17" a="-1,0,0" z="0,0,1" t="0.15999999642372131,0,0"/>
        <RigidRef rigidRef="12" a="-1,0,0" z="0,0,-1" t="1.1700001955032349,-1.3519999980926514,-0.80000108480453491"/>
      </Joint>
      <Joint type="hinge">
        <RigidRef rigidRef="12" a="0,0,-1" z="0,1,0" t="1.6000001430511475,-0.71200054883956909,0.1599995344877243"/>
        <RigidRef rigidRef="13" a="0,1,0" z="1,0,0" t="-0.31706398725509644,-0.094836004078388214,-0.12635000050067902"/>
      </Joint>
      <Joint type="hinge">
        <RigidRef rigidRef="18" a="0,-1,0" z="1,0,0" t="-0.31706398725509644,-0.094836197793483734,-0.12635000050067902"/>
        <RigidRef rigidRef="12" a="0,0,1" z="0,1,0" t="-0.80000001192092896,-0.71200060844421387,0.15999950468540192"/>
      </Joint>
    </RigidSystem>
  </RigidSystems>
  <GroupSystems>
    <GroupSystem>
    </GroupSystem>
  </GroupSystems>
  <BuildingInstructions>
  </BuildingInstructions>
</LXFML>
