<?xml version="1.0" encoding="UTF-8" standalone="no" ?>
<LXFML versionMajor="5" versionMinor="0" name="pq_euroDragon">
  <Meta>
    <Application name="LEGO Digital Designer" versionMajor="4" versionMinor="1"/>
    <Brand name="LEGOUniverse"/>
    <BrickSet version="385"/>
  </Meta>
  <Cameras>
    <Camera refID="0" fieldOfView="80" distance="46.752651214599609" transformation="-0.99961912631988525,0,-0.027596760541200638,-0.026365421712398529,0.29537612199783325,0.95501714944839478,0.0081514259800314903,0.95538103580474854,-0.29526367783546448,1.7910935878753662,45.66845703125,-14.656622886657715"/>
  </Cameras>
  <Bricks cameraRef="0">
    <Brick refID="0" designID="4697">
      <Part refID="0" designID="4697" materials="194">
        <Bone refID="0" transformation="0,-0.45852404832839966,0.88868206739425659,0,-0.88868200778961182,-0.45852404832839966,1.0000001192092896,0,0,0.96803873777389526,3.2621073722839355,1.3442457914352417">
        </Bone>
      </Part>
    </Brick>
    <Brick refID="1" designID="59900">
      <Part refID="1" designID="59900" materials="28">
        <Bone refID="1" transformation="1,0,0,0,-0.45852375030517578,0.88868218660354614,0,-0.88868218660354614,-0.45852375030517578,0.96803921461105347,3.8564283847808838,0.19237065315246582">
        </Bone>
      </Part>
    </Brick>
    <Brick refID="2" designID="59900">
      <Part refID="2" designID="59900" materials="28">
        <Bone refID="2" transformation="1,0,0,0,-0.45852437615394592,0.88868182897567749,0,-0.88868182897567749,-0.45852437615394592,0.96803969144821167,4.2966117858886719,-0.66076397895812988">
        </Bone>
      </Part>
    </Brick>
    <Brick refID="3" designID="4697">
      <Part refID="3" designID="4697" materials="194">
        <Bone refID="3" transformation="0,-0.45852416753768921,0.88868206739425659,0,0.88868218660354614,0.45852416753768921,-1.0000001192092896,0,0,-0.91803723573684692,3.2621078491210937,1.3442468643188477">
        </Bone>
      </Part>
    </Brick>
    <Brick refID="4" designID="3023">
      <Part refID="4" designID="3023" materials="28">
        <Bone refID="4" transformation="1,0,0,0,-0.99888336658477783,0.047246653586626053,0,-0.047246653586626053,-0.99888336658477783,-0.38147437572479248,3.2751543521881104,3.2449808120727539">
        </Bone>
      </Part>
    </Brick>
    <Brick refID="5" designID="4070">
      <Part refID="5" designID="4070" materials="28">
        <Bone refID="5" transformation="-1,0,0,0,-0.04724733904004097,-0.99888312816619873,0,-0.99888312816619873,0.047247312963008881,0.42539280652999878,2.582850456237793,3.8547511100769043">
        </Bone>
      </Part>
    </Brick>
    <Brick refID="6" designID="4070">
      <Part refID="6" designID="4070" materials="28">
        <Bone refID="6" transformation="-1,0,0,0,-0.047247171401977539,-0.99888348579406738,0,-0.99888342618942261,0.04724748432636261,-0.37499946355819702,2.5828509330749512,3.8547513484954834">
        </Bone>
      </Part>
    </Brick>
    <Brick refID="7" designID="6141">
      <Part refID="7" designID="6141" materials="26">
        <Bone refID="7" transformation="0,0.047248035669326782,0.99888324737548828,1.0000001192092896,0,0,0,0.99888324737548828,-0.047247957438230515,0.82500171661376953,2.5110540390014648,2.33685302734375">
        </Bone>
      </Part>
    </Brick>
    <Brick refID="8" designID="87087">
      <Part refID="8" designID="87087" materials="28">
        <Bone refID="8" transformation="0,-0.99888330698013306,0.047247976064682007,0,-0.047247812151908875,-0.99888342618942261,1.0000001192092896,0,0,0.42500162124633789,2.5375125408172607,2.896228551864624">
        </Bone>
      </Part>
    </Brick>
    <Brick refID="9" designID="87087">
      <Part refID="9" designID="87087" materials="28">
        <Bone refID="9" transformation="0,0.99888330698013306,-0.047247670590877533,0,-0.047247651964426041,-0.99888330698013306,-1,0,0,-0.37499946355819702,2.5374934673309326,2.8958234786987305">
        </Bone>
      </Part>
    </Brick>
    <Brick refID="10" designID="6141">
      <Part refID="10" designID="6141" materials="26">
        <Bone refID="10" transformation="0,0.047247283160686493,0.99888330698013306,-1,0,0,0,-0.99888324737548828,0.047247320413589478,-0.77499955892562866,2.5110347270965576,2.3364477157592773">
        </Bone>
      </Part>
    </Brick>
    <Brick refID="11" designID="60470">
      <Part refID="11" designID="60470" materials="28">
        <Bone refID="11" transformation="1,0,0,0,-0.047247614711523056,-0.99888318777084351,0,0.99888318777084351,-0.047247614711523056,-0.37499848008155823,2.4770359992980957,1.6176578998565674">
        </Bone>
      </Part>
    </Brick>
    <Brick refID="12" designID="60470">
      <Part refID="12" designID="60470" materials="28">
        <Bone refID="12" transformation="-1,0,0,0,-0.047247175127267838,-0.99888318777084351,0,-0.99888318777084351,0.047247141599655151,0.42500165104866028,2.4921548366546631,1.9372998476028442">
        </Bone>
      </Part>
    </Brick>
    <Brick refID="13" designID="53451">
      <Part refID="13" designID="53451" materials="1">
        <Bone refID="13" transformation="0,0.047247961163520813,0.99888330698013306,0,-0.99888318777084351,0.047247961163520813,1.0000001192092896,0,0,0.42539232969284058,2.4476239681243896,3.3005208969116211">
        </Bone>
      </Part>
    </Brick>
    <Brick refID="14" designID="53451">
      <Part refID="14" designID="53451" materials="1">
        <Bone refID="14" transformation="0,0.047247961163520813,0.99888330698013306,0,-0.99888318777084351,0.047247961163520813,1.0000001192092896,0,0,-0.37500029802322388,2.4476239681243896,3.3005213737487793">
        </Bone>
      </Part>
    </Brick>
    <Brick refID="15" designID="48336">
      <Part refID="15" designID="48336" materials="24">
        <Bone refID="15" transformation="1,0,0,0,-0.98820817470550537,-0.15311631560325623,0,0.15311631560325623,-0.98820817470550537,-0.37500029802322388,1.7941112518310547,2.5588080883026123">
        </Bone>
      </Part>
    </Brick>
    <Brick refID="16" designID="59900">
      <Part refID="16" designID="59900" materials="28">
        <Bone refID="16" transformation="1,0,0,0,-0.45852375030517578,0.88868218660354614,0,-0.88868218660354614,-0.45852375030517578,-0.91803628206253052,3.856428861618042,0.19237232208251953">
        </Bone>
      </Part>
    </Brick>
    <Brick refID="17" designID="59900">
      <Part refID="17" designID="59900" materials="28">
        <Bone refID="17" transformation="1,0,0,0,-0.45852375030517578,0.88868218660354614,0,-0.88868218660354614,-0.45852375030517578,-0.91803628206253052,4.2966122627258301,-0.66076278686523438">
        </Bone>
      </Part>
    </Brick>
    <Brick refID="18" designID="6019">
      <Part refID="18" designID="6019" materials="24">
        <Bone refID="18" transformation="-1,0,0,0,-0.98008614778518677,-0.19857273995876312,0,-0.19857273995876312,0.98008632659912109,0.010000407695770264,2.0734477043151855,0.99544620513916016">
        </Bone>
      </Part>
    </Brick>
    <Brick refID="19" designID="2555">
      <Part refID="19" designID="2555" materials="24">
        <Bone refID="19" transformation="0,0.19856967031955719,-0.98008686304092407,0,-0.98008686304092407,-0.19856968522071838,-1.0000001192092896,0,0,0.010000596754252911,1.7598201036453247,0.93190282583236694">
        </Bone>
      </Part>
    </Brick>
    <Brick refID="20" designID="50746">
      <Part refID="20" designID="50746" materials="24">
        <Bone refID="20" transformation="-1,0,0,0,0,1,0,1,0,0.61156600713729858,0.40385448932647705,0.8912585973739624">
        </Bone>
      </Part>
    </Brick>
    <Brick refID="21" designID="6019">
      <Part refID="21" designID="6019" materials="24">
        <Bone refID="21" transformation="-1,0,0,0,0,1.0000001192092896,0,1.0000001192092896,0,0.60999929904937744,0.40323963761329651,0.57139825820922852">
        </Bone>
      </Part>
    </Brick>
    <Brick refID="22" designID="53451">
      <Part refID="22" designID="53451" materials="1">
        <Bone refID="22" transformation="0,-0.19423419237136841,0.98095518350601196,0,0.98095518350601196,0.19423419237136841,-1,0,0,0,2.3708639144897461,0.23479962348937988">
        </Bone>
      </Part>
    </Brick>
    <Brick refID="23" designID="3794">
      <Part refID="23" designID="3794" materials="28">
        <Bone refID="23" transformation="1,0,0,0,0.98095518350601196,0.1942342072725296,0,-0.1942342072725296,0.98095518350601196,-0.40000087022781372,2.0569584369659424,0.17264437675476074">
        </Bone>
      </Part>
    </Brick>
    <Brick refID="24" designID="3023">
      <Part refID="24" designID="3023" materials="28">
        <Bone refID="24" transformation="1,0,0,0,0.98095518350601196,0.1942342072725296,0,-0.1942342072725296,0.98095518350601196,-0.40000087022781372,1.7430533170700073,0.11048928648233414">
        </Bone>
      </Part>
    </Brick>
    <Brick refID="25" designID="3022">
      <Part refID="25" designID="3022" materials="28">
        <Bone refID="25" transformation="1,0,0,0,0.98095518350601196,0.1942342072725296,0,-0.1942342072725296,0.98095518350601196,-0.40000087022781372,1.4291471242904663,0.048334576189517975">
        </Bone>
      </Part>
    </Brick>
    <Brick refID="26" designID="3794">
      <Part refID="26" designID="3794" materials="28">
        <Bone refID="26" transformation="1,0,0,0,0.98095518350601196,0.1942342072725296,0,-0.1942342072725296,0.98095518350601196,-0.40000087022781372,1.8984405994415283,-0.67427444458007813">
        </Bone>
      </Part>
    </Brick>
    <Brick refID="27" designID="2540">
      <Part refID="27" designID="2540" materials="24">
        <Bone refID="27" transformation="1,0,0,0,0.98095536231994629,0.19423331320285797,0,-0.19423331320285797,0.98095536231994629,-0.40000015497207642,1.1152418851852417,-0.013821456581354141">
        </Bone>
      </Part>
    </Brick>
    <Brick refID="28" designID="2540">
      <Part refID="28" designID="2540" materials="24">
        <Bone refID="28" transformation="-1,0,0,0,0.98095542192459106,0.19423434138298035,0,0.19423432648181915,-0.98095518350601196,0.40000003576278687,0.80133628845214844,-0.075976446270942688">
        </Bone>
      </Part>
    </Brick>
    <Brick refID="29" designID="53451">
      <Part refID="29" designID="53451" materials="1">
        <Bone refID="29" transformation="0,-0.19423419237136841,0.98095518350601196,0,0.98095518350601196,0.19423419237136841,-1,0,0,0,2.2123458385467529,-0.61211991310119629">
        </Bone>
      </Part>
    </Brick>
    <Brick refID="30" designID="50746">
      <Part refID="30" designID="50746" materials="24">
        <Bone refID="30" transformation="-1,0,0,0,0,1,0,1,0,-0.61000072956085205,0.40313097834587097,0.8911130428314209">
        </Bone>
      </Part>
    </Brick>
    <Brick refID="31" designID="6019">
      <Part refID="31" designID="6019" materials="24">
        <Bone refID="31" transformation="-1,0,0,0,0,1.0000001192092896,0,1.0000001192092896,0,-0.61000090837478638,0.40313100814819336,0.57111334800720215">
        </Bone>
      </Part>
    </Brick>
    <Brick refID="32" designID="50746">
      <Part refID="32" designID="50746" materials="24">
        <Bone refID="32" transformation="-1,0,0,0,0,1,0,1,0,0.61156553030014038,0.40316200256347656,-0.73342007398605347">
        </Bone>
      </Part>
    </Brick>
    <Brick refID="33" designID="6019">
      <Part refID="33" designID="6019" materials="24">
        <Bone refID="33" transformation="-1,0,0,0,0,1.0000001192092896,0,1.0000001192092896,0,0.60999977588653564,0.40000021457672119,-1.0605709552764893">
        </Bone>
      </Part>
    </Brick>
    <Brick refID="34" designID="2555">
      <Part refID="34" designID="2555" materials="24">
        <Bone refID="34" transformation="0,-0.99416071176528931,-0.1079099103808403,0,-0.1079099252820015,0.99416071176528931,-1,0,0,-0.010000526905059814,1.2612930536270142,-1.3772528171539307">
        </Bone>
      </Part>
    </Brick>
    <Brick refID="35" designID="3062">
      <Part refID="35" designID="3062" materials="28">
        <Bone refID="35" transformation="0.99999994039535522,0,0,0,-0.10791005939245224,0.99416053295135498,0,-0.99416053295135498,-0.10791005939245224,-0.010000918991863728,1.3648866415023804,-2.3316473960876465">
        </Bone>
      </Part>
    </Brick>
    <Brick refID="36" designID="3062">
      <Part refID="36" designID="3062" materials="28">
        <Bone refID="36" transformation="0.99999994039535522,0,0,0,-0.10791005939245224,0.99416053295135498,0,-0.99416053295135498,-0.10791005939245224,-0.010000918991863728,1.4684802293777466,-3.2860407829284668">
        </Bone>
      </Part>
    </Brick>
    <Brick refID="37" designID="50746">
      <Part refID="37" designID="50746" materials="24">
        <Bone refID="37" transformation="-1,0,0,0,0,1,0,1,0,-0.6100006103515625,0.40000015497207642,-0.7405703067779541">
        </Bone>
      </Part>
    </Brick>
    <Brick refID="38" designID="6019">
      <Part refID="38" designID="6019" materials="24">
        <Bone refID="38" transformation="-1,0,0,0,0,1.0000001192092896,0,1.0000001192092896,0,-0.61000043153762817,0.4000001847743988,-1.0605700016021729">
        </Bone>
      </Part>
    </Brick>
    <Brick refID="39" designID="30374">
      <Part refID="39" designID="30374" materials="24">
        <Bone refID="39" transformation="1,0,0,0,0.99416065216064453,0.10791014134883881,0,-0.10791014134883881,0.99416065216064453,-0.010001003742218018,1.2594585418701172,-1.3603522777557373">
        </Bone>
      </Part>
    </Brick>
    <Brick refID="40" designID="59900">
      <Part refID="40" designID="59900" materials="28">
        <Bone refID="40" transformation="1,0,0,0,0.10790998488664627,-0.99416065216064453,0,0.99416065216064453,0.10790998488664627,-0.010001003742218018,1.4684803485870361,-3.2860410213470459">
        </Bone>
      </Part>
    </Brick>
  </Bricks>
  <RigidSystems>
    <RigidSystem>
      <Rigid refID="0" transformation="0,-0.45852404832839966,0.88868206739425659,0,-0.88868200778961182,-0.45852404832839966,1.0000001192092896,0,0,0.96803873777389526,3.2621073722839355,1.3442457914352417" boneRefs="0"/>
      <Rigid refID="1" transformation="1,0,0,0,-0.45852375030517578,0.88868218660354614,0,-0.88868218660354614,-0.45852375030517578,0.96803921461105347,3.8564283847808838,0.19237065315246582" boneRefs="1"/>
      <Rigid refID="2" transformation="1,0,0,0,-0.45852437615394592,0.88868182897567749,0,-0.88868182897567749,-0.45852437615394592,0.96803969144821167,4.2966117858886719,-0.66076397895812988" boneRefs="2"/>
      <Rigid refID="3" transformation="0,-0.45852416753768921,0.88868206739425659,0,0.88868218660354614,0.45852416753768921,-1.0000001192092896,0,0,-0.91803723573684692,3.2621078491210937,1.3442468643188477" boneRefs="3"/>
      <Rigid refID="4" transformation="1,0,0,0,-0.99888336658477783,0.047246653586626053,0,-0.047246653586626053,-0.99888336658477783,-0.38147437572479248,3.2751543521881104,3.2449808120727539" boneRefs="4,5,6,7,8,9,10,11,12"/>
      <Rigid refID="5" transformation="0,0.047247961163520813,0.99888330698013306,0,-0.99888318777084351,0.047247961163520813,1.0000001192092896,0,0,0.42539232969284058,2.4476239681243896,3.3005208969116211" boneRefs="13"/>
      <Rigid refID="6" transformation="0,0.047247961163520813,0.99888330698013306,0,-0.99888318777084351,0.047247961163520813,1.0000001192092896,0,0,-0.37500029802322388,2.4476239681243896,3.3005213737487793" boneRefs="14"/>
      <Rigid refID="7" transformation="1,0,0,0,-0.98820817470550537,-0.15311631560325623,0,0.15311631560325623,-0.98820817470550537,-0.37500029802322388,1.7941112518310547,2.5588080883026123" boneRefs="15"/>
      <Rigid refID="8" transformation="1,0,0,0,-0.45852375030517578,0.88868218660354614,0,-0.88868218660354614,-0.45852375030517578,-0.91803628206253052,3.856428861618042,0.19237232208251953" boneRefs="16"/>
      <Rigid refID="9" transformation="1,0,0,0,-0.45852375030517578,0.88868218660354614,0,-0.88868218660354614,-0.45852375030517578,-0.91803628206253052,4.2966122627258301,-0.66076278686523438" boneRefs="17"/>
      <Rigid refID="10" transformation="-1,0,0,0,-0.98008614778518677,-0.19857273995876312,0,-0.19857273995876312,0.98008632659912109,0.010000407695770264,2.0734477043151855,0.99544620513916016" boneRefs="18,19"/>
      <Rigid refID="11" transformation="-1,0,0,0,0,1,0,1,0,0.61156600713729858,0.40385448932647705,0.8912585973739624" boneRefs="20,21"/>
      <Rigid refID="12" transformation="0,-0.19423419237136841,0.98095518350601196,0,0.98095518350601196,0.19423419237136841,-1,0,0,0,2.3708639144897461,0.23479962348937988" boneRefs="22"/>
      <Rigid refID="13" transformation="1,0,0,0,0.98095518350601196,0.1942342072725296,0,-0.1942342072725296,0.98095518350601196,-0.40000087022781372,2.0569584369659424,0.17264437675476074" boneRefs="23,24,25,26,27,28"/>
      <Rigid refID="14" transformation="0,-0.19423419237136841,0.98095518350601196,0,0.98095518350601196,0.19423419237136841,-1,0,0,0,2.2123458385467529,-0.61211991310119629" boneRefs="29"/>
      <Rigid refID="15" transformation="-1,0,0,0,0,1,0,1,0,-0.61000072956085205,0.40313097834587097,0.8911130428314209" boneRefs="30,31"/>
      <Rigid refID="16" transformation="-1,0,0,0,0,1,0,1,0,0.61156553030014038,0.40316200256347656,-0.73342007398605347" boneRefs="32,33"/>
      <Rigid refID="17" transformation="0,-0.99416071176528931,-0.1079099103808403,0,-0.1079099252820015,0.99416071176528931,-1,0,0,-0.010000526905059814,1.2612930536270142,-1.3772528171539307" boneRefs="34,35,36"/>
      <Rigid refID="18" transformation="-1,0,0,0,0,1,0,1,0,-0.6100006103515625,0.40000015497207642,-0.7405703067779541" boneRefs="37,38"/>
      <Rigid refID="19" transformation="1,0,0,0,0.99416065216064453,0.10791014134883881,0,-0.10791014134883881,0.99416065216064453,-0.010001003742218018,1.2594585418701172,-1.3603522777557373" boneRefs="39"/>
      <Rigid refID="20" transformation="1,0,0,0,0.10790998488664627,-0.99416065216064453,0,0.99416065216064453,0.10790998488664627,-0.010001003742218018,1.4684803485870361,-3.2860410213470459" boneRefs="40"/>
      <Joint type="hinge">
        <RigidRef rigidRef="1" a="0,-1,0" z="1,0,0" t="0,1.13770592212677,0"/>
        <RigidRef rigidRef="0" a="-1,0,0" z="0,0,-1" t="-0.15845520794391632,0,0"/>
      </Joint>
      <Joint type="hinge">
        <RigidRef rigidRef="4" a="-1,0,0" z="0,0,-1" t="0.9664759635925293,-0.079658232629299164,1.9112145900726318"/>
        <RigidRef rigidRef="0" a="0,0,-1" z="1,0,0" t="0,0,-0.38303723931312561"/>
      </Joint>
      <Joint type="hinge">
        <RigidRef rigidRef="2" a="0,1,0" z="0,0,1" t="0,0.95999997854232788,0"/>
        <RigidRef rigidRef="1" a="0,1,0" z="0,0,1" t="0,0,0"/>
      </Joint>
      <Joint type="hinge">
        <RigidRef rigidRef="8" a="0,-1,0" z="1,0,0" t="0,1.13770592212677,0"/>
        <RigidRef rigidRef="3" a="-1,0,0" z="0,0,-1" t="-0.15845467150211334,0,0"/>
      </Joint>
      <Joint type="hinge">
        <RigidRef rigidRef="4" a="-1,0,0" z="0,0,-1" t="-0.15352410078048706,-0.079658232629299164,1.9112145900726318"/>
        <RigidRef rigidRef="3" a="0,0,1" z="1,0,0" t="0,0,-0.38303881883621216"/>
      </Joint>
      <Joint type="hinge">
        <RigidRef rigidRef="5" a="0,1,0" z="0,0,1" t="0,0.30911040306091309,0"/>
        <RigidRef rigidRef="4" a="0,1,0" z="-1,0,0" t="0.80686724185943604,1.1383405923843384,-0.016380628570914268"/>
      </Joint>
      <Joint type="hinge">
        <RigidRef rigidRef="6" a="0,1,0" z="0,0,1" t="0,0.3091098964214325,0"/>
        <RigidRef rigidRef="4" a="0,1,0" z="-1,0,0" t="0.006474972702562809,1.1383402347564697,-0.016380768269300461"/>
      </Joint>
      <Joint type="hinge">
        <RigidRef rigidRef="7" a="1,0,0" z="0,0,1" t="0.96000003814697266,0.24799995124340057,0.80000001192092896"/>
        <RigidRef rigidRef="4" a="1,0,0" z="0,0,-1" t="0.96647405624389648,1.5203415155410767,1.5912140607833862"/>
      </Joint>
      <Joint type="hinge">
        <RigidRef rigidRef="10" a="1,0,0" z="0,1,0" t="0.15999999642372131,0.24799999594688416,0.80000001192092896"/>
        <RigidRef rigidRef="7" a="-1,0,0" z="0,0,1" t="0.22500073909759521,0.24799998104572296,0.80000001192092896"/>
      </Joint>
      <Joint type="hinge">
        <RigidRef rigidRef="9" a="0,1,0" z="0,0,1" t="0,0.95999997854232788,0"/>
        <RigidRef rigidRef="8" a="0,1,0" z="0,0,1" t="0,0,0"/>
      </Joint>
      <Joint type="hinge">
        <RigidRef rigidRef="13" a="-1,0,0" z="0,0,1" t="0.2500007152557373,-0.71199905872344971,0.79999876022338867"/>
        <RigidRef rigidRef="10" a="1,0,0" z="0,0,-1" t="0.16000060737133026,0.88799989223480225,0"/>
      </Joint>
      <Joint type="hinge">
        <RigidRef rigidRef="13" a="-1,0,0" z="0,0,-1" t="0.85000073909759521,-0.71199905872344971,0.79999876022338867"/>
        <RigidRef rigidRef="11" a="1,0,0" z="0,1,0" t="0.16156606376171112,-0.071860149502754211,0.7993851900100708"/>
      </Joint>
      <Joint type="hinge">
        <RigidRef rigidRef="13" a="0,1,0" z="0,0,1" t="0.40000000596046448,0.31999999284744263,0"/>
        <RigidRef rigidRef="12" a="0,1,0" z="0,0,1" t="0,0,0"/>
      </Joint>
      <Joint type="hinge">
        <RigidRef rigidRef="13" a="0,1,0" z="0,0,1" t="0.40000000596046448,0,-0.79999983310699463"/>
        <RigidRef rigidRef="14" a="0,1,0" z="0,0,1" t="0,0,0"/>
      </Joint>
      <Joint type="hinge">
        <RigidRef rigidRef="15" a="1,0,0" z="0,1,0" t="0.16000016033649445,-0.071999669075012207,0.80000013113021851"/>
        <RigidRef rigidRef="13" a="-1,0,0" z="0,0,1" t="-0.37000006437301636,-0.71199905872344971,0.79999876022338867"/>
      </Joint>
      <Joint type="hinge">
        <RigidRef rigidRef="18" a="1,0,0" z="0,1,0" t="0.1599997878074646,-0.071999669075012207,0.80000007152557373"/>
        <RigidRef rigidRef="13" a="-1,0,0" z="0,0,1" t="-0.36999958753585815,-1.0319995880126953,-0.80000102519989014"/>
      </Joint>
      <Joint type="hinge">
        <RigidRef rigidRef="16" a="1,0,0" z="0,1,0" t="-0.15843431651592255,-0.079150676727294922,0.79683828353881836"/>
        <RigidRef rigidRef="13" a="-1,0,0" z="0,0,-1" t="1.1700006723403931,-1.0319995880126953,-0.80000114440917969"/>
      </Joint>
      <Joint type="hinge">
        <RigidRef rigidRef="17" a="0,0,1" z="1,0,0" t="0,0.56800001859664917,-0.1600000411272049"/>
        <RigidRef rigidRef="13" a="-1,0,0" z="0,0,-1" t="0.55000042915344238,-1.0319995880126953,-0.80000108480453491"/>
      </Joint>
      <Joint type="hinge">
        <RigidRef rigidRef="19" a="0,0,1" z="1,0,0" t="0,0,0"/>
        <RigidRef rigidRef="17" a="0,1,0" z="-1,0,0" t="0,0.016999904066324234,0"/>
      </Joint>
      <Joint type="hinge">
        <RigidRef rigidRef="20" a="0,-1,0" z="1,0,0" t="0,0.64999997615814209,0"/>
        <RigidRef rigidRef="19" a="0,0,1" z="1,0,0" t="0,0,-2.5870001316070557"/>
      </Joint>
    </RigidSystem>
  </RigidSystems>
  <GroupSystems>
    <GroupSystem>
    </GroupSystem>
  </GroupSystems>
  <BuildingInstructions>
  </BuildingInstructions>
</LXFML>
