<?xml version="1.0" encoding="UTF-8" standalone="no" ?>
<LXFML versionMajor="5" versionMinor="0" name="pq_elephant">
  <Meta>
    <Application name="LEGO Digital Designer" versionMajor="4" versionMinor="1"/>
    <Brand name="LEGOUniverse"/>
    <BrickSet version="385"/>
  </Meta>
  <Cameras>
    <Camera refID="0" fieldOfView="80" distance="61.752738952636719" transformation="-0.99974459409713745,0,-0.022599412128329277,-0.017855407670140266,0.61300009489059448,0.78988105058670044,0.013853440061211586,0.79008281230926514,-0.61284345388412476,2.2654790878295898,49.791641235351563,-38.697025299072266"/>
  </Cameras>
  <Bricks cameraRef="0">
    <Brick refID="0" designID="6141">
      <Part refID="0" designID="6141" materials="199">
        <Bone refID="0" transformation="-1,0,0,0,-0.95402371883392334,-0.29973119497299194,0,-0.29973119497299194,0.95402389764785767,-0.039999783039093018,1.4388748407363892,-1.5973697900772095">
        </Bone>
      </Part>
    </Brick>
    <Brick refID="1" designID="6019">
      <Part refID="1" designID="6019" materials="194">
        <Bone refID="1" transformation="-1,0,0,0,-0.95402371883392334,-0.29973119497299194,0,-0.29973119497299194,0.95402389764785767,-0.039999686181545258,1.7441624402999878,-1.5014556646347046">
        </Bone>
      </Part>
    </Brick>
    <Brick refID="2" designID="2555">
      <Part refID="2" designID="2555" materials="194">
        <Bone refID="2" transformation="0,-0.19948932528495789,0.97990000247955322,0,0.97990000247955322,0.19948932528495789,-1,0,0,0.61000031232833862,0.7111961841583252,-0.9258805513381958">
        </Bone>
      </Part>
    </Brick>
    <Brick refID="3" designID="6141">
      <Part refID="3" designID="6141" materials="194">
        <Bone refID="3" transformation="1,0,0,0,0.97989970445632935,0.19949077069759369,0,-0.19949077069759369,0.97989970445632935,0.61000031232833862,0.39762821793556213,-0.98971712589263916">
        </Bone>
      </Part>
    </Brick>
    <Brick refID="4" designID="6141">
      <Part refID="4" designID="6141" materials="194">
        <Bone refID="4" transformation="1,0,0,0,0.97989970445632935,0.19949077069759369,0,-0.19949077069759369,0.97989970445632935,0.61000031232833862,0.084060370922088623,-1.0535537004470825">
        </Bone>
      </Part>
    </Brick>
    <Brick refID="5" designID="2555">
      <Part refID="5" designID="2555" materials="194">
        <Bone refID="5" transformation="0,-0.23146508634090424,0.9728432297706604,0,0.97284334897994995,0.23146508634090424,-1,0,0,-0.65060073137283325,0.71520453691482544,-0.9440421462059021">
        </Bone>
      </Part>
    </Brick>
    <Brick refID="6" designID="6141">
      <Part refID="6" designID="6141" materials="194">
        <Bone refID="6" transformation="1,0,0,0,0.97284311056137085,0.23146551847457886,0,-0.23146551847457886,0.97284311056137085,-0.65060073137283325,0.40389469265937805,-1.018110990524292">
        </Bone>
      </Part>
    </Brick>
    <Brick refID="7" designID="6141">
      <Part refID="7" designID="6141" materials="194">
        <Bone refID="7" transformation="1,0,0,0,0.97284311056137085,0.23146551847457886,0,-0.23146551847457886,0.97284311056137085,-0.65060073137283325,0.09258483350276947,-1.0921798944473267">
        </Bone>
      </Part>
    </Brick>
    <Brick refID="8" designID="3039">
      <Part refID="8" designID="3039" materials="194,0" decoration="0">
        <Bone refID="8" transformation="-1,0,0,0,0.98095518350601196,0.1942342072725296,0,0.1942342072725296,-0.98095524311065674,0.3699994683265686,2.5940310955047607,-0.5499652624130249">
        </Bone>
      </Part>
    </Brick>
    <Brick refID="9" designID="3022">
      <Part refID="9" designID="3022" materials="194">
        <Bone refID="9" transformation="1,0,0,0,0.98095500469207764,0.19423636794090271,0,-0.19423636794090271,0.98095506429672241,-0.43000075221061707,3.3803603649139404,0.42126366496086121">
        </Bone>
      </Part>
    </Brick>
    <Brick refID="10" designID="3002">
      <Part refID="10" designID="3002" materials="194">
        <Bone refID="10" transformation="0,0.1942342072725296,-0.98095524311065674,0,0.98095530271530151,0.1942342072725296,1,0,0,0.36999952793121338,1.4969265460968018,0.048334002494812012">
        </Bone>
      </Part>
    </Brick>
    <Brick refID="11" designID="3004">
      <Part refID="11" designID="3004" materials="194,0,0,0" decoration="0,0,0">
        <Bone refID="11" transformation="1,0,0,0,0.98095500469207764,0.19423636794090271,0,-0.19423636794090271,0.98095506429672241,-0.43000078201293945,2.4386436939239502,0.23479887843132019">
        </Bone>
      </Part>
    </Brick>
    <Brick refID="12" designID="2540">
      <Part refID="12" designID="2540" materials="194">
        <Bone refID="12" transformation="1,0,0,0,0.98095560073852539,0.19423335790634155,0,-0.19423335790634155,0.98095566034317017,-0.40000021457672119,1.1830209493637085,-0.013821481727063656">
        </Bone>
      </Part>
    </Brick>
    <Brick refID="13" designID="2540">
      <Part refID="13" designID="2540" materials="194">
        <Bone refID="13" transformation="-1,0,0,0,0.98095566034317017,0.19423437118530273,0,0.19423437118530273,-0.98095548152923584,0.39999997615814209,0.86911505460739136,-0.075976476073265076">
        </Bone>
      </Part>
    </Brick>
    <Brick refID="14" designID="6019">
      <Part refID="14" designID="6019" materials="194">
        <Bone refID="14" transformation="1,0,0,0,-0.075304366648197174,0.99716061353683472,0,-0.99716061353683472,-0.075304366648197174,-0.019999802112579346,2.0873146057128906,0.63206052780151367">
        </Bone>
      </Part>
    </Brick>
    <Brick refID="15" designID="2555">
      <Part refID="15" designID="2555" materials="194">
        <Bone refID="15" transformation="0,-0.99716055393218994,-0.075304105877876282,0,-0.075304113328456879,0.99716055393218994,-0.99999994039535522,0,0,-0.019999802112579346,2.0632171630859375,0.95115202665328979">
        </Bone>
      </Part>
    </Brick>
    <Brick refID="16" designID="44676">
      <Part refID="16" designID="44676" materials="26">
        <Bone refID="16" transformation="-0.70710670948028564,0.053246919065713882,-0.70509922504425049,0,-0.99716073274612427,-0.075302422046661377,-0.70710688829421997,-0.053246788680553436,0.70509916543960571,-1.2200000286102295,4.0089483261108398,1.3467972278594971">
        </Bone>
      </Part>
    </Brick>
    <Brick refID="17" designID="2540">
      <Part refID="17" designID="2540" materials="194">
        <Bone refID="17" transformation="0,-0.99716061353683472,-0.075304426252841949,0,-0.075304470956325531,0.99716061353683472,-0.99999994039535522,0,0,-0.4199998676776886,3.6586742401123047,1.0716387033462524">
        </Bone>
      </Part>
    </Brick>
    <Brick refID="18" designID="6541">
      <Part refID="18" designID="6541" materials="194">
        <Bone refID="18" transformation="0,-0.99716061353683472,-0.075304426252841949,0,-0.075304470956325531,0.99716061353683472,-0.99999982118606567,0,0,-0.42000001668930054,3.6345770359039307,1.3907297849655151">
        </Bone>
      </Part>
    </Brick>
    <Brick refID="19" designID="6141">
      <Part refID="19" designID="6141" materials="26">
        <Bone refID="19" transformation="0,-0.075304187834262848,0.99716073274612427,1.0000001192092896,0,0,0,0.99716073274612427,0.075304277241230011,-1.143223762512207,3.5905239582061768,1.9706118106842041">
        </Bone>
      </Part>
    </Brick>
    <Brick refID="20" designID="3794">
      <Part refID="20" designID="3794" materials="194">
        <Bone refID="20" transformation="0.99999988079071045,0,0,0,-0.075304366648197174,0.99716061353683472,0,-0.99716061353683472,-0.075304366648197174,-0.41999980807304382,3.5622849464416504,2.3480048179626465">
        </Bone>
      </Part>
    </Brick>
    <Brick refID="21" designID="6141">
      <Part refID="21" designID="6141" materials="26">
        <Bone refID="21" transformation="0,-0.075304530560970306,0.99716061353683472,-0.99999988079071045,0,0,0,-0.99716061353683472,-0.075304463505744934,1.1040000915527344,3.5907835960388184,1.9706319570541382">
        </Bone>
      </Part>
    </Brick>
    <Brick refID="22" designID="6541">
      <Part refID="22" designID="6541" materials="194">
        <Bone refID="22" transformation="0,0.99716073274612427,0.075304068624973297,0,-0.075304031372070313,0.99716079235076904,0.99999982118606567,0,0,0.38000079989433289,3.6345772743225098,1.3907302618026733">
        </Bone>
      </Part>
    </Brick>
    <Brick refID="23" designID="2540">
      <Part refID="23" designID="2540" materials="194">
        <Bone refID="23" transformation="0,0.99716073274612427,0.075304336845874786,0,-0.075304284691810608,0.99716073274612427,0.99999982118606567,0,0,0.38000029325485229,2.8609461784362793,1.0113954544067383">
        </Bone>
      </Part>
    </Brick>
    <Brick refID="24" designID="48336">
      <Part refID="24" designID="48336" materials="194">
        <Bone refID="24" transformation="0.99999982118606567,0,0,0,-0.075304374098777771,0.99716061353683472,0,-0.99716061353683472,-0.075304374098777771,-0.41999921202659607,2.8368487358093262,1.3304867744445801">
        </Bone>
      </Part>
    </Brick>
    <Brick refID="25" designID="3023">
      <Part refID="25" designID="3023" materials="194">
        <Bone refID="25" transformation="0.99999994039535522,0,0,0,-0.075304388999938965,0.99716073274612427,0,-0.99716073274612427,-0.075304388999938965,-0.41999927163124084,2.8127510547637939,1.6495782136917114">
        </Bone>
      </Part>
    </Brick>
    <Brick refID="26" designID="4085">
      <Part refID="26" designID="4085" materials="194">
        <Bone refID="26" transformation="0,0.99716073274612427,0.075304441154003143,0,-0.075304485857486725,0.99716073274612427,0.99999994039535522,0,0,0.38000082969665527,2.7886536121368408,1.968670129776001">
        </Bone>
      </Part>
    </Brick>
    <Brick refID="27" designID="4085">
      <Part refID="27" designID="4085" materials="194">
        <Bone refID="27" transformation="0,-0.99716055393218994,-0.075304113328456879,0,-0.075304120779037476,0.99716055393218994,-0.99999994039535522,0,0,-0.41999924182891846,2.7886536121368408,1.968670129776001">
        </Bone>
      </Part>
    </Brick>
    <Brick refID="28" designID="3794">
      <Part refID="28" designID="3794" materials="194">
        <Bone refID="28" transformation="0.99999994039535522,0,0,0,-0.075304388999938965,0.99716073274612427,0,-0.99716073274612427,-0.075304388999938965,-0.41999930143356323,2.7645561695098877,2.2877614498138428">
        </Bone>
      </Part>
    </Brick>
    <Brick refID="29" designID="3623">
      <Part refID="29" designID="3623" materials="194">
        <Bone refID="29" transformation="0,-0.99716061353683472,-0.075304321944713593,0,-0.075304366648197174,0.99716061353683472,-0.99999982118606567,0,0,-0.019999876618385315,3.5140905380249023,2.9861874580383301">
        </Bone>
      </Part>
    </Brick>
    <Brick refID="30" designID="3710">
      <Part refID="30" designID="3710" materials="194">
        <Bone refID="30" transformation="0,-0.99716061353683472,-0.075304478406906128,0,-0.075304463505744934,0.99716061353683472,-0.99999982118606567,0,0,-0.019999878481030464,3.5438566207885742,2.6622862815856934">
        </Bone>
      </Part>
    </Brick>
    <Brick refID="31" designID="3024">
      <Part refID="31" designID="3024" materials="194">
        <Bone refID="31" transformation="0.99999994039535522,0,0,0,-0.075304485857486725,0.99716061353683472,0,-0.99716061353683472,-0.075304485857486725,-0.019999904558062553,1.1690988540649414,2.1672737598419189">
        </Bone>
      </Part>
    </Brick>
    <Brick refID="32" designID="3024">
      <Part refID="32" designID="3024" materials="194">
        <Bone refID="32" transformation="0.70710676908493042,-0.70509898662567139,-0.05324837937951088,0,-0.07530435174703598,0.99716061353683472,-0.70710664987564087,-0.70509910583496094,-0.053248066455125809,-0.019999904558062553,1.1931964159011841,1.8481826782226563">
        </Bone>
      </Part>
    </Brick>
    <Brick refID="33" designID="44676">
      <Part refID="33" designID="44676" materials="26">
        <Bone refID="33" transformation="0.70710653066635132,0.053246788680553436,-0.70509976148605347,0,-0.99716067314147949,-0.075303122401237488,-0.70710742473602295,0.053247909992933273,-0.70509845018386841,1.1800005435943604,4.0089483261108398,1.3467972278594971">
        </Bone>
      </Part>
    </Brick>
    <Brick refID="34" designID="53451">
      <Part refID="34" designID="53451" materials="1">
        <Bone refID="34" transformation="0.70710694789886475,-0.70509898662567139,-0.05324922502040863,0,-0.075305700302124023,0.99716055393218994,-0.7071068286895752,-0.70509892702102661,-0.053249172866344452,1.1778113842010498,2.7886536121368408,1.9686696529388428">
        </Bone>
      </Part>
    </Brick>
    <Brick refID="35" designID="2555">
      <Part refID="35" designID="2555" materials="194">
        <Bone refID="35" transformation="0,0,1,0,0.99999994039535522,0,-1,0,0,0.60999983549118042,0.70291048288345337,0.81911301612854004">
        </Bone>
      </Part>
    </Brick>
    <Brick refID="36" designID="6141">
      <Part refID="36" designID="6141" materials="194">
        <Bone refID="36" transformation="1,0,0,0,1,0,0,0,1,0.6099998950958252,0.38291060924530029,0.81911301612854004">
        </Bone>
      </Part>
    </Brick>
    <Brick refID="37" designID="6141">
      <Part refID="37" designID="6141" materials="194">
        <Bone refID="37" transformation="1,0,0,0,1,0,0,0,1,0.6099998950958252,0.062910474836826324,0.81911301612854004">
        </Bone>
      </Part>
    </Brick>
    <Brick refID="38" designID="2555">
      <Part refID="38" designID="2555" materials="194">
        <Bone refID="38" transformation="0,0,1,0,0.99999994039535522,0,-1,0,0,-0.65060120820999146,0.70291048288345337,0.81911301612854004">
        </Bone>
      </Part>
    </Brick>
    <Brick refID="39" designID="6141">
      <Part refID="39" designID="6141" materials="194">
        <Bone refID="39" transformation="1,0,0,0,1,0,0,0,1,-0.65060120820999146,0.38291060924530029,0.81911301612854004">
        </Bone>
      </Part>
    </Brick>
    <Brick refID="40" designID="6141">
      <Part refID="40" designID="6141" materials="194">
        <Bone refID="40" transformation="1,0,0,0,1,0,0,0,1,-0.65060120820999146,0.062910474836826324,0.81911301612854004">
        </Bone>
      </Part>
    </Brick>
    <Brick refID="41" designID="53451">
      <Part refID="41" designID="53451" materials="1">
        <Bone refID="41" transformation="-0.70710659027099609,-0.70509922504425049,-0.05324900895357132,0,-0.075305439531803131,0.99716067314147949,-0.70710700750350952,0.70509892702102661,0.053249292075634003,-1.2178103923797607,2.7886533737182617,1.9686696529388428">
        </Bone>
      </Part>
    </Brick>
  </Bricks>
  <RigidSystems>
    <RigidSystem>
      <Rigid refID="0" transformation="-1,0,0,0,-0.95402371883392334,-0.29973119497299194,0,-0.29973119497299194,0.95402389764785767,-0.039999783039093018,1.4388748407363892,-1.5973697900772095" boneRefs="0,1"/>
      <Rigid refID="1" transformation="0,-0.19948932528495789,0.97990000247955322,0,0.97990000247955322,0.19948932528495789,-1,0,0,0.61000031232833862,0.7111961841583252,-0.9258805513381958" boneRefs="2,3,4"/>
      <Rigid refID="2" transformation="0,-0.23146508634090424,0.9728432297706604,0,0.97284334897994995,0.23146508634090424,-1,0,0,-0.65060073137283325,0.71520453691482544,-0.9440421462059021" boneRefs="5,6,7"/>
      <Rigid refID="3" transformation="-1,0,0,0,0.98095518350601196,0.1942342072725296,0,0.1942342072725296,-0.98095524311065674,0.3699994683265686,2.5940310955047607,-0.5499652624130249" boneRefs="8,9,10,11,12,13"/>
      <Rigid refID="4" transformation="1,0,0,0,-0.075304366648197174,0.99716061353683472,0,-0.99716061353683472,-0.075304366648197174,-0.019999802112579346,2.0873146057128906,0.63206052780151367" boneRefs="14,15"/>
      <Rigid refID="5" transformation="-0.70710670948028564,0.053246919065713882,-0.70509922504425049,0,-0.99716073274612427,-0.075302422046661377,-0.70710688829421997,-0.053246788680553436,0.70509916543960571,-1.2200000286102295,4.0089483261108398,1.3467972278594971" boneRefs="16"/>
      <Rigid refID="6" transformation="0,-0.99716061353683472,-0.075304426252841949,0,-0.075304470956325531,0.99716061353683472,-0.99999994039535522,0,0,-0.4199998676776886,3.6586742401123047,1.0716387033462524" boneRefs="17,18,19,20,21,22,23,24,25,26,27,28,29,30,31,32"/>
      <Rigid refID="7" transformation="0.70710653066635132,0.053246788680553436,-0.70509976148605347,0,-0.99716067314147949,-0.075303122401237488,-0.70710742473602295,0.053247909992933273,-0.70509845018386841,1.1800005435943604,4.0089483261108398,1.3467972278594971" boneRefs="33"/>
      <Rigid refID="8" transformation="0.70710694789886475,-0.70509898662567139,-0.05324922502040863,0,-0.075305700302124023,0.99716055393218994,-0.7071068286895752,-0.70509892702102661,-0.053249172866344452,1.1778113842010498,2.7886536121368408,1.9686696529388428" boneRefs="34"/>
      <Rigid refID="9" transformation="0,0,1,0,0.99999994039535522,0,-1,0,0,0.60999983549118042,0.70291048288345337,0.81911301612854004" boneRefs="35,36,37"/>
      <Rigid refID="10" transformation="0,0,1,0,0.99999994039535522,0,-1,0,0,-0.65060120820999146,0.70291048288345337,0.81911301612854004" boneRefs="38,39,40"/>
      <Rigid refID="11" transformation="-0.70710659027099609,-0.70509922504425049,-0.05324900895357132,0,-0.075305439531803131,0.99716067314147949,-0.70710700750350952,0.70509892702102661,0.053249292075634003,-1.2178103923797607,2.7886533737182617,1.9686696529388428" boneRefs="41"/>
      <Joint type="hinge">
        <RigidRef rigidRef="3" a="1,0,0" z="0,0,1" t="0.569999098777771,-1.35200035572052,0"/>
        <RigidRef rigidRef="0" a="1,0,0" z="0,1,0" t="0.15999986231327057,-0.072000041604042053,0.80000013113021851"/>
      </Joint>
      <Joint type="hinge">
        <RigidRef rigidRef="3" a="1,0,0" z="0,0,1" t="-0.080000922083854675,-1.35200035572052,0"/>
        <RigidRef rigidRef="1" a="0,0,1" z="1,0,0" t="0,0.56800001859664917,0.15999999642372131"/>
      </Joint>
      <Joint type="hinge">
        <RigidRef rigidRef="3" a="1,0,0" z="0,0,-1" t="1.1699995994567871,-1.3520002365112305,0"/>
        <RigidRef rigidRef="2" a="0,0,1" z="1,0,0" t="0,0.56800001859664917,0.14939936995506287"/>
      </Joint>
      <Joint type="hinge">
        <RigidRef rigidRef="10" a="0,0,1" z="1,0,0" t="0,0.56800001859664917,0.14939895272254944"/>
        <RigidRef rigidRef="3" a="1,0,0" z="0,0,-1" t="1.1699998378753662,-1.0319995880126953,-1.5999993085861206"/>
      </Joint>
      <Joint type="hinge">
        <RigidRef rigidRef="9" a="0,0,1" z="1,0,0" t="0,0.56800001859664917,-0.1600000411272049"/>
        <RigidRef rigidRef="3" a="1,0,0" z="0,0,1" t="-0.40000027418136597,-1.0319995880126953,-1.5999994277954102"/>
      </Joint>
      <Joint type="hinge">
        <RigidRef rigidRef="4" a="1,0,0" z="0,1,0" t="-0.1600000411272049,0.24800001084804535,0.80000001192092896"/>
        <RigidRef rigidRef="3" a="-1,0,0" z="0,0,-1" t="0.5499994158744812,-1.0319995880126953,-1.5999993085861206"/>
      </Joint>
      <Joint type="hinge">
        <RigidRef rigidRef="4" a="-1,0,0" z="0,0,1" t="-0.15999989211559296,0.88800013065338135,0"/>
        <RigidRef rigidRef="6" a="0,0,1" z="1,0,0" t="1.5999995470046997,0.5680001974105835,-0.23999981582164764"/>
      </Joint>
      <Joint type="hinge">
        <RigidRef rigidRef="6" a="1,0,0" z="0,0,-1" t="1.2000000476837158,0.24799999594688416,0.80000001192092896"/>
        <RigidRef rigidRef="5" a="0,1,0" z="0,0,-1" t="0,1.5700004100799561,0"/>
      </Joint>
      <Joint type="hinge">
        <RigidRef rigidRef="6" a="-1,0,0" z="0,0,1" t="-0.36999985575675964,0.24800050258636475,-1.600000262260437"/>
        <RigidRef rigidRef="7" a="0,-1,0" z="0,0,1" t="0,0,0"/>
      </Joint>
      <Joint type="hinge">
        <RigidRef rigidRef="8" a="0,-1,0" z="0,0,1" t="0,0,0"/>
        <RigidRef rigidRef="6" a="0,-1,0" z="-1,0,0" t="0.80000001192092896,0.96000105142593384,-1.5978114604949951"/>
      </Joint>
      <Joint type="hinge">
        <RigidRef rigidRef="11" a="0,-1,0" z="0,0,1" t="0,0,0"/>
        <RigidRef rigidRef="6" a="0,-1,0" z="1,0,0" t="0.7999996542930603,0.96000075340270996,0.79781055450439453"/>
      </Joint>
    </RigidSystem>
  </RigidSystems>
  <GroupSystems>
    <GroupSystem>
    </GroupSystem>
  </GroupSystems>
  <BuildingInstructions>
  </BuildingInstructions>
</LXFML>
