<?xml version="1.0" encoding="UTF-8" standalone="no" ?>
<LXFML versionMajor="5" versionMinor="0" name="pq_gryphon">
  <Meta>
    <Application name="LEGO Digital Designer" versionMajor="4" versionMinor="1"/>
    <Brand name="LEGOUniverse"/>
    <BrickSet version="385"/>
  </Meta>
  <Cameras>
    <Camera refID="0" fieldOfView="80" distance="106.75285339355469" transformation="0.83426851034164429,0,-0.55135840177536011,-0.26237046718597412,0.87952011823654175,-0.39699661731719971,0.48493072390556335,0.47586193680763245,0.73375576734542847,53.177753448486328,51.801486968994141,77.478256225585937"/>
  </Cameras>
  <Bricks cameraRef="0">
    <Brick refID="0" designID="43722">
      <Part refID="0" designID="43722" materials="1">
        <Bone refID="0" transformation="-0.45217379927635193,-0.87550312280654907,-0.17039138078689575,0.89192992448806763,-0.44384607672691345,-0.086381822824478149,0,-0.19103676080703735,0.98158305883407593,1.7789580821990967,4.0260357856750488,0.56570947170257568">
        </Bone>
      </Part>
    </Brick>
    <Brick refID="1" designID="60478">
      <Part refID="1" designID="60478" materials="1">
        <Bone refID="1" transformation="0.45217412710189819,0.8755030632019043,0.17039044201374054,0.89192968606948853,-0.44384637475013733,-0.086382023990154266,0,0.19103603065013885,-0.98158305883407593,1.3408966064453125,2.483196496963501,0.26544061303138733">
        </Bone>
      </Part>
    </Brick>
    <Brick refID="2" designID="6019">
      <Part refID="2" designID="6019" materials="23">
        <Bone refID="2" transformation="0,0.19103735685348511,-0.98158282041549683,0,0.98158276081085205,0.19103735685348511,1,0,0,0.39999979734420776,1.4319487810134888,0.047601431608200073">
        </Bone>
      </Part>
    </Brick>
    <Brick refID="3" designID="3069">
      <Part refID="3" designID="3069" materials="140,0" decoration="0">
        <Bone refID="3" transformation="1,0,0,0,0.98158276081085205,0.1910373866558075,0,-0.19103740155696869,0.98158282041549683,-0.40022343397140503,1.7460551261901855,0.10873328894376755">
        </Bone>
      </Part>
    </Brick>
    <Brick refID="4" designID="2540">
      <Part refID="4" designID="2540" materials="23">
        <Bone refID="4" transformation="1,0,0,0,0.98095548152923584,0.19423334300518036,0,-0.19423334300518036,0.98095548152923584,-0.40000015497207642,1.1205555200576782,-0.013821504078805447">
        </Bone>
      </Part>
    </Brick>
    <Brick refID="5" designID="2540">
      <Part refID="5" designID="2540" materials="24">
        <Bone refID="5" transformation="-1,0,0,0,0.98095548152923584,0.19423432648181915,0,0.19423432648181915,-0.98095530271530151,0.40000003576278687,0.80664968490600586,-0.07597651332616806">
        </Bone>
      </Part>
    </Brick>
    <Brick refID="6" designID="6019">
      <Part refID="6" designID="6019" materials="23">
        <Bone refID="6" transformation="0,-0.1910373717546463,0.98158282041549683,0,0.98158276081085205,0.1910373717546463,-1,0,0,-0.40000027418136597,1.4319487810134888,0.047601345926523209">
        </Bone>
      </Part>
    </Brick>
    <Brick refID="7" designID="50746">
      <Part refID="7" designID="50746" materials="140">
        <Bone refID="7" transformation="1,0,0,0,0.98895716667175293,0.14820162951946259,0,-0.14820162951946259,0.98895716667175293,0.0099994540214538574,3.3119416236877441,2.4367187023162842">
        </Bone>
      </Part>
    </Brick>
    <Brick refID="8" designID="49668">
      <Part refID="8" designID="49668" materials="140">
        <Bone refID="8" transformation="-1,0,0,0,0.98895710706710815,0.14820195734500885,0,0.14820195734500885,-0.98895710706710815,0.0099994540214538574,2.9954752922058105,2.3892934322357178">
        </Bone>
      </Part>
    </Brick>
    <Brick refID="9" designID="4733">
      <Part refID="9" designID="4733" materials="23">
        <Bone refID="9" transformation="-1,0,0,0,0.98895710706710815,0.14820195734500885,0,0.14820195734500885,-0.98895710706710815,0.0099994540214538574,2.0460765361785889,2.2470192909240723">
        </Bone>
      </Part>
    </Brick>
    <Brick refID="10" designID="2555">
      <Part refID="10" designID="2555" materials="24">
        <Bone refID="10" transformation="0,-0.98895710706710815,-0.14820203185081482,0,-0.14820198714733124,0.98895710706710815,-1,0,0,0.0099989771842956543,2.493187427520752,3.0420622825622559">
        </Bone>
      </Part>
    </Brick>
    <Brick refID="11" designID="49668">
      <Part refID="11" designID="49668" materials="140">
        <Bone refID="11" transformation="-1,0,0,0,-0.14820131659507751,0.98895746469497681,0,0.98895740509033203,0.14820167422294617,0.0099988766014575958,2.5406122207641602,2.7255947589874268">
        </Bone>
      </Part>
    </Brick>
    <Brick refID="12" designID="49668">
      <Part refID="12" designID="49668" materials="140">
        <Bone refID="12" transformation="0,0.59450381994247437,0.80409276485443115,1,0,0,0,0.80409276485443115,-0.59450381994247437,0.4099995493888855,2.5998926162719727,2.3300125598907471">
        </Bone>
      </Part>
    </Brick>
    <Brick refID="13" designID="3023">
      <Part refID="13" designID="3023" materials="23">
        <Bone refID="13" transformation="0,-0.98895722627639771,-0.14820194244384766,0,0.14820201694965363,-0.98895722627639771,1.0000001192092896,0,0,0.0099994540214538574,2.7065980434417725,1.6179635524749756">
        </Bone>
      </Part>
    </Brick>
    <Brick refID="14" designID="50746">
      <Part refID="14" designID="50746" materials="140">
        <Bone refID="14" transformation="1,0,0,0,0.1482018381357193,-0.98895704746246338,0,0.98895704746246338,0.1482018381357193,0.0099994456395506859,2.7540225982666016,1.3014967441558838">
        </Bone>
      </Part>
    </Brick>
    <Brick refID="15" designID="3623">
      <Part refID="15" designID="3623" materials="102">
        <Bone refID="15" transformation="0,0.98895722627639771,0.14820195734500885,0,0.14820203185081482,-0.98895722627639771,-1.0000001192092896,0,0,0.0099994456395506859,1.0768415927886963,1.6973068714141846">
        </Bone>
      </Part>
    </Brick>
    <Brick refID="16" designID="49668">
      <Part refID="16" designID="49668" materials="140">
        <Bone refID="16" transformation="0,-0.59450346231460571,-0.80409300327301025,-0.99999994039535522,0,0,0,0.80409300327301025,-0.59450352191925049,-0.39000064134597778,2.5998923778533936,2.330012321472168">
        </Bone>
      </Part>
    </Brick>
    <Brick refID="17" designID="50746">
      <Part refID="17" designID="50746" materials="140">
        <Bone refID="17" transformation="1,0,0,0,0.1482018381357193,-0.98895710706710815,0,0.98895710706710815,0.1482018381357193,0.0099994540214538574,1.9628568887710571,1.1829355955123901">
        </Bone>
      </Part>
    </Brick>
    <Brick refID="18" designID="2555">
      <Part refID="18" designID="2555" materials="23">
        <Bone refID="18" transformation="0,-0.98895722627639771,-0.14820194244384766,0,0.14820201694965363,-0.98895722627639771,1.0000001192092896,0,0,0.0099994540214538574,1.1242666244506836,1.3808406591415405">
        </Bone>
      </Part>
    </Brick>
    <Brick refID="19" designID="3070">
      <Part refID="19" designID="3070" materials="23,0" decoration="0">
        <Bone refID="19" transformation="0,0,-1.0000001192092896,1.0000001192092896,0,0,0,-1.0000001192092896,0,0.76999932527542114,0.41063377261161804,0.81911331415176392">
        </Bone>
      </Part>
    </Brick>
    <Brick refID="20" designID="4085">
      <Part refID="20" designID="4085" materials="140">
        <Bone refID="20" transformation="0,0,1.0000001192092896,1.0000001192092896,0,0,0,1.0000001192092896,0,0.44999957084655762,0.41063401103019714,0.81911337375640869">
        </Bone>
      </Part>
    </Brick>
    <Brick refID="21" designID="50746">
      <Part refID="21" designID="50746" materials="24">
        <Bone refID="21" transformation="-1,0,0,0,0,1.0000001192092896,0,1.0000001192092896,0,0.78799933195114136,0.39999854564666748,-0.73622041940689087">
        </Bone>
      </Part>
    </Brick>
    <Brick refID="22" designID="4081">
      <Part refID="22" designID="4081" materials="24">
        <Bone refID="22" transformation="-1,0,0,0,0,1.0000001192092896,0,1.0000001192092896,0,0.78799939155578613,0.39999839663505554,-1.0562201738357544">
        </Bone>
      </Part>
    </Brick>
    <Brick refID="23" designID="6141">
      <Part refID="23" designID="6141" materials="24">
        <Bone refID="23" transformation="0,0,-1.0000001192092896,1.0000001192092896,0,0,0,-1.0000001192092896,0,0.94799971580505371,1.1999983787536621,-0.81255137920379639">
        </Bone>
      </Part>
    </Brick>
    <Brick refID="24" designID="4085">
      <Part refID="24" designID="4085" materials="140">
        <Bone refID="24" transformation="0,0,-1.0000001192092896,-1.0000001192092896,0,0,0,1.0000001192092896,0,-0.4500001072883606,0.41063401103019714,0.81911289691925049">
        </Bone>
      </Part>
    </Brick>
    <Brick refID="25" designID="3070">
      <Part refID="25" designID="3070" materials="23,0" decoration="0">
        <Bone refID="25" transformation="0,0,1.0000001192092896,-1.0000001192092896,0,0,0,-1.0000001192092896,0,-0.77000004053115845,0.41063389182090759,0.81911283731460571">
        </Bone>
      </Part>
    </Brick>
    <Brick refID="26" designID="2555">
      <Part refID="26" designID="2555" materials="24">
        <Bone refID="26" transformation="0,-0.73349601030349731,-0.67969393730163574,0,-0.67969381809234619,0.73349601030349731,-1.0000001192092896,0,0,-0.010000526905059814,1.5860644578933716,-1.2291773557662964">
        </Bone>
      </Part>
    </Brick>
    <Brick refID="27" designID="3062">
      <Part refID="27" designID="3062" materials="24">
        <Bone refID="27" transformation="0.99999994039535522,0,0,0,-0.67969399690628052,0.73349577188491821,0,-0.73349577188491821,-0.67969399690628052,-0.010001001879572868,2.2385704517364502,-1.933333158493042">
        </Bone>
      </Part>
    </Brick>
    <Brick refID="28" designID="30374">
      <Part refID="28" designID="30374" materials="24">
        <Bone refID="28" transformation="1,0,0,0,0.73349565267562866,0.67969411611557007,0,-0.67969411611557007,0.73349565267562866,-0.010001003742218018,1.5745095014572144,-1.2167080640792847">
        </Bone>
      </Part>
    </Brick>
    <Brick refID="29" designID="43723">
      <Part refID="29" designID="43723" materials="1">
        <Bone refID="29" transformation="0.42763662338256836,-0.88730299472808838,-0.17268727719783783,-0.90395104885101318,-0.41976025700569153,-0.081695131957530975,0,0.19103662669658661,-0.98158293962478638,-1.7132446765899658,4.0456480979919434,0.54303866624832153">
        </Bone>
      </Part>
    </Brick>
    <Brick refID="30" designID="60478">
      <Part refID="30" designID="60478" materials="1">
        <Bone refID="30" transformation="-0.42763590812683105,0.8873029351234436,0.17268803715705872,-0.90395098924636841,-0.4197600781917572,-0.081694275140762329,0,-0.19103693962097168,0.9815831184387207,-1.3182909488677979,2.4916400909423828,0.24059572815895081">
        </Bone>
      </Part>
    </Brick>
    <Brick refID="31" designID="4589">
      <Part refID="31" designID="4589" materials="140">
        <Bone refID="31" transformation="0.99999994039535522,0,0,0,-0.67969399690628052,0.73349577188491821,0,-0.73349577188491821,-0.67969399690628052,-0.010001003742218018,4.1437535285949707,-3.9893217086791992">
        </Bone>
      </Part>
    </Brick>
    <Brick refID="32" designID="50746">
      <Part refID="32" designID="50746" materials="24">
        <Bone refID="32" transformation="-1,0,0,0,0,1.0000001192092896,0,1.0000001192092896,0,-0.78800040483474731,0.39999854564666748,-0.73622041940689087">
        </Bone>
      </Part>
    </Brick>
    <Brick refID="33" designID="4081">
      <Part refID="33" designID="4081" materials="24">
        <Bone refID="33" transformation="-1,0,0,0,0,1.0000001192092896,0,1.0000001192092896,0,-0.78800028562545776,0.39999842643737793,-1.0562202930450439">
        </Bone>
      </Part>
    </Brick>
    <Brick refID="34" designID="6141">
      <Part refID="34" designID="6141" materials="24">
        <Bone refID="34" transformation="0,0,1.0000001192092896,-1.0000001192092896,0,0,0,-1.0000001192092896,0,-0.94800013303756714,1.1999984979629517,-0.81255137920379639">
        </Bone>
      </Part>
    </Brick>
  </Bricks>
  <RigidSystems>
    <RigidSystem>
      <Rigid refID="0" transformation="-0.45217379927635193,-0.87550312280654907,-0.17039138078689575,0.89192992448806763,-0.44384607672691345,-0.086381822824478149,0,-0.19103676080703735,0.98158305883407593,1.7789580821990967,4.0260357856750488,0.56570947170257568" boneRefs="0,1"/>
      <Rigid refID="1" transformation="0,0.19103735685348511,-0.98158282041549683,0,0.98158276081085205,0.19103735685348511,1,0,0,0.39999979734420776,1.4319487810134888,0.047601431608200073" boneRefs="2,3,4,5,6"/>
      <Rigid refID="2" transformation="1,0,0,0,0.98895716667175293,0.14820162951946259,0,-0.14820162951946259,0.98895716667175293,0.0099994540214538574,3.3119416236877441,2.4367187023162842" boneRefs="7,8,9,10,11,12,13,14,15,16,17,18"/>
      <Rigid refID="3" transformation="0,0,-1.0000001192092896,1.0000001192092896,0,0,0,-1.0000001192092896,0,0.76999932527542114,0.41063377261161804,0.81911331415176392" boneRefs="19,20"/>
      <Rigid refID="4" transformation="-1,0,0,0,0,1.0000001192092896,0,1.0000001192092896,0,0.78799933195114136,0.39999854564666748,-0.73622041940689087" boneRefs="21,22,23"/>
      <Rigid refID="5" transformation="0,0,-1.0000001192092896,-1.0000001192092896,0,0,0,1.0000001192092896,0,-0.4500001072883606,0.41063401103019714,0.81911289691925049" boneRefs="24,25"/>
      <Rigid refID="6" transformation="0,-0.73349601030349731,-0.67969393730163574,0,-0.67969381809234619,0.73349601030349731,-1.0000001192092896,0,0,-0.010000526905059814,1.5860644578933716,-1.2291773557662964" boneRefs="26,27"/>
      <Rigid refID="7" transformation="1,0,0,0,0.73349565267562866,0.67969411611557007,0,-0.67969411611557007,0.73349565267562866,-0.010001003742218018,1.5745095014572144,-1.2167080640792847" boneRefs="28"/>
      <Rigid refID="8" transformation="0.42763662338256836,-0.88730299472808838,-0.17268727719783783,-0.90395104885101318,-0.41976025700569153,-0.081695131957530975,0,0.19103662669658661,-0.98158293962478638,-1.7132446765899658,4.0456480979919434,0.54303866624832153" boneRefs="29,30"/>
      <Rigid refID="9" transformation="0.99999994039535522,0,0,0,-0.67969399690628052,0.73349577188491821,0,-0.73349577188491821,-0.67969399690628052,-0.010001003742218018,4.1437535285949707,-3.9893217086791992" boneRefs="31"/>
      <Rigid refID="10" transformation="-1,0,0,0,0,1.0000001192092896,0,1.0000001192092896,0,-0.78800040483474731,0.39999854564666748,-0.73622041940689087" boneRefs="32,33,34"/>
      <Joint type="hinge">
        <RigidRef rigidRef="1" a="1,0,0" z="0,1,0" t="0.15999920666217804,0.24799999594688416,0.80000001192092896"/>
        <RigidRef rigidRef="0" a="0,0,-1" z="0,1,0" t="2.4000039100646973,0.56760036945343018,-0.1729990690946579"/>
      </Joint>
      <Joint type="hinge">
        <RigidRef rigidRef="1" a="0,0,1" z="-0.99999469518661499,-0.0032569668255746365,0" t="-0.79999959468841553,-0.071999259293079376,-0.23000030219554901"/>
        <RigidRef rigidRef="2" a="1,0,0" z="0,-1,0" t="0.16000001132488251,-2.3199994564056396,-1.2880011796951294"/>
      </Joint>
      <Joint type="hinge">
        <RigidRef rigidRef="1" a="0,0,1" z="0.99999469518661499,0.0032579810358583927,0" t="0.80103439092636108,-0.38678571581840515,0.40000015497207642"/>
        <RigidRef rigidRef="4" a="-1,0,0" z="0,0,1" t="-0.012000679969787598,-0.076330691576004028,0.79999983310699463"/>
      </Joint>
      <Joint type="hinge">
        <RigidRef rigidRef="6" a="0,0,1" z="1,0,0" t="0,0.56800001859664917,-0.1600000411272049"/>
        <RigidRef rigidRef="1" a="0,0,-1" z="0.99999469518661499,0.0032579810358583927,0" t="0.80103433132171631,-0.38678571581840515,-0.25000026822090149"/>
      </Joint>
      <Joint type="hinge">
        <RigidRef rigidRef="5" a="0,-1,0" z="1,0,0" t="0,0.31999996304512024,0.79781097173690796"/>
        <RigidRef rigidRef="1" a="0,0,1" z="-0.99999469518661499,-0.0032569668255746365,0" t="-0.7999996542930603,-0.071999244391918182,-1.1699999570846558"/>
      </Joint>
      <Joint type="hinge">
        <RigidRef rigidRef="8" a="0,0,-1" z="0,1,0" t="2.3999998569488525,0.56760090589523315,-0.17299878597259521"/>
        <RigidRef rigidRef="1" a="-1,0,0" z="0,1,0" t="-0.15999965369701385,0.24799993634223938,-1.6000000238418579"/>
      </Joint>
      <Joint type="hinge">
        <RigidRef rigidRef="10" a="-1,0,0" z="0,0,1" t="0.011999630369246006,-0.076330825686454773,0.7999998927116394"/>
        <RigidRef rigidRef="1" a="0,0,1" z="-0.99999475479125977,-0.0032580432016402483,0" t="0.80103421211242676,-0.38678571581840515,-1.1999999284744263"/>
      </Joint>
      <Joint type="hinge">
        <RigidRef rigidRef="1" a="0,0,-1" z="0.99999475479125977,0.0032569051254540682,0" t="-0.79999959468841553,-0.071999199688434601,0.050000093877315521"/>
        <RigidRef rigidRef="3" a="0,-1,0" z="-1,0,0" t="0,-0.31999936699867249,-0.79781121015548706"/>
      </Joint>
      <Joint type="hinge">
        <RigidRef rigidRef="7" a="0,0,1" z="1,0,0" t="0,0,0"/>
        <RigidRef rigidRef="6" a="0,1,0" z="-1,0,0" t="0,0.017000081017613411,0"/>
      </Joint>
      <Joint type="hinge">
        <RigidRef rigidRef="9" a="0,-1,0" z="1,0,0" t="0,1.1380000114440918,0"/>
        <RigidRef rigidRef="7" a="0,0,-1" z="1,0,0" t="0,0,-2.642000675201416"/>
      </Joint>
    </RigidSystem>
  </RigidSystems>
  <GroupSystems>
    <GroupSystem>
    </GroupSystem>
  </GroupSystems>
  <BuildingInstructions>
  </BuildingInstructions>
</LXFML>
