<?xml version="1.0" encoding="UTF-8" standalone="no" ?>
<LXFML versionMajor="5" versionMinor="0" name="pq_lion">
  <Meta>
    <Application name="LEGO Digital Designer" versionMajor="4" versionMinor="1"/>
    <Brand name="LEGOUniverse"/>
    <BrickSet version="385"/>
  </Meta>
  <Cameras>
    <Camera refID="0" fieldOfView="80" distance="71.752754211425781" transformation="-0.99984520673751831,0,-0.017598915845155716,-0.016839442774653435,0.29059737920761108,0.95669728517532349,0.0051141995936632156,0.95684552192687988,-0.29055243730545044,1.7769473791122437,69.658164978027344,-21.7001953125"/>
  </Cameras>
  <Bricks cameraRef="0">
    <Brick refID="0" designID="6091">
      <Part refID="0" designID="6091" materials="21">
        <Bone refID="0" transformation="0,0.062835343182086945,0.99802404642105103,1.0000001192092896,0,0,0,0.99802404642105103,-0.062835201621055603,1.4485843181610107,2.8402409553527832,1.3575557470321655">
        </Bone>
      </Part>
    </Brick>
    <Brick refID="1" designID="3024">
      <Part refID="1" designID="3024" materials="21">
        <Bone refID="1" transformation="0,-0.99802392721176147,0.062835127115249634,1,0,0,0,0.062835127115249634,0.99802392721176147,0.48858404159545898,2.0418212413787842,1.4078235626220703">
        </Bone>
      </Part>
    </Brick>
    <Brick refID="2" designID="3024">
      <Part refID="2" designID="3024" materials="21">
        <Bone refID="2" transformation="0,-0.99802392721176147,0.062835127115249634,1,0,0,0,0.062835127115249634,0.99802392721176147,0.16858436167240143,2.0418217182159424,1.4078234434127808">
        </Bone>
      </Part>
    </Brick>
    <Brick refID="3" designID="4081">
      <Part refID="3" designID="4081" materials="24">
        <Bone refID="3" transformation="1,0,0,0,-0.062835201621055603,-0.99802392721176147,0,0.99802404642105103,-0.062835201621055603,0.009998721070587635,1.2593898773193359,1.7053580284118652">
        </Bone>
      </Part>
    </Brick>
    <Brick refID="4" designID="3024">
      <Part refID="4" designID="3024" materials="21">
        <Bone refID="4" transformation="0,0.99802392721176147,-0.062835127115249634,-1,0,0,0,0.062835127115249634,0.99802392721176147,-0.14812079071998596,2.0417306423187256,1.4078290462493896">
        </Bone>
      </Part>
    </Brick>
    <Brick refID="5" designID="2555">
      <Part refID="5" designID="2555" materials="24">
        <Bone refID="5" transformation="0,0.99802404642105103,-0.062835343182086945,0,-0.062835201621055603,-0.99802404642105103,-1.0000001192092896,0,0,0.0099989492446184158,1.2392823696136475,1.3859902620315552">
        </Bone>
      </Part>
    </Brick>
    <Brick refID="6" designID="3024">
      <Part refID="6" designID="3024" materials="21">
        <Bone refID="6" transformation="0,0.99802392721176147,-0.062835127115249634,-1,0,0,0,0.062835127115249634,0.99802392721176147,-0.4681205153465271,2.0417311191558838,1.4078290462493896">
        </Bone>
      </Part>
    </Brick>
    <Brick refID="7" designID="6091">
      <Part refID="7" designID="6091" materials="21">
        <Bone refID="7" transformation="0,-0.062835298478603363,-0.99802392721176147,-1,0,0,0,0.99802404642105103,-0.062835298478603363,-1.4281207323074341,2.8401505947113037,1.3575606346130371">
        </Bone>
      </Part>
    </Brick>
    <Brick refID="8" designID="49668">
      <Part refID="8" designID="49668" materials="191">
        <Bone refID="8" transformation="-0.96592551469802856,0.25830879807472229,-0.016263397410511971,0,0.062836043536663055,0.99802380800247192,0.25882026553153992,0.96401673555374146,-0.06069493293762207,0.89524167776107788,2.8647167682647705,1.7568068504333496">
        </Bone>
      </Part>
    </Brick>
    <Brick refID="9" designID="6141">
      <Part refID="9" designID="6141" materials="26">
        <Bone refID="9" transformation="-1.0000001192092896,0,0,0,0.062834829092025757,0.9980241060256958,0,0.99802422523498535,-0.062834702432155609,0.89524179697036743,2.8848240375518799,2.0761747360229492">
        </Bone>
      </Part>
    </Brick>
    <Brick refID="10" designID="4070">
      <Part refID="10" designID="4070" materials="21">
        <Bone refID="10" transformation="0,0.99802416563034058,-0.062834829092025757,0,0.062834888696670532,0.9980241060256958,1.0000001192092896,0,0,0.88595825433731079,2.8050405979156494,0.79845988750457764">
        </Bone>
      </Part>
    </Brick>
    <Brick refID="11" designID="6091">
      <Part refID="11" designID="6091" materials="21">
        <Bone refID="11" transformation="0,-0.062834873795509338,-0.99802398681640625,1.0000001192092896,0,0,0,-0.99802416563034058,0.062834888696670532,1.128583550453186,2.8402407169342041,1.357555627822876">
        </Bone>
      </Part>
    </Brick>
    <Brick refID="12" designID="3024">
      <Part refID="12" designID="3024" materials="24">
        <Bone refID="12" transformation="0,-0.99802404642105103,0.062835156917572021,1.0000001192092896,0,0,0,0.062835164368152618,0.9980241060256958,0.16858395934104919,2.8402409553527832,1.3575552701950073">
        </Bone>
      </Part>
    </Brick>
    <Brick refID="13" designID="50746">
      <Part refID="13" designID="50746" materials="24">
        <Bone refID="13" transformation="0,0.062835507094860077,0.99802422523498535,1.0000002384185791,0,0,0,0.99802416563034058,-0.062835372984409332,0.16999833285808563,2.6249632835388184,2.9742777347564697">
        </Bone>
      </Part>
    </Brick>
    <Brick refID="14" designID="4081">
      <Part refID="14" designID="4081" materials="26">
        <Bone refID="14" transformation="-1.0000001192092896,0,0,0,-0.99802416563034058,0.062835186719894409,0,0.062835171818733215,0.9980241060256958,0.0099979862570762634,2.8178830146789551,2.1605474948883057">
        </Bone>
      </Part>
    </Brick>
    <Brick refID="15" designID="4081">
      <Part refID="15" designID="4081" materials="24">
        <Bone refID="15" transformation="1.0000001192092896,0,0,0,-0.9980243444442749,0.062830202281475067,0,-0.062830202281475067,-0.99802440404891968,0.0099979881197214127,3.1372511386871338,2.1404402256011963">
        </Bone>
      </Part>
    </Brick>
    <Brick refID="16" designID="50746">
      <Part refID="16" designID="50746" materials="24">
        <Bone refID="16" transformation="0,-0.062835417687892914,-0.99802422523498535,-1.0000002384185791,0,0,0,0.99802416563034058,-0.062835313379764557,-0.15000198781490326,2.6249630451202393,2.9742777347564697">
        </Bone>
      </Part>
    </Brick>
    <Brick refID="17" designID="3069">
      <Part refID="17" designID="3069" materials="24,0" decoration="0">
        <Bone refID="17" transformation="0,0.06282467395067215,0.99802488088607788,0,-0.99802476167678833,0.06282467395067215,1.0000002384185791,0,0,0.0099979881197214127,2.1791472434997559,2.2007617950439453">
        </Bone>
      </Part>
    </Brick>
    <Brick refID="18" designID="3024">
      <Part refID="18" designID="3024" materials="24">
        <Bone refID="18" transformation="-1.0000001192092896,0,0,0,-0.99802404642105103,0.062835194170475006,0,0.062835201621055603,0.99802446365356445,0.0099978391081094742,2.4985148906707764,2.1806552410125732">
        </Bone>
      </Part>
    </Brick>
    <Brick refID="19" designID="3024">
      <Part refID="19" designID="3024" materials="24">
        <Bone refID="19" transformation="0,0.99802416563034058,-0.062835156917572021,-1.0000002384185791,0,0,0,0.062835156917572021,0.99802422523498535,-0.14812113344669342,2.8401505947113037,1.3575609922409058">
        </Bone>
      </Part>
    </Brick>
    <Brick refID="20" designID="4070">
      <Part refID="20" designID="4070" materials="21">
        <Bone refID="20" transformation="0,-0.99802416563034058,0.062834881246089935,0,0.062834985554218292,0.99802422523498535,-1.0000002384185791,0,0,-0.86549621820449829,2.8049499988555908,0.7984650731086731">
        </Bone>
      </Part>
    </Brick>
    <Brick refID="21" designID="6141">
      <Part refID="21" designID="6141" materials="26">
        <Bone refID="21" transformation="1.0000001192092896,0,0,0,0.062834888696670532,0.9980241060256958,0,-0.9980241060256958,0.062834888696670532,-0.87524479627609253,2.8848240375518799,2.0761744976043701">
        </Bone>
      </Part>
    </Brick>
    <Brick refID="22" designID="49668">
      <Part refID="22" designID="49668" materials="191">
        <Bone refID="22" transformation="-0.96592551469802856,-0.25830921530723572,0.016263252124190331,0,0.062835261225700378,0.9980241060256958,-0.25882065296173096,0.96401679515838623,-0.060694076120853424,-0.87524527311325073,2.8647167682647705,1.7568063735961914">
        </Bone>
      </Part>
    </Brick>
    <Brick refID="23" designID="6091">
      <Part refID="23" designID="6091" materials="21">
        <Bone refID="23" transformation="0,0.062834978103637695,0.9980241060256958,-1.0000001192092896,0,0,0,-0.99802404642105103,0.062834993004798889,-1.1081202030181885,2.8401508331298828,1.3575606346130371">
        </Bone>
      </Part>
    </Brick>
    <Brick refID="24" designID="3005">
      <Part refID="24" designID="3005" materials="21,0" decoration="0">
        <Bone refID="24" transformation="0,0.99802416563034058,-0.062835156917572021,-1.0000002384185791,0,0,0,0.062835156917572021,0.99802422523498535,0.49187928438186646,3.6385700702667236,1.3072926998138428">
        </Bone>
      </Part>
    </Brick>
    <Brick refID="25" designID="3039">
      <Part refID="25" designID="3039" materials="24,0" decoration="0">
        <Bone refID="25" transformation="-1,0,0,0,0.98095530271530151,0.19423419237136841,0,0.19423419237136841,-0.98095512390136719,0.39999943971633911,1.4296090602874756,0.048333421349525452">
        </Bone>
      </Part>
    </Brick>
    <Brick refID="26" designID="2540">
      <Part refID="26" designID="2540" materials="24">
        <Bone refID="26" transformation="1,0,0,0,0.98095536231994629,0.19423331320285797,0,-0.19423329830169678,0.98095530271530151,-0.40000015497207642,1.1157032251358032,-0.013821509666740894">
        </Bone>
      </Part>
    </Brick>
    <Brick refID="27" designID="2540">
      <Part refID="27" designID="2540" materials="24">
        <Bone refID="27" transformation="-1,0,0,0,0.98095542192459106,0.19423432648181915,0,0.19423432648181915,-0.98095524311065674,0.40000003576278687,0.80179750919342041,-0.075976498425006866">
        </Bone>
      </Part>
    </Brick>
    <Brick refID="28" designID="4081">
      <Part refID="28" designID="4081" materials="24">
        <Bone refID="28" transformation="-1,0,0,0,-0.00063584477175027132,0.9999997615814209,0,0.9999997615814209,0.00063580984715372324,0.78800004720687866,0.4037477970123291,0.57493448257446289">
        </Bone>
      </Part>
    </Brick>
    <Brick refID="29" designID="50746">
      <Part refID="29" designID="50746" materials="24">
        <Bone refID="29" transformation="-1,0,0,0,-0.00063584477175027132,0.9999997615814209,0,0.9999997615814209,0.00063580984715372324,0.78800016641616821,0.40354403853416443,0.89511817693710327">
        </Bone>
      </Part>
    </Brick>
    <Brick refID="30" designID="4081">
      <Part refID="30" designID="4081" materials="24">
        <Bone refID="30" transformation="-1,0,0,0,-0.00063584477175027132,0.9999997615814209,0,0.9999997615814209,0.00063580984715372324,0.78800004720687866,0.40061694383621216,-1.0567488670349121">
        </Bone>
      </Part>
    </Brick>
    <Brick refID="31" designID="50746">
      <Part refID="31" designID="50746" materials="24">
        <Bone refID="31" transformation="-1,0,0,0,-0.00063584477175027132,0.9999997615814209,0,0.9999997615814209,0.00063580984715372324,0.78800004720687866,0.40041321516036987,-0.73656529188156128">
        </Bone>
      </Part>
    </Brick>
    <Brick refID="32" designID="2555">
      <Part refID="32" designID="2555" materials="24">
        <Bone refID="32" transformation="0,-0.98870366811752319,-0.14988425374031067,0,-0.14988413453102112,0.98870366811752319,-1.0000001192092896,0,0,-0.010000228881835937,1.2855955362319946,-1.3741542100906372">
        </Bone>
      </Part>
    </Brick>
    <Brick refID="33" designID="3062">
      <Part refID="33" designID="3062" materials="24">
        <Bone refID="33" transformation="1,0,0,0,-0.1498836874961853,0.98870348930358887,0,-0.98870348930358887,-0.1498836874961853,-0.0099999420344829559,1.4294840097427368,-2.3233106136322021">
        </Bone>
      </Part>
    </Brick>
    <Brick refID="34" designID="4081">
      <Part refID="34" designID="4081" materials="24">
        <Bone refID="34" transformation="-1,0,0,0,-0.00063584477175027132,0.9999997615814209,0,0.9999997615814209,0.00063580984715372324,-0.78800064325332642,0.40374785661697388,0.57493472099304199">
        </Bone>
      </Part>
    </Brick>
    <Brick refID="35" designID="50746">
      <Part refID="35" designID="50746" materials="24">
        <Bone refID="35" transformation="-1,0,0,0,-0.00063584477175027132,0.9999997615814209,0,0.9999997615814209,0.00063580984715372324,-0.78800052404403687,0.40354412794113159,0.89511823654174805">
        </Bone>
      </Part>
    </Brick>
    <Brick refID="36" designID="30374">
      <Part refID="36" designID="30374" materials="24">
        <Bone refID="36" transformation="1,0,0,0,0.9887043833732605,0.14987875521183014,0,-0.14987875521183014,0.9887043833732605,-0.010000169277191162,1.2950382232666016,-1.4364418983459473">
        </Bone>
      </Part>
    </Brick>
    <Brick refID="37" designID="3062">
      <Part refID="37" designID="3062" materials="21">
        <Bone refID="37" transformation="1,0,0,0,-0.1498836874961853,0.98870360851287842,0,-0.98870360851287842,-0.1498836874961853,-0.0099994540214538574,1.9185061454772949,-5.5480084419250488">
        </Bone>
      </Part>
    </Brick>
    <Brick refID="38" designID="4081">
      <Part refID="38" designID="4081" materials="24">
        <Bone refID="38" transformation="-1,0,0,0,-0.00063584477175027132,0.9999997615814209,0,0.9999997615814209,0.00063580984715372324,-0.78799974918365479,0.40061700344085693,-1.0567492246627808">
        </Bone>
      </Part>
    </Brick>
    <Brick refID="39" designID="50746">
      <Part refID="39" designID="50746" materials="24">
        <Bone refID="39" transformation="-1,0,0,0,-0.00063584477175027132,0.9999997615814209,0,0.9999997615814209,0.00063580984715372324,-0.78799974918365479,0.40041324496269226,-0.73656582832336426">
        </Bone>
      </Part>
    </Brick>
  </Bricks>
  <RigidSystems>
    <RigidSystem>
      <Rigid refID="0" transformation="0,0.062835343182086945,0.99802404642105103,1.0000001192092896,0,0,0,0.99802404642105103,-0.062835201621055603,1.4485843181610107,2.8402409553527832,1.3575557470321655" boneRefs="0,1,2,3,4,5,6,7"/>
      <Rigid refID="1" transformation="-0.96592551469802856,0.25830879807472229,-0.016263397410511971,0,0.062836043536663055,0.99802380800247192,0.25882026553153992,0.96401673555374146,-0.06069493293762207,0.89524167776107788,2.8647167682647705,1.7568068504333496" boneRefs="8,9,10,11,12,13,14,15,16,17,18,19,20,21,22,23,24"/>
      <Rigid refID="2" transformation="-1,0,0,0,0.98095530271530151,0.19423419237136841,0,0.19423419237136841,-0.98095512390136719,0.39999943971633911,1.4296090602874756,0.048333421349525452" boneRefs="25,26,27"/>
      <Rigid refID="3" transformation="-1,0,0,0,-0.00063584477175027132,0.9999997615814209,0,0.9999997615814209,0.00063580984715372324,0.78800004720687866,0.4037477970123291,0.57493448257446289" boneRefs="28,29"/>
      <Rigid refID="4" transformation="-1,0,0,0,-0.00063584477175027132,0.9999997615814209,0,0.9999997615814209,0.00063580984715372324,0.78800004720687866,0.40061694383621216,-1.0567488670349121" boneRefs="30,31"/>
      <Rigid refID="5" transformation="0,-0.98870366811752319,-0.14988425374031067,0,-0.14988413453102112,0.98870366811752319,-1.0000001192092896,0,0,-0.010000228881835937,1.2855955362319946,-1.3741542100906372" boneRefs="32,33"/>
      <Rigid refID="6" transformation="-1,0,0,0,-0.00063584477175027132,0.9999997615814209,0,0.9999997615814209,0.00063580984715372324,-0.78800064325332642,0.40374785661697388,0.57493472099304199" boneRefs="34,35"/>
      <Rigid refID="7" transformation="1,0,0,0,0.9887043833732605,0.14987875521183014,0,-0.14987875521183014,0.9887043833732605,-0.010000169277191162,1.2950382232666016,-1.4364418983459473" boneRefs="36,37"/>
      <Rigid refID="8" transformation="-1,0,0,0,-0.00063584477175027132,0.9999997615814209,0,0.9999997615814209,0.00063580984715372324,-0.78799974918365479,0.40061700344085693,-1.0567492246627808" boneRefs="38,39"/>
      <Joint type="hinge">
        <RigidRef rigidRef="2" a="1,0,0" z="0,0,-1" t="0.55000054836273193,-0.071999445557594299,-0.79999977350234985"/>
        <RigidRef rigidRef="0" a="0,-1,0" z="0,0,1" t="-0.64021801948547363,-1.5985854864120483,-1.5995807647705078"/>
      </Joint>
      <Joint type="hinge">
        <RigidRef rigidRef="1" a="-0.96592551469802856,0,0.25882044434547424" z="-0.25882038474082947,0,-0.96592551469802856" t="-0.53431618213653564,-0.40000030398368835,0.14385338127613068"/>
        <RigidRef rigidRef="0" a="0,1,0" z="0,0,1" t="0,0,0"/>
      </Joint>
      <Joint type="hinge">
        <RigidRef rigidRef="2" a="-1,0,0" z="0,0,1" t="-0.40000039339065552,-0.071999438107013702,-0.7999998927116394"/>
        <RigidRef rigidRef="3" a="-1,0,0" z="0,0,1" t="-0.01199987530708313,0.24366900324821472,0.80000001192092896"/>
      </Joint>
      <Joint type="hinge">
        <RigidRef rigidRef="2" a="-1,0,0" z="0,0,1" t="-0.40000060200691223,-0.39200004935264587,0.80000007152557373"/>
        <RigidRef rigidRef="4" a="-1,0,0" z="0,0,1" t="-0.011999994516372681,0.24366900324821472,0.80000001192092896"/>
      </Joint>
      <Joint type="hinge">
        <RigidRef rigidRef="5" a="0,0,1" z="1,0,0" t="0,0.56800001859664917,-0.1600000411272049"/>
        <RigidRef rigidRef="2" a="1,0,0" z="0,0,1" t="0.24999956786632538,-0.39200004935264587,0.80000007152557373"/>
      </Joint>
      <Joint type="hinge">
        <RigidRef rigidRef="6" a="-1,0,0" z="0,0,1" t="0.011999517679214478,0.24366898834705353,0.80000001192092896"/>
        <RigidRef rigidRef="2" a="-1,0,0" z="0,0,-1" t="1.1999996900558472,-0.071999453008174896,-0.79999971389770508"/>
      </Joint>
      <Joint type="hinge">
        <RigidRef rigidRef="8" a="-1,0,0" z="0,0,1" t="0.012000292539596558,0.24366898834705353,0.80000001192092896"/>
        <RigidRef rigidRef="2" a="-1,0,0" z="0,0,-1" t="1.1999994516372681,-0.39200004935264587,0.80000007152557373"/>
      </Joint>
      <Joint type="hinge">
        <RigidRef rigidRef="7" a="0,0,1" z="1,0,0" t="0,0,0"/>
        <RigidRef rigidRef="5" a="0,1,0" z="-1,0,0" t="0,-0.062999345362186432,0"/>
      </Joint>
    </RigidSystem>
  </RigidSystems>
  <GroupSystems>
    <GroupSystem>
    </GroupSystem>
  </GroupSystems>
  <BuildingInstructions>
  </BuildingInstructions>
</LXFML>
