<?xml version="1.0" encoding="UTF-8" standalone="no" ?>
<LXFML versionMajor="5" versionMinor="0" name="pq_mantis">
  <Meta>
    <Application name="LEGO Digital Designer" versionMajor="4" versionMinor="1"/>
    <Brand name="LEGOUniverse"/>
    <BrickSet version="385"/>
  </Meta>
  <Cameras>
    <Camera refID="0" fieldOfView="80" distance="55.72735595703125" transformation="-0.99683398008346558,0,-0.079513177275657654,-0.063565969467163086,0.600746750831604,0.79690843820571899,0.047767266631126404,0.79943954944610596,-0.59884458780288696,3.0719468593597412,48.952411651611328,-30.974431991577148"/>
  </Cameras>
  <Bricks cameraRef="0">
    <Brick refID="0" designID="2540">
      <Part refID="0" designID="2540" materials="26">
        <Bone refID="0" transformation="1,0,0,0,-0.25881925225257874,0.96592575311660767,0,-0.96592575311660767,-0.25881925225257874,-0.38999953866004944,4.6327838897705078,1.5388942956924438">
        </Bone>
      </Part>
    </Brick>
    <Brick refID="1" designID="6141">
      <Part refID="1" designID="6141" materials="26">
        <Bone refID="1" transformation="0,-0.25881904363632202,0.96592581272125244,1,0,0,0,0.96592581272125244,0.25881904363632202,0.8100009560585022,4.4050235748291016,2.3889093399047852">
        </Bone>
      </Part>
    </Brick>
    <Brick refID="2" designID="87087">
      <Part refID="2" designID="87087" materials="28">
        <Bone refID="2" transformation="0,0.96592575311660767,0.25881928205490112,0,-0.25881925225257874,0.96592575311660767,1,0,0,0.41000115871429443,4.5499625205993652,1.8479906320571899">
        </Bone>
      </Part>
    </Brick>
    <Brick refID="3" designID="87087">
      <Part refID="3" designID="87087" materials="28">
        <Bone refID="3" transformation="0,-0.96592581272125244,-0.25881919264793396,0,-0.25881913304328918,0.96592581272125244,-1,0,0,-0.38999900221824646,4.5499629974365234,1.8479905128479004">
        </Bone>
      </Part>
    </Brick>
    <Brick refID="4" designID="6141">
      <Part refID="4" designID="6141" materials="26">
        <Bone refID="4" transformation="0,-0.25881901383399963,0.96592599153518677,-1.0000001192092896,0,0,0,-0.96592599153518677,-0.25881898403167725,-0.78999900817871094,4.4050240516662598,2.3889086246490479">
        </Bone>
      </Part>
    </Brick>
    <Brick refID="5" designID="6019">
      <Part refID="5" designID="6019" materials="26">
        <Bone refID="5" transformation="1,0,0,0,0.50000029802322388,-0.86602526903152466,0,0.86602526903152466,0.50000029802322388,0.010001003742218018,2.9381678104400635,1.3660179376602173">
        </Bone>
      </Part>
    </Brick>
    <Brick refID="6" designID="4070">
      <Part refID="6" designID="4070" materials="28">
        <Bone refID="6" transformation="-1,0,0,0,0.50000005960464478,-0.86602538824081421,0,-0.86602544784545898,-0.49999982118606567,0.010001003742218018,2.458167552947998,2.1974024772644043">
        </Bone>
      </Part>
    </Brick>
    <Brick refID="7" designID="4070">
      <Part refID="7" designID="4070" materials="28">
        <Bone refID="7" transformation="1,0,0,0,-0.86602526903152466,-0.5,0,0.5,-0.86602526903152466,0.010001003742218018,2.5241820812225342,1.5830862522125244">
        </Bone>
      </Part>
    </Brick>
    <Brick refID="8" designID="3070">
      <Part refID="8" designID="3070" materials="26,0" decoration="0">
        <Bone refID="8" transformation="1,0,0,0,0.50000017881393433,-0.86602514982223511,0,0.86602514982223511,0.50000017881393433,0.010001003742218018,2.1641931533813477,1.0865786075592041">
        </Bone>
      </Part>
    </Brick>
    <Brick refID="9" designID="2555">
      <Part refID="9" designID="2555" materials="26">
        <Bone refID="9" transformation="0,0.49999904632568359,-0.86602592468261719,0,-0.86602580547332764,-0.49999907612800598,-1.0000001192092896,0,0,0.010000944137573242,1.6928442716598511,1.103113055229187">
        </Bone>
      </Part>
    </Brick>
    <Brick refID="10" designID="4085">
      <Part refID="10" designID="4085" materials="26">
        <Bone refID="10" transformation="0,0.25881919264793396,0.96592587232589722,1,0,0,0,0.96592593193054199,-0.25881919264793396,0.46000128984451294,3.0252301692962646,1.7778770923614502">
        </Bone>
      </Part>
    </Brick>
    <Brick refID="11" designID="2420">
      <Part refID="11" designID="2420" materials="26">
        <Bone refID="11" transformation="0,-0.96592587232589722,0.25881913304328918,1,0,0,0,0.25881913304328918,0.96592581272125244,0.78000140190124512,3.0252304077148438,1.7778770923614502">
        </Bone>
      </Part>
    </Brick>
    <Brick refID="12" designID="3024">
      <Part refID="12" designID="3024" materials="26">
        <Bone refID="12" transformation="0,-0.96592587232589722,0.2588191032409668,1,0,0,0,0.2588191032409668,0.96592581272125244,0.46000126004219055,2.2524893283843994,1.9849327802658081">
        </Bone>
      </Part>
    </Brick>
    <Brick refID="13" designID="4085">
      <Part refID="13" designID="4085" materials="26">
        <Bone refID="13" transformation="0,-0.96592575311660767,0.2588191032409668,1,0,0,0,0.2588191032409668,0.96592569351196289,0.47822406888008118,2.4505457878112793,2.7716107368469238">
        </Bone>
      </Part>
    </Brick>
    <Brick refID="14" designID="4085">
      <Part refID="14" designID="4085" materials="26">
        <Bone refID="14" transformation="0,-0.25881925225257874,-0.96592587232589722,-1.0000001192092896,0,0,0,0.96592587232589722,-0.25881916284561157,-0.47183102369308472,3.0115509033203125,1.7773438692092896">
        </Bone>
      </Part>
    </Brick>
    <Brick refID="15" designID="2420">
      <Part refID="15" designID="2420" materials="26">
        <Bone refID="15" transformation="0,-0.2588193416595459,-0.96592587232589722,-1,0,0,0,0.96592581272125244,-0.2588193416595459,-0.79183077812194824,2.4458649158477783,2.75714111328125">
        </Bone>
      </Part>
    </Brick>
    <Brick refID="16" designID="3024">
      <Part refID="16" designID="3024" materials="26">
        <Bone refID="16" transformation="0,0.96592587232589722,-0.25881916284561157,-1,0,0,0,0.25881922245025635,0.96592587232589722,-0.47183108329772949,2.2388095855712891,1.9843994379043579">
        </Bone>
      </Part>
    </Brick>
    <Brick refID="17" designID="4085">
      <Part refID="17" designID="4085" materials="26">
        <Bone refID="17" transformation="0,0.96592587232589722,-0.25881913304328918,-1,0,0,0,0.25881913304328918,0.96592575311660767,-0.47183108329772949,2.4458649158477783,2.75714111328125">
        </Bone>
      </Part>
    </Brick>
    <Brick refID="18" designID="3048">
      <Part refID="18" designID="3048" materials="26">
        <Bone refID="18" transformation="0,-0.96592587232589722,-0.25881925225257874,0,-0.25881913304328918,0.96592587232589722,-1.0000001192092896,0,0,-0.38999906182289124,4.3014965057373047,2.7752795219421387">
        </Bone>
      </Part>
    </Brick>
    <Brick refID="19" designID="43711">
      <Part refID="19" designID="43711" materials="141">
        <Bone refID="19" transformation="0,-0.1942342072725296,0.98095524311065674,0,0.98095530271530151,0.1942342072725296,-1,0,0,0.40000075101852417,2.0485074520111084,-3.0907220840454102">
        </Bone>
      </Part>
    </Brick>
    <Brick refID="20" designID="48183">
      <Part refID="20" designID="48183" materials="26">
        <Bone refID="20" transformation="0,0.1942342072725296,-0.98095524311065674,0,0.98095530271530151,0.1942342072725296,1,0,0,1.1999999284744263,1.4238264560699463,-1.5833497047424316">
        </Bone>
      </Part>
    </Brick>
    <Brick refID="21" designID="43710">
      <Part refID="21" designID="43710" materials="141">
        <Bone refID="21" transformation="0,-0.19423419237136841,0.98095524311065674,0,0.98095530271530151,0.19423419237136841,-1,0,0,-0.39999938011169434,2.0485074520111084,-3.0907225608825684">
        </Bone>
      </Part>
    </Brick>
    <Brick refID="22" designID="3023">
      <Part refID="22" designID="3023" materials="26">
        <Bone refID="22" transformation="-1,0,0,0,0.98095524311065674,0.19423429667949677,0,0.19423431158065796,-0.98095536231994629,0.40000075101852417,1.4238264560699463,-1.5833499431610107">
        </Bone>
      </Part>
    </Brick>
    <Brick refID="23" designID="3068">
      <Part refID="23" designID="3068" materials="28,0" decoration="0">
        <Bone refID="23" transformation="1,0,0,0,0.98095542192459106,0.19423364102840424,0,-0.19423362612724304,0.98095536231994629,-0.39999935030937195,2.3686747550964355,0.23479868471622467">
        </Bone>
      </Part>
    </Brick>
    <Brick refID="24" designID="3023">
      <Part refID="24" designID="3023" materials="26">
        <Bone refID="24" transformation="0,0.19423419237136841,-0.98095524311065674,0,0.98095530271530151,0.19423419237136841,1,0,0,1.1999999284744263,1.1130515336990356,-0.01382098812609911">
        </Bone>
      </Part>
    </Brick>
    <Brick refID="25" designID="3040">
      <Part refID="25" designID="3040" materials="141,0" decoration="0">
        <Bone refID="25" transformation="0,0.19423419237136841,-0.98095524311065674,0,0.98095530271530151,0.19423419237136841,1,0,0,0.40000075101852417,1.4269572496414185,0.048333875834941864">
        </Bone>
      </Part>
    </Brick>
    <Brick refID="26" designID="3023">
      <Part refID="26" designID="3023" materials="26">
        <Bone refID="26" transformation="0,0.19423419237136841,-0.98095524311065674,0,0.98095530271530151,0.19423419237136841,1,0,0,-1.1999996900558472,1.1130515336990356,-0.013821257278323174">
        </Bone>
      </Part>
    </Brick>
    <Brick refID="27" designID="3040">
      <Part refID="27" designID="3040" materials="141,0" decoration="0">
        <Bone refID="27" transformation="0,-0.19423419237136841,0.98095524311065674,0,0.98095530271530151,0.19423419237136841,-1,0,0,-0.39999938011169434,1.4269572496414185,0.048333786427974701">
        </Bone>
      </Part>
    </Brick>
    <Brick refID="28" designID="2540">
      <Part refID="28" designID="2540" materials="26">
        <Bone refID="28" transformation="-1,0,0,0,0.98095554113388062,0.19423437118530273,0,0.19423437118530273,-0.98095536231994629,0.40000003576278687,0.79914593696594238,-0.075976260006427765">
        </Bone>
      </Part>
    </Brick>
    <Brick refID="29" designID="2540">
      <Part refID="29" designID="2540" materials="26">
        <Bone refID="29" transformation="1,0,0,0,0.98095542192459106,0.19423334300518036,0,-0.19423334300518036,0.98095542192459106,-0.40000015497207642,1.1130517721176147,-0.013821247965097427">
        </Bone>
      </Part>
    </Brick>
    <Brick refID="30" designID="4085">
      <Part refID="30" designID="4085" materials="26">
        <Bone refID="30" transformation="0,0,1,1,0,0,0,1,0,0.45000118017196655,0.40373659133911133,-0.81263047456741333">
        </Bone>
      </Part>
    </Brick>
    <Brick refID="31" designID="50746">
      <Part refID="31" designID="50746" materials="26">
        <Bone refID="31" transformation="0,0,1,1,0,0,0,1,0,0.77000159025192261,0.40373656153678894,-0.81263053417205811">
        </Bone>
      </Part>
    </Brick>
    <Brick refID="32" designID="4085">
      <Part refID="32" designID="4085" materials="26">
        <Bone refID="32" transformation="0,0,-1.0000001192092896,-1.0000001192092896,0,0,0,1.0000001192092896,0,-0.44999960064888,0.39999988675117493,-0.81257045269012451">
        </Bone>
      </Part>
    </Brick>
    <Brick refID="33" designID="50746">
      <Part refID="33" designID="50746" materials="26">
        <Bone refID="33" transformation="0,0,-1.0000001192092896,-1.0000001192092896,0,0,0,1.0000001192092896,0,-0.76999908685684204,0.3999999463558197,-0.81257045269012451">
        </Bone>
      </Part>
    </Brick>
    <Brick refID="34" designID="4085">
      <Part refID="34" designID="4085" materials="26">
        <Bone refID="34" transformation="0,0,1,1,0,0,0,1,0,0.45000118017196655,0.40313047170639038,0.81911271810531616">
        </Bone>
      </Part>
    </Brick>
    <Brick refID="35" designID="50746">
      <Part refID="35" designID="50746" materials="26">
        <Bone refID="35" transformation="0,0,1,1,0,0,0,1,0,0.77000153064727783,0.40313041210174561,0.81911283731460571">
        </Bone>
      </Part>
    </Brick>
    <Brick refID="36" designID="4085">
      <Part refID="36" designID="4085" materials="26">
        <Bone refID="36" transformation="0,0,-1.0000001192092896,-1.0000001192092896,0,0,0,1.0000001192092896,0,-0.44999960064888,0.40313053131103516,0.81911283731460571">
        </Bone>
      </Part>
    </Brick>
    <Brick refID="37" designID="50746">
      <Part refID="37" designID="50746" materials="26">
        <Bone refID="37" transformation="0,0,-1.0000001192092896,-1.0000001192092896,0,0,0,1.0000001192092896,0,-0.76999914646148682,0.40313047170639038,0.81911283731460571">
        </Bone>
      </Part>
    </Brick>
    <Brick refID="38" designID="60478">
      <Part refID="38" designID="60478" materials="26">
        <Bone refID="38" transformation="0,-1.0000001192092896,0,0,0,-1.0000001192092896,1.0000001192092896,0,0,0.65122348070144653,1.8570348024368286,3.7898375988006592">
        </Bone>
      </Part>
    </Brick>
    <Brick refID="39" designID="50746">
      <Part refID="39" designID="50746" materials="26">
        <Bone refID="39" transformation="-1,0,0,0,0,-1.0000001192092896,0,-1.0000001192092896,0,0.65122294425964355,1.0570348501205444,3.4698376655578613">
        </Bone>
      </Part>
    </Brick>
    <Brick refID="40" designID="60478">
      <Part refID="40" designID="60478" materials="26">
        <Bone refID="40" transformation="0,-1.0000001192092896,0,0,0,-1.0000001192092896,1.0000001192092896,0,0,-0.6312224268913269,1.8570349216461182,3.7898375988006592">
        </Bone>
      </Part>
    </Brick>
    <Brick refID="41" designID="50746">
      <Part refID="41" designID="50746" materials="26">
        <Bone refID="41" transformation="0.99999994039535522,0,0,0,0,-1,0,1,0,-0.63122200965881348,1.057034969329834,3.4698376655578613">
        </Bone>
      </Part>
    </Brick>
  </Bricks>
  <RigidSystems>
    <RigidSystem>
      <Rigid refID="0" transformation="1,0,0,0,-0.25881925225257874,0.96592575311660767,0,-0.96592575311660767,-0.25881925225257874,-0.38999953866004944,4.6327838897705078,1.5388942956924438" boneRefs="0"/>
      <Rigid refID="1" transformation="0,-0.25881904363632202,0.96592581272125244,1,0,0,0,0.96592581272125244,0.25881904363632202,0.8100009560585022,4.4050235748291016,2.3889093399047852" boneRefs="1,2"/>
      <Rigid refID="2" transformation="0,-0.96592581272125244,-0.25881919264793396,0,-0.25881913304328918,0.96592581272125244,-1,0,0,-0.38999900221824646,4.5499629974365234,1.8479905128479004" boneRefs="3,4"/>
      <Rigid refID="3" transformation="1,0,0,0,0.50000029802322388,-0.86602526903152466,0,0.86602526903152466,0.50000029802322388,0.010001003742218018,2.9381678104400635,1.3660179376602173" boneRefs="5,6,7,8,9"/>
      <Rigid refID="4" transformation="0,0.25881919264793396,0.96592587232589722,1,0,0,0,0.96592593193054199,-0.25881919264793396,0.46000128984451294,3.0252301692962646,1.7778770923614502" boneRefs="10,11,12,13"/>
      <Rigid refID="5" transformation="0,-0.25881925225257874,-0.96592587232589722,-1.0000001192092896,0,0,0,0.96592587232589722,-0.25881916284561157,-0.47183102369308472,3.0115509033203125,1.7773438692092896" boneRefs="14,15,16,17"/>
      <Rigid refID="6" transformation="0,-0.96592587232589722,-0.25881925225257874,0,-0.25881913304328918,0.96592587232589722,-1.0000001192092896,0,0,-0.38999906182289124,4.3014965057373047,2.7752795219421387" boneRefs="18"/>
      <Rigid refID="7" transformation="0,-0.1942342072725296,0.98095524311065674,0,0.98095530271530151,0.1942342072725296,-1,0,0,0.40000075101852417,2.0485074520111084,-3.0907220840454102" boneRefs="19,20,21,22,23,24,25,26,27,28,29"/>
      <Rigid refID="8" transformation="0,0,1,1,0,0,0,1,0,0.45000118017196655,0.40373659133911133,-0.81263047456741333" boneRefs="30,31"/>
      <Rigid refID="9" transformation="0,0,-1.0000001192092896,-1.0000001192092896,0,0,0,1.0000001192092896,0,-0.44999960064888,0.39999988675117493,-0.81257045269012451" boneRefs="32,33"/>
      <Rigid refID="10" transformation="0,0,1,1,0,0,0,1,0,0.45000118017196655,0.40313047170639038,0.81911271810531616" boneRefs="34,35"/>
      <Rigid refID="11" transformation="0,0,-1.0000001192092896,-1.0000001192092896,0,0,0,1.0000001192092896,0,-0.44999960064888,0.40313053131103516,0.81911283731460571" boneRefs="36,37"/>
      <Rigid refID="12" transformation="0,-1.0000001192092896,0,0,0,-1.0000001192092896,1.0000001192092896,0,0,0.65122348070144653,1.8570348024368286,3.7898375988006592" boneRefs="38,39"/>
      <Rigid refID="13" transformation="0,-1.0000001192092896,0,0,0,-1.0000001192092896,1.0000001192092896,0,0,-0.6312224268913269,1.8570349216461182,3.7898375988006592" boneRefs="40,41"/>
      <Joint type="hinge">
        <RigidRef rigidRef="1" a="1,0,0" z="0,1,0" t="-0.56000024080276489,-0.39999985694885254,0"/>
        <RigidRef rigidRef="0" a="0,1,0" z="0,0,1" t="0.80000007152557373,0.31999999284744263,0"/>
      </Joint>
      <Joint type="hinge">
        <RigidRef rigidRef="2" a="0,1,0" z="0,0,1" t="0,0,0"/>
        <RigidRef rigidRef="0" a="0,1,0" z="0,0,1" t="0,0.31999999284744263,0"/>
      </Joint>
      <Joint type="hinge">
        <RigidRef rigidRef="3" a="1,0,0" z="0,1,0" t="-0.1600000411272049,0.24800001084804535,0.80000001192092896"/>
        <RigidRef rigidRef="0" a="1,0,0" z="0,0,1" t="0.24000047147274017,0.24799999594688416,0.80000001192092896"/>
      </Joint>
      <Joint type="hinge">
        <RigidRef rigidRef="4" a="0,-1,0" z="1,0,0" t="0,0.31999996304512024,0.79781097173690796"/>
        <RigidRef rigidRef="0" a="-1,0,0" z="0,0,-1" t="1.1700007915496826,0.24799999594688416,0.80000001192092896"/>
      </Joint>
      <Joint type="hinge">
        <RigidRef rigidRef="5" a="0,-1,0" z="1,0,0" t="0,0.31816849112510681,0.79781097173690796"/>
        <RigidRef rigidRef="0" a="1,0,0" z="0,0,1" t="-0.40000000596046448,0.24799999594688416,0.80000001192092896"/>
      </Joint>
      <Joint type="hinge">
        <RigidRef rigidRef="6" a="0,1,0" z="1,0,0" t="0,0,-0.80000007152557373"/>
        <RigidRef rigidRef="1" a="1,0,0" z="0,1,0" t="0.39999973773956299,-0.39999973773956299,0"/>
      </Joint>
      <Joint type="hinge">
        <RigidRef rigidRef="6" a="0,1,0" z="1,0,0" t="0,0,0"/>
        <RigidRef rigidRef="2" a="0,1,0" z="0,0,1" t="0,0.95999997854232788,0"/>
      </Joint>
      <Joint type="hinge">
        <RigidRef rigidRef="3" a="-1,0,0" z="0,1,0" t="-0.16000062227249146,-0.39498063921928406,-1.7779339551925659"/>
        <RigidRef rigidRef="7" a="0,0,1" z="1,0,0" t="3.9999988079071045,-0.072000019252300262,0.55000108480453491"/>
      </Joint>
      <Joint type="hinge">
        <RigidRef rigidRef="12" a="0,0,-1" z="0,1,0" t="-0.80000001192092896,0.24759998917579651,-0.17299927771091461"/>
        <RigidRef rigidRef="4" a="0,-1,0" z="0,0,-1" t="1.6089444160461426,0.01822287030518055,-0.81229954957962036"/>
      </Joint>
      <Joint type="hinge">
        <RigidRef rigidRef="13" a="0,0,1" z="0,1,0" t="-0.80000001192092896,0.2476000040769577,0.15939153730869293"/>
        <RigidRef rigidRef="5" a="0,-1,0" z="0,0,1" t="-1.5978118181228638,0,-0.80000108480453491"/>
      </Joint>
      <Joint type="hinge">
        <RigidRef rigidRef="7" a="0,0,1" z="-1,0,0" t="2.3999991416931152,-0.3920007050037384,-0.36999988555908203"/>
        <RigidRef rigidRef="8" a="0,-1,0" z="1,0,0" t="0,0.31999996304512024,0.79781097173690796"/>
      </Joint>
      <Joint type="hinge">
        <RigidRef rigidRef="7" a="0,0,-1" z="1,0,0" t="2.3999989032745361,-0.39200076460838318,1.1700006723403931"/>
        <RigidRef rigidRef="9" a="0,-1,0" z="1,0,0" t="0,0.31999996304512024,0.79781097173690796"/>
      </Joint>
      <Joint type="hinge">
        <RigidRef rigidRef="11" a="0,-1,0" z="1,0,0" t="0,0.31999996304512024,0.79781097173690796"/>
        <RigidRef rigidRef="7" a="0,0,-1" z="1,0,0" t="3.9999985694885254,-0.07200004905462265,1.1700010299682617"/>
      </Joint>
      <Joint type="hinge">
        <RigidRef rigidRef="10" a="0,-1,0" z="1,0,0" t="0,0.31999996304512024,0.79781097173690796"/>
        <RigidRef rigidRef="7" a="0,0,1" z="-1,0,0" t="3.9999990463256836,-0.071999989449977875,-0.36999961733818054"/>
      </Joint>
    </RigidSystem>
  </RigidSystems>
  <GroupSystems>
    <GroupSystem>
    </GroupSystem>
  </GroupSystems>
  <BuildingInstructions>
  </BuildingInstructions>
</LXFML>
