<?xml version="1.0" encoding="UTF-8" standalone="no" ?>
<LXFML versionMajor="5" versionMinor="0" name="pq_panda">
  <Meta>
    <Application name="LEGO Digital Designer" versionMajor="4" versionMinor="1"/>
    <Brand name="LEGOUniverse"/>
    <BrickSet version="385"/>
  </Meta>
  <Cameras>
    <Camera refID="0" fieldOfView="80" distance="50.727390289306641" transformation="-0.99999994039535522,0,0.00040249471203424037,0.00039673125138506293,0.16862264275550842,0.98568058013916016,-6.7869921622332186E-005,0.98568069934844971,-0.16862313449382782,0.40655383467674255,54.402759552001953,-6.1561837196350098"/>
  </Cameras>
  <Bricks cameraRef="0">
    <Brick refID="0" designID="3048">
      <Part refID="0" designID="3048" materials="1">
        <Bone refID="0" transformation="0,-0.98179227113723755,-0.18995767831802368,-1,0,0,0,0.18995767831802368,-0.98179227113723755,-0.6500014066696167,3.5957586765289307,1.4242380857467651">
        </Bone>
      </Part>
    </Brick>
    <Brick refID="1" designID="3024">
      <Part refID="1" designID="3024" materials="1">
        <Bone refID="1" transformation="0,0.9817926287651062,0.18995639681816101,-1.0000001192092896,0,0,0,-0.18995638191699982,0.9817926287651062,-0.33000066876411438,3.4437935352325439,2.2096726894378662">
        </Bone>
      </Part>
    </Brick>
    <Brick refID="2" designID="50746">
      <Part refID="2" designID="50746" materials="26">
        <Bone refID="2" transformation="0,0.18995597958564758,-0.9817926287651062,-1,0,0,0,0.9817926287651062,0.18995606899261475,-0.65000051259994507,4.3811931610107422,1.5762017965316772">
        </Bone>
      </Part>
    </Brick>
    <Brick refID="3" designID="3710">
      <Part refID="3" designID="3710" materials="26">
        <Bone refID="3" transformation="0,-0.98179274797439575,-0.18995541334152222,-1,0,0,0,0.1899554431438446,-0.98179298639297485,-0.33000019192695618,4.3811931610107422,1.5762021541595459">
        </Bone>
      </Part>
    </Brick>
    <Brick refID="4" designID="52107">
      <Part refID="4" designID="52107" materials="26">
        <Bone refID="4" transformation="0,-0.98179268836975098,-0.18995644152164459,0,-0.18995636701583862,0.98179268836975098,-1,0,0,0.069998778402805328,3.702134370803833,0.87443304061889648">
        </Bone>
      </Part>
    </Brick>
    <Brick refID="5" designID="50746">
      <Part refID="5" designID="50746" materials="26">
        <Bone refID="5" transformation="0,-0.18995489180088043,0.9817931056022644,1.0000001192092896,0,0,0,0.98179292678833008,0.18995501101016998,0.79000097513198853,4.3811941146850586,1.5762026309967041">
        </Bone>
      </Part>
    </Brick>
    <Brick refID="6" designID="3710">
      <Part refID="6" designID="3710" materials="26">
        <Bone refID="6" transformation="0,-0.98179268836975098,-0.18995624780654907,1.0000001192092896,0,0,0,-0.18995627760887146,0.98179280757904053,0.47000008821487427,4.3811931610107422,1.5762016773223877">
        </Bone>
      </Part>
    </Brick>
    <Brick refID="7" designID="3023">
      <Part refID="7" designID="3023" materials="1">
        <Bone refID="7" transformation="0,-0.98179268836975098,-0.18995644152164459,0,-0.18995636701583862,0.98179268836975098,-1,0,0,0.069999732077121735,3.5197763442993164,1.8169541358947754">
        </Bone>
      </Part>
    </Brick>
    <Brick refID="8" designID="3023">
      <Part refID="8" designID="3023" materials="1">
        <Bone refID="8" transformation="0,-0.98179268836975098,-0.18995644152164459,0,-0.18995636701583862,0.98179268836975098,-1,0,0,0.070000685751438141,3.4560327529907227,2.1345510482788086">
        </Bone>
      </Part>
    </Brick>
    <Brick refID="9" designID="3069">
      <Part refID="9" designID="3069" materials="1,0" decoration="0">
        <Bone refID="9" transformation="0,-0.98179280757904053,-0.18995644152164459,0,-0.18995636701583862,0.98179280757904053,-1,0,0,0.070000804960727692,3.4004015922546387,2.4455575942993164">
        </Bone>
      </Part>
    </Brick>
    <Brick refID="10" designID="3048">
      <Part refID="10" designID="3048" materials="1">
        <Bone refID="10" transformation="0,-0.98179274797439575,-0.18995542824268341,1,0,0,0,-0.18995542824268341,0.98179268836975098,0.79000109434127808,3.4437956809997559,2.2096748352050781">
        </Bone>
      </Part>
    </Brick>
    <Brick refID="11" designID="3024">
      <Part refID="11" designID="3024" materials="1">
        <Bone refID="11" transformation="0,-0.98179274797439575,-0.18995541334152222,1,0,0,0,-0.18995541334152222,0.98179268836975098,0.47000172734260559,3.4437956809997559,2.2096753120422363">
        </Bone>
      </Part>
    </Brick>
    <Brick refID="12" designID="50746">
      <Part refID="12" designID="50746" materials="1">
        <Bone refID="12" transformation="0,-0.9817928671836853,-0.18995508551597595,-1.0000001192092896,0,0,0,0.18995508551597595,-0.98179280757904053,-0.96885472536087036,2.8073115348815918,1.2723954916000366">
        </Bone>
      </Part>
    </Brick>
    <Brick refID="13" designID="3023">
      <Part refID="13" designID="3023" materials="1">
        <Bone refID="13" transformation="0,-0.18639020621776581,0.9824758768081665,-1.0000001192092896,0,0,0,-0.9824758768081665,-0.18639007210731506,-0.64885503053665161,2.8073110580444336,1.2723941802978516">
        </Bone>
      </Part>
    </Brick>
    <Brick refID="14" designID="3024">
      <Part refID="14" designID="3024" materials="26">
        <Bone refID="14" transformation="0,0.9817926287651062,0.18995635211467743,-1.0000001192092896,0,0,0,-0.18995635211467743,0.98179268836975098,-0.32999980449676514,2.6583592891693115,2.0577073097229004">
        </Bone>
      </Part>
    </Brick>
    <Brick refID="15" designID="50746">
      <Part refID="15" designID="50746" materials="1">
        <Bone refID="15" transformation="0,0.9817926287651062,0.18995635211467743,-1.0000001192092896,0,0,0,-0.18995635211467743,0.98179268836975098,-0.96885472536087036,2.6581988334655762,2.0583770275115967">
        </Bone>
      </Part>
    </Brick>
    <Brick refID="16" designID="50746">
      <Part refID="16" designID="50746" materials="1">
        <Bone refID="16" transformation="0,0.98179298639297485,0.18995508551597595,1.0000001192092896,0,0,0,0.18995508551597595,-0.9817928671836853,1.1103806495666504,2.8073124885559082,1.2723962068557739">
        </Bone>
      </Part>
    </Brick>
    <Brick refID="17" designID="3023">
      <Part refID="17" designID="3023" materials="1">
        <Bone refID="17" transformation="0,-0.1863890141248703,0.98247611522674561,1,0,0,0,0.98247611522674561,0.18638904392719269,0.79037982225418091,2.8073127269744873,1.2723965644836426">
        </Bone>
      </Part>
    </Brick>
    <Brick refID="18" designID="3024">
      <Part refID="18" designID="3024" materials="26">
        <Bone refID="18" transformation="0,-0.9817928671836853,-0.1899554580450058,1,0,0,0,-0.1899554580450058,0.98179280757904053,0.47000151872634888,2.6583621501922607,2.0577099323272705">
        </Bone>
      </Part>
    </Brick>
    <Brick refID="19" designID="50746">
      <Part refID="19" designID="50746" materials="1">
        <Bone refID="19" transformation="0,-0.98045098781585693,-0.19676433503627777,1.0000001192092896,0,0,0,-0.19676433503627777,0.98045104742050171,1.1103804111480713,2.6582019329071045,2.0583782196044922">
        </Bone>
      </Part>
    </Brick>
    <Brick refID="20" designID="3024">
      <Part refID="20" designID="3024" materials="1">
        <Bone refID="20" transformation="0.99999994039535522,0,0,0,-0.18995600938796997,0.98179274797439575,0,-0.98179274797439575,-0.18995600938796997,0.06999969482421875,2.0400867462158203,1.0417656898498535">
        </Bone>
      </Part>
    </Brick>
    <Brick refID="21" designID="6019">
      <Part refID="21" designID="6019" materials="1">
        <Bone refID="21" transformation="0.99999994039535522,0,0,0,-0.18995606899261475,0.98179298639297485,0,-0.98179298639297485,-0.18995606899261475,0.069999679923057556,2.1008727550506592,0.72759181261062622">
        </Bone>
      </Part>
    </Brick>
    <Brick refID="22" designID="47905">
      <Part refID="22" designID="47905" materials="26">
        <Bone refID="22" transformation="0.99999994039535522,0,0,0,-0.18995606899261475,0.98179298639297485,0,-0.98179298639297485,-0.18995606899261475,0.069999679923057556,1.9793009757995605,1.3559396266937256">
        </Bone>
      </Part>
    </Brick>
    <Brick refID="23" designID="3048">
      <Part refID="23" designID="3048" materials="1">
        <Bone refID="23" transformation="0,0.98179316520690918,0.18995589017868042,-1.0000001192092896,0,0,0,-0.18995587527751923,0.98179316520690918,-0.65000075101852417,1.8729254007339478,1.9057445526123047">
        </Bone>
      </Part>
    </Brick>
    <Brick refID="24" designID="3024">
      <Part refID="24" designID="3024" materials="1">
        <Bone refID="24" transformation="0,0.98179292678833008,0.18995583057403564,-1.0000001192092896,0,0,0,-0.18995581567287445,0.98179292678833008,-0.33000093698501587,1.8729251623153687,1.9057445526123047">
        </Bone>
      </Part>
    </Brick>
    <Brick refID="25" designID="3048">
      <Part refID="25" designID="3048" materials="1">
        <Bone refID="25" transformation="0,0.98179423809051514,0.18994897603988647,1,0,0,0,0.18994897603988647,-0.98179435729980469,0.79000002145767212,2.0248897075653076,1.1203112602233887">
        </Bone>
      </Part>
    </Brick>
    <Brick refID="26" designID="3024">
      <Part refID="26" designID="3024" materials="1">
        <Bone refID="26" transformation="0,-0.98179304599761963,-0.18995568156242371,1.0000001192092896,0,0,0,-0.1899556964635849,0.98179316520690918,0.47000089287757874,1.8729248046875,1.9057465791702271">
        </Bone>
      </Part>
    </Brick>
    <Brick refID="27" designID="3024">
      <Part refID="27" designID="3024" materials="1">
        <Bone refID="27" transformation="0.99999994039535522,0,0,0,-0.18995606899261475,0.98179298639297485,0,-0.98179298639297485,-0.18995606899261475,0.069999679923057556,1.7969430685043335,2.2984619140625">
        </Bone>
      </Part>
    </Brick>
    <Brick refID="28" designID="6141">
      <Part refID="28" designID="6141" materials="26">
        <Bone refID="28" transformation="0.99999994039535522,0,0,0,-0.18995605409145355,0.9817928671836853,0,-0.9817928671836853,-0.18995605409145355,0.069999858736991882,1.7361569404602051,2.6126363277435303">
        </Bone>
      </Part>
    </Brick>
    <Brick refID="29" designID="2780">
      <Part refID="29" designID="2780" materials="26">
        <Bone refID="29" transformation="1,0,0,0,0.98095554113388062,0.19423240423202515,0,-0.19423240423202515,0.98095554113388062,-0.40000039339065552,2.2993931770324707,0.61550319194793701">
        </Bone>
      </Part>
    </Brick>
    <Brick refID="30" designID="2780">
      <Part refID="30" designID="2780" materials="26">
        <Bone refID="30" transformation="1,0,0,0,0.98095554113388062,0.19423240423202515,0,-0.19423240423202515,0.98095554113388062,0.40000075101852417,2.2993931770324707,0.61550319194793701">
        </Bone>
      </Part>
    </Brick>
    <Brick refID="31" designID="6091">
      <Part refID="31" designID="6091" materials="1">
        <Bone refID="31" transformation="1,0,0,0,0.98095548152923584,0.19423270225524902,0,-0.19423270225524902,0.98095548152923584,0.39999979734420776,3.2192606925964355,-0.42565658688545227">
        </Bone>
      </Part>
    </Brick>
    <Brick refID="32" designID="3023">
      <Part refID="32" designID="3023" materials="1">
        <Bone refID="32" transformation="1,0,0,0,0.98095536231994629,0.19423331320285797,0,-0.19423331320285797,0.98095536231994629,-0.40000039339065552,2.9053547382354736,-0.48781147599220276">
        </Bone>
      </Part>
    </Brick>
    <Brick refID="33" designID="32000">
      <Part refID="33" designID="32000" materials="1">
        <Bone refID="33" transformation="1,0,0,0,0.98095536231994629,0.19423331320285797,0,-0.19423331320285797,0.98095536231994629,-0.40000039339065552,1.9636369943618774,-0.67427682876586914">
        </Bone>
      </Part>
    </Brick>
    <Brick refID="34" designID="3022">
      <Part refID="34" designID="3022" materials="1">
        <Bone refID="34" transformation="1,0,0,0,0.98095536231994629,0.19423331320285797,0,-0.19423331320285797,0.98095536231994629,-0.40000039339065552,1.6497315168380737,-0.73643147945404053">
        </Bone>
      </Part>
    </Brick>
    <Brick refID="35" designID="3023">
      <Part refID="35" designID="3023" materials="1">
        <Bone refID="35" transformation="1,0,0,0,0.98095548152923584,0.19423270225524902,0,-0.19423270225524902,0.98095548152923584,-0.40000039339065552,2.4329307079315186,-1.3968853950500488">
        </Bone>
      </Part>
    </Brick>
    <Brick refID="36" designID="3023">
      <Part refID="36" designID="3023" materials="1">
        <Bone refID="36" transformation="1,0,0,0,0.98095536231994629,0.19423331320285797,0,-0.19423331320285797,0.98095536231994629,-0.40000039339065552,2.1190254688262939,-1.4590402841567993">
        </Bone>
      </Part>
    </Brick>
    <Brick refID="37" designID="6091">
      <Part refID="37" designID="6091" materials="1">
        <Bone refID="37" transformation="1,0,0,0,0.98095548152923584,0.19423270225524902,0,-0.19423270225524902,0.98095548152923584,-0.40000039339065552,3.2192606925964355,-0.42565655708312988">
        </Bone>
      </Part>
    </Brick>
    <Brick refID="38" designID="3068">
      <Part refID="38" designID="3068" materials="26,0" decoration="0">
        <Bone refID="38" transformation="1,0,0,0,0.98095548152923584,0.19423270225524902,0,-0.19423270225524902,0.98095548152923584,-0.40000039339065552,3.3777787685394287,0.4212627112865448">
        </Bone>
      </Part>
    </Brick>
    <Brick refID="39" designID="3023">
      <Part refID="39" designID="3023" materials="26">
        <Bone refID="39" transformation="1,0,0,0,0.98095536231994629,0.19423331320285797,0,-0.19423331320285797,0.98095536231994629,-0.40000039339065552,3.0638730525970459,0.35910746455192566">
        </Bone>
      </Part>
    </Brick>
    <Brick refID="40" designID="3023">
      <Part refID="40" designID="3023" materials="26">
        <Bone refID="40" transformation="1,0,0,0,0.98095536231994629,0.19423331320285797,0,-0.19423331320285797,0.98095536231994629,-0.40000039339065552,2.7499675750732422,0.29695293307304382">
        </Bone>
      </Part>
    </Brick>
    <Brick refID="41" designID="32000">
      <Part refID="41" designID="32000" materials="26">
        <Bone refID="41" transformation="1,0,0,0,0.98095530271530151,0.19423361122608185,0,-0.19423361122608185,0.98095530271530151,-0.40000039339065552,1.8082501888275146,0.11048795282840729">
        </Bone>
      </Part>
    </Brick>
    <Brick refID="42" designID="3023">
      <Part refID="42" designID="3023" materials="26">
        <Bone refID="42" transformation="1,0,0,0,0.98095536231994629,0.19423331320285797,0,-0.19423331320285797,0.98095536231994629,-0.40000039339065552,1.4943441152572632,0.048333197832107544">
        </Bone>
      </Part>
    </Brick>
    <Brick refID="43" designID="2540">
      <Part refID="43" designID="2540" materials="26">
        <Bone refID="43" transformation="1,0,0,0,0.98095536231994629,0.19423331320285797,0,-0.19423331320285797,0.98095536231994629,-0.40000015497207642,1.1804386377334595,-0.01382157951593399">
        </Bone>
      </Part>
    </Brick>
    <Brick refID="44" designID="2540">
      <Part refID="44" designID="2540" materials="26">
        <Bone refID="44" transformation="-1,0,0,0,0.98095542192459106,0.19423434138298035,0,0.19423432648181915,-0.98095518350601196,0.40000003576278687,0.86653280258178711,-0.07597658783197403">
        </Bone>
      </Part>
    </Brick>
    <Brick refID="45" designID="6019">
      <Part refID="45" designID="6019" materials="1">
        <Bone refID="45" transformation="-1,0,0,0,-0.95402413606643677,-0.29972991347312927,0,-0.29972991347312927,0.95402437448501587,-0.010000050067901611,1.741579532623291,-1.5014572143554687">
        </Bone>
      </Part>
    </Brick>
    <Brick refID="46" designID="6141">
      <Part refID="46" designID="6141" materials="1">
        <Bone refID="46" transformation="-1,0,0,0,-0.95402395725250244,-0.29972988367080688,0,-0.29972988367080688,0.95402419567108154,-0.0099999252706766129,1.4362919330596924,-1.5973705053329468">
        </Bone>
      </Part>
    </Brick>
    <Brick refID="47" designID="2555">
      <Part refID="47" designID="2555" materials="26">
        <Bone refID="47" transformation="0,-0.2109532505273819,0.97749626636505127,0,0.97749632596969604,0.2109532505273819,-1.0000001192092896,0,0,-0.61000043153762817,0.709980309009552,-0.93239212036132813">
        </Bone>
      </Part>
    </Brick>
    <Brick refID="48" designID="6141">
      <Part refID="48" designID="6141" materials="26">
        <Bone refID="48" transformation="1,0,0,0,0.97749650478363037,0.21095244586467743,0,-0.21095243096351624,0.9774964451789856,-0.61000049114227295,0.39718136191368103,-0.99989759922027588">
        </Bone>
      </Part>
    </Brick>
    <Brick refID="49" designID="6141">
      <Part refID="49" designID="6141" materials="26">
        <Bone refID="49" transformation="1,0,0,0,0.97749650478363037,0.21095244586467743,0,-0.21095243096351624,0.9774964451789856,-0.61000049114227295,0.084382392466068268,-1.0674022436141968">
        </Bone>
      </Part>
    </Brick>
    <Brick refID="50" designID="2555">
      <Part refID="50" designID="2555" materials="26">
        <Bone refID="50" transformation="0,-0.21095320582389832,0.97749626636505127,0,0.97749632596969604,0.21095320582389832,-1.0000001192092896,0,0,0.60999983549118042,0.70997947454452515,-0.93239259719848633">
        </Bone>
      </Part>
    </Brick>
    <Brick refID="51" designID="6141">
      <Part refID="51" designID="6141" materials="26">
        <Bone refID="51" transformation="1,0,0,0,0.97749680280685425,0.2109510600566864,0,-0.21095104515552521,0.97749674320220947,0.61000007390975952,0.39718064665794373,-0.99989724159240723">
        </Bone>
      </Part>
    </Brick>
    <Brick refID="52" designID="6141">
      <Part refID="52" designID="6141" materials="26">
        <Bone refID="52" transformation="1,0,0,0,0.97749680280685425,0.2109510600566864,0,-0.21095104515552521,0.97749674320220947,0.61000007390975952,0.084381736814975739,-1.0674024820327759">
        </Bone>
      </Part>
    </Brick>
    <Brick refID="53" designID="2555">
      <Part refID="53" designID="2555" materials="26">
        <Bone refID="53" transformation="0,0,1,0,0.99999994039535522,0,-1,0,0,-0.63198071718215942,0.69316267967224121,0.81803160905838013">
        </Bone>
      </Part>
    </Brick>
    <Brick refID="54" designID="6141">
      <Part refID="54" designID="6141" materials="26">
        <Bone refID="54" transformation="1,0,0,0,1,0,0,0,1,-0.63198071718215942,0.3731626570224762,0.81803172826766968">
        </Bone>
      </Part>
    </Brick>
    <Brick refID="55" designID="6141">
      <Part refID="55" designID="6141" materials="26">
        <Bone refID="55" transformation="1,0,0,0,1,0,0,0,1,-0.63198071718215942,0.053162612020969391,0.81803184747695923">
        </Bone>
      </Part>
    </Brick>
    <Brick refID="56" designID="2555">
      <Part refID="56" designID="2555" materials="26">
        <Bone refID="56" transformation="0,0,1,0,0.99999994039535522,0,-1,0,0,0.62861937284469604,0.69316267967224121,0.81803160905838013">
        </Bone>
      </Part>
    </Brick>
    <Brick refID="57" designID="6141">
      <Part refID="57" designID="6141" materials="26">
        <Bone refID="57" transformation="1,0,0,0,1,0,0,0,1,0.62861943244934082,0.3731626570224762,0.8180316686630249">
        </Bone>
      </Part>
    </Brick>
    <Brick refID="58" designID="6141">
      <Part refID="58" designID="6141" materials="26">
        <Bone refID="58" transformation="1,0,0,0,1,0,0,0,1,0.62861943244934082,0.053162612020969391,0.81803178787231445">
        </Bone>
      </Part>
    </Brick>
  </Bricks>
  <RigidSystems>
    <RigidSystem>
      <Rigid refID="0" transformation="0,-0.98179227113723755,-0.18995767831802368,-1,0,0,0,0.18995767831802368,-0.98179227113723755,-0.6500014066696167,3.5957586765289307,1.4242380857467651" boneRefs="0,1"/>
      <Rigid refID="1" transformation="0,0.18995597958564758,-0.9817926287651062,-1,0,0,0,0.9817926287651062,0.18995606899261475,-0.65000051259994507,4.3811931610107422,1.5762017965316772" boneRefs="2,3,4,5,6,7,8,9"/>
      <Rigid refID="2" transformation="0,-0.98179274797439575,-0.18995542824268341,1,0,0,0,-0.18995542824268341,0.98179268836975098,0.79000109434127808,3.4437956809997559,2.2096748352050781" boneRefs="10,11"/>
      <Rigid refID="3" transformation="0,-0.9817928671836853,-0.18995508551597595,-1.0000001192092896,0,0,0,0.18995508551597595,-0.98179280757904053,-0.96885472536087036,2.8073115348815918,1.2723954916000366" boneRefs="12,13,14,15"/>
      <Rigid refID="4" transformation="0,0.98179298639297485,0.18995508551597595,1.0000001192092896,0,0,0,0.18995508551597595,-0.9817928671836853,1.1103806495666504,2.8073124885559082,1.2723962068557739" boneRefs="16,17,18,19"/>
      <Rigid refID="5" transformation="0.99999994039535522,0,0,0,-0.18995600938796997,0.98179274797439575,0,-0.98179274797439575,-0.18995600938796997,0.06999969482421875,2.0400867462158203,1.0417656898498535" boneRefs="20,21,22,23,24,25,26,27,28"/>
      <Rigid refID="6" transformation="1,0,0,0,0.98095554113388062,0.19423240423202515,0,-0.19423240423202515,0.98095554113388062,-0.40000039339065552,2.2993931770324707,0.61550319194793701" boneRefs="29"/>
      <Rigid refID="7" transformation="1,0,0,0,0.98095554113388062,0.19423240423202515,0,-0.19423240423202515,0.98095554113388062,0.40000075101852417,2.2993931770324707,0.61550319194793701" boneRefs="30"/>
      <Rigid refID="8" transformation="1,0,0,0,0.98095548152923584,0.19423270225524902,0,-0.19423270225524902,0.98095548152923584,0.39999979734420776,3.2192606925964355,-0.42565658688545227" boneRefs="31,32,33,34,35,36,37,38,39,40,41,42,43,44"/>
      <Rigid refID="9" transformation="-1,0,0,0,-0.95402413606643677,-0.29972991347312927,0,-0.29972991347312927,0.95402437448501587,-0.010000050067901611,1.741579532623291,-1.5014572143554687" boneRefs="45,46"/>
      <Rigid refID="10" transformation="0,-0.2109532505273819,0.97749626636505127,0,0.97749632596969604,0.2109532505273819,-1.0000001192092896,0,0,-0.61000043153762817,0.709980309009552,-0.93239212036132813" boneRefs="47,48,49"/>
      <Rigid refID="11" transformation="0,-0.21095320582389832,0.97749626636505127,0,0.97749632596969604,0.21095320582389832,-1.0000001192092896,0,0,0.60999983549118042,0.70997947454452515,-0.93239259719848633" boneRefs="50,51,52"/>
      <Rigid refID="12" transformation="0,0,1,0,0.99999994039535522,0,-1,0,0,-0.63198071718215942,0.69316267967224121,0.81803160905838013" boneRefs="53,54,55"/>
      <Rigid refID="13" transformation="0,0,1,0,0.99999994039535522,0,-1,0,0,0.62861937284469604,0.69316267967224121,0.81803160905838013" boneRefs="56,57,58"/>
      <Joint type="hinge">
        <RigidRef rigidRef="1" a="0,1,0" z="1,0,0" t="0,0,-0.80000001192092896"/>
        <RigidRef rigidRef="0" a="0,1,0" z="1,0,0" t="0,0,0"/>
      </Joint>
      <Joint type="hinge">
        <RigidRef rigidRef="1" a="0,-1,0" z="-1,0,0" t="0,-1.4400008916854858,-0.80000007152557373"/>
        <RigidRef rigidRef="2" a="0,1,0" z="1,0,0" t="0,0,-0.80000007152557373"/>
      </Joint>
      <Joint type="hinge">
        <RigidRef rigidRef="5" a="-1,0,0" z="0,0,-1" t="-0.7200005054473877,0.080000832676887512,0"/>
        <RigidRef rigidRef="1" a="0,1,0" z="1,0,0" t="0,0,-2.3999998569488525"/>
      </Joint>
      <Joint type="hinge">
        <RigidRef rigidRef="3" a="0,1,0" z="0.99999350309371948,0,-0.0036298539489507675" t="0,-0.31999963521957397,0"/>
        <RigidRef rigidRef="1" a="0,1,0" z="1,0,0" t="0,0,-1.6000000238418579"/>
      </Joint>
      <Joint type="hinge">
        <RigidRef rigidRef="4" a="0,1,0" z="0.99999344348907471,0,0.0036308793351054192" t="0,-0.32000076770782471,0"/>
        <RigidRef rigidRef="1" a="0,-1,0" z="-1,0,0" t="0,-1.4400012493133545,-1.6000001430511475"/>
      </Joint>
      <Joint type="hinge">
        <RigidRef rigidRef="8" a="1,0,0" z="0,0,1" t="-0.17000013589859009,-1.6720024347305298,1.599997878074646"/>
        <RigidRef rigidRef="5" a="1,0,0" z="0,1,0" t="0.15999996662139893,-0.072000160813331604,0.80000019073486328"/>
      </Joint>
      <Joint type="hinge">
        <RigidRef rigidRef="8" a="0,0,-1" z="0,-1,0" t="-0.80000019073486328,-0.7000008225440979,-0.40000039339065552"/>
        <RigidRef rigidRef="6" a="0,0,-1" z="1,0,0" t="0,0,-1.6000000238418579"/>
      </Joint>
      <Joint type="hinge">
        <RigidRef rigidRef="8" a="0,0,-1" z="0,-1,0" t="0,-0.7000008225440979,-0.40000039339065552"/>
        <RigidRef rigidRef="7" a="0,0,-1" z="1,0,0" t="0,0,-1.6000000238418579"/>
      </Joint>
      <Joint type="hinge">
        <RigidRef rigidRef="8" a="-1,0,0" z="0,0,-1" t="-0.5699998140335083,-1.9920006990432739,0"/>
        <RigidRef rigidRef="9" a="1,0,0" z="0,1,0" t="0.15999999642372131,0.24799999594688416,0.80000001192092896"/>
      </Joint>
      <Joint type="hinge">
        <RigidRef rigidRef="13" a="0,0,1" z="1,0,0" t="0,0.56800001859664917,-0.1600000411272049"/>
        <RigidRef rigidRef="8" a="-1,0,0" z="0,0,-1" t="0.38861954212188721,-1.6720023155212402,1.599997878074646"/>
      </Joint>
      <Joint type="hinge">
        <RigidRef rigidRef="12" a="0,0,1" z="1,0,0" t="0,0.56800001859664917,0.15999999642372131"/>
        <RigidRef rigidRef="8" a="-1,0,0" z="0,0,1" t="-1.1919804811477661,-1.6720023155212402,1.599997878074646"/>
      </Joint>
      <Joint type="hinge">
        <RigidRef rigidRef="10" a="0,0,1" z="1,0,0" t="0,0.56800001859664917,0.15999999642372131"/>
        <RigidRef rigidRef="8" a="-1,0,0" z="0,0,1" t="-1.1700003147125244,-1.9920006990432739,0"/>
      </Joint>
      <Joint type="hinge">
        <RigidRef rigidRef="11" a="0,0,1" z="1,0,0" t="0,0.56800001859664917,-0.1600000411272049"/>
        <RigidRef rigidRef="8" a="-1,0,0" z="0,0,-1" t="0.37000012397766113,-1.9920006990432739,0"/>
      </Joint>
    </RigidSystem>
  </RigidSystems>
  <GroupSystems>
    <GroupSystem>
    </GroupSystem>
  </GroupSystems>
  <BuildingInstructions>
  </BuildingInstructions>
</LXFML>
