<?xml version="1.0" encoding="UTF-8" standalone="no" ?>
<LXFML versionMajor="5" versionMinor="0" name="pq_raindeer">
  <Meta>
    <Application name="LEGO Digital Designer" versionMajor="4" versionMinor="1"/>
    <Brand name="LEGOUniverse"/>
    <BrickSet version="385"/>
  </Meta>
  <Cameras>
    <Camera refID="0" fieldOfView="80" distance="60.727378845214844" transformation="-0.99850994348526001,0,-0.054569967091083527,-0.038430742919445038,0.70995491743087769,0.70319777727127075,0.038742214441299438,0.70424705743789673,-0.70889705419540405,2.7627100944519043,47.168830871582031,-40.651859283447266"/>
  </Cameras>
  <Bricks cameraRef="0">
    <Brick refID="0" designID="30377">
      <Part refID="0" designID="30377" materials="199">
        <Bone refID="0" transformation="0.010858106426894665,-0.99976849555969238,0.018580963835120201,-0.32525146007537842,0.014040535315871239,0.94552344083786011,-0.94556534290313721,-0.016309961676597595,-0.32502353191375732,0.61007040739059448,5.0379252433776855,1.2698515653610229">
        </Bone>
      </Part>
    </Brick>
    <Brick refID="1" designID="30031">
      <Part refID="1" designID="30031" materials="194">
        <Bone refID="1" transformation="-1,0,0,0,0.98758077621459961,0.1571117490530014,0,0.1571117490530014,-0.98758083581924438,0.014999568462371826,2.8723030090332031,1.1391128301620483">
        </Bone>
      </Part>
    </Brick>
    <Brick refID="2" designID="30377">
      <Part refID="2" designID="30377" materials="199">
        <Bone refID="2" transformation="-0.031856369227170944,-0.99923419952392578,0.022724352777004242,0.36180746555328369,0.0096653075888752937,0.93220287561416626,-0.93170851469039917,0.037918537855148315,0.36122256517410278,-0.55863171815872192,5.0398263931274414,1.261726975440979">
        </Bone>
      </Part>
    </Brick>
    <Brick refID="3" designID="6019">
      <Part refID="3" designID="6019" materials="192">
        <Bone refID="3" transformation="-1,0,0,0,0,1.0000001192092896,0,1.0000001192092896,0,0.0099992752075195313,2.0723030567169189,0.89111298322677612">
        </Bone>
      </Part>
    </Brick>
    <Brick refID="4" designID="6019">
      <Part refID="4" designID="6019" materials="192">
        <Bone refID="4" transformation="0.99999994039535522,0,0,0,0,1,0,-1,0,0.0099992286413908005,2.0723030567169189,0.57111281156539917">
        </Bone>
      </Part>
    </Brick>
    <Brick refID="5" designID="6141">
      <Part refID="5" designID="6141" materials="1">
        <Bone refID="5" transformation="0,0,-1.0000001192092896,-1.0000001192092896,0,0,0,1.0000001192092896,0,0.72999972105026245,2.0723030567169189,1.7911127805709839">
        </Bone>
      </Part>
    </Brick>
    <Brick refID="6" designID="6541">
      <Part refID="6" designID="6541" materials="192">
        <Bone refID="6" transformation="0,-1.0000001192092896,0,0,0,1.0000001192092896,-1.0000001192092896,0,0,0.0099992379546165466,2.0723030567169189,1.2111129760742187">
        </Bone>
      </Part>
    </Brick>
    <Brick refID="7" designID="6141">
      <Part refID="7" designID="6141" materials="1">
        <Bone refID="7" transformation="0,0,1,1,0,0,0,1,0,-0.71000105142593384,2.072303295135498,1.7911131381988525">
        </Bone>
      </Part>
    </Brick>
    <Brick refID="8" designID="3024">
      <Part refID="8" designID="3024" materials="26">
        <Bone refID="8" transformation="-1,0,0,0,0,1.0000001192092896,0,1.0000001192092896,0,0.0099992882460355759,2.0723030567169189,2.1711130142211914">
        </Bone>
      </Part>
    </Brick>
    <Brick refID="9" designID="30377">
      <Part refID="9" designID="30377" materials="199">
        <Bone refID="9" transformation="0.3186606764793396,0.15629160404205322,-0.93489491939544678,-0.066046498715877533,0.98757636547088623,0.14258658885955811,0.94556510448455811,0.016309797763824463,0.32502424716949463,0.42016667127609253,3.1934478282928467,2.8994202613830566">
        </Bone>
      </Part>
    </Brick>
    <Brick refID="10" designID="30377">
      <Part refID="10" designID="30377" materials="199">
        <Bone refID="10" transformation="-0.3507784903049469,0.16399742662906647,-0.92198657989501953,0.094200074672698975,0.98573166131973267,0.13949671387672424,0.93170851469039917,-0.037918765097856522,-0.36122205853462219,-0.34650355577468872,3.1907896995544434,2.8888554573059082">
        </Bone>
      </Part>
    </Brick>
    <Brick refID="11" designID="6141">
      <Part refID="11" designID="6141" materials="1">
        <Bone refID="11" transformation="0.99999994039535522,0,0,0,-0.60976248979568481,0.7925841212272644,0,-0.7925841212272644,-0.60976248979568481,-0.010000646114349365,1.8053258657455444,-1.5163666009902954">
        </Bone>
      </Part>
    </Brick>
    <Brick refID="12" designID="2555">
      <Part refID="12" designID="2555" materials="192">
        <Bone refID="12" transformation="0,-0.79258435964584351,-0.60976254940032959,0,-0.60976237058639526,0.79258435964584351,-1.0000001192092896,0,0,-0.010000504553318024,1.6102019548416138,-1.2627397775650024">
        </Bone>
      </Part>
    </Brick>
    <Brick refID="13" designID="2540">
      <Part refID="13" designID="2540" materials="5">
        <Bone refID="13" transformation="-1,0,0,0,0.98095536231994629,0.19423432648181915,0,0.19423432648181915,-0.98095518350601196,0.40000003576278687,0.87050771713256836,-0.07597658783197403">
        </Bone>
      </Part>
    </Brick>
    <Brick refID="14" designID="2540">
      <Part refID="14" designID="2540" materials="192">
        <Bone refID="14" transformation="1,0,0,0,0.98095506429672241,0.194233238697052,0,-0.194233238697052,0.98095506429672241,-0.40000015497207642,1.1844135522842407,-0.013821534812450409">
        </Bone>
      </Part>
    </Brick>
    <Brick refID="15" designID="2555">
      <Part refID="15" designID="2555" materials="5">
        <Bone refID="15" transformation="0,0.20171302556991577,-0.97944468259811401,0,0.97944474220275879,0.20171302556991577,1,0,0,-0.61000043153762817,0.70753192901611328,-0.92712491750717163">
        </Bone>
      </Part>
    </Brick>
    <Brick refID="16" designID="6141">
      <Part refID="16" designID="6141" materials="5">
        <Bone refID="16" transformation="1,0,0,0,0.97944420576095581,0.20171381533145905,0,-0.20171381533145905,0.97944420576095581,-0.61000049114227295,0.39410960674285889,-0.9916725754737854">
        </Bone>
      </Part>
    </Brick>
    <Brick refID="17" designID="6141">
      <Part refID="17" designID="6141" materials="26">
        <Bone refID="17" transformation="1,0,0,0,0.97944420576095581,0.20171381533145905,0,-0.20171381533145905,0.97944420576095581,-0.61000049114227295,0.080687195062637329,-1.0562210083007812">
        </Bone>
      </Part>
    </Brick>
    <Brick refID="18" designID="2555">
      <Part refID="18" designID="2555" materials="5">
        <Bone refID="18" transformation="0,0.20171301066875458,-0.97944468259811401,0,0.97944474220275879,0.20171301066875458,1,0,0,0.60999983549118042,0.70753204822540283,-0.92712491750717163">
        </Bone>
      </Part>
    </Brick>
    <Brick refID="19" designID="6141">
      <Part refID="19" designID="6141" materials="5">
        <Bone refID="19" transformation="1,0,0,0,0.97944420576095581,0.20171381533145905,0,-0.20171381533145905,0.97944420576095581,0.60999977588653564,0.39410987496376038,-0.99167275428771973">
        </Bone>
      </Part>
    </Brick>
    <Brick refID="20" designID="6141">
      <Part refID="20" designID="6141" materials="26">
        <Bone refID="20" transformation="1,0,0,0,0.97944420576095581,0.20171381533145905,0,-0.20171381533145905,0.97944420576095581,0.60999977588653564,0.080687493085861206,-1.0562210083007812">
        </Bone>
      </Part>
    </Brick>
    <Brick refID="21" designID="2555">
      <Part refID="21" designID="2555" materials="5">
        <Bone refID="21" transformation="0,0,-1,0,0.99999994039535522,0,1,0,0,0.60999983549118042,0.7043030858039856,0.81911295652389526">
        </Bone>
      </Part>
    </Brick>
    <Brick refID="22" designID="6141">
      <Part refID="22" designID="6141" materials="5">
        <Bone refID="22" transformation="1,0,0,0,1,0,0,0,1,0.60999977588653564,0.38430315256118774,0.81911313533782959">
        </Bone>
      </Part>
    </Brick>
    <Brick refID="23" designID="6141">
      <Part refID="23" designID="6141" materials="26">
        <Bone refID="23" transformation="1,0,0,0,1,0,0,0,1,0.60999977588653564,0.064303077757358551,0.81911313533782959">
        </Bone>
      </Part>
    </Brick>
    <Brick refID="24" designID="2555">
      <Part refID="24" designID="2555" materials="5">
        <Bone refID="24" transformation="0,0,-1,0,0.99999994039535522,0,1,0,0,-0.61000043153762817,0.7043030858039856,0.81911295652389526">
        </Bone>
      </Part>
    </Brick>
    <Brick refID="25" designID="6141">
      <Part refID="25" designID="6141" materials="5">
        <Bone refID="25" transformation="1,0,0,0,1,0,0,0,1,-0.6100006103515625,0.38430315256118774,0.81911319494247437">
        </Bone>
      </Part>
    </Brick>
    <Brick refID="26" designID="6141">
      <Part refID="26" designID="6141" materials="26">
        <Bone refID="26" transformation="1,0,0,0,1,0,0,0,1,-0.6100006103515625,0.064303077757358551,0.81911319494247437">
        </Bone>
      </Part>
    </Brick>
  </Bricks>
  <RigidSystems>
    <RigidSystem>
      <Rigid refID="0" transformation="0.010858106426894665,-0.99976849555969238,0.018580963835120201,-0.32525146007537842,0.014040535315871239,0.94552344083786011,-0.94556534290313721,-0.016309961676597595,-0.32502353191375732,0.61007040739059448,5.0379252433776855,1.2698515653610229" boneRefs="0"/>
      <Rigid refID="1" transformation="-1,0,0,0,0.98758077621459961,0.1571117490530014,0,0.1571117490530014,-0.98758083581924438,0.014999568462371826,2.8723030090332031,1.1391128301620483" boneRefs="1"/>
      <Rigid refID="2" transformation="-0.031856369227170944,-0.99923419952392578,0.022724352777004242,0.36180746555328369,0.0096653075888752937,0.93220287561416626,-0.93170851469039917,0.037918537855148315,0.36122256517410278,-0.55863171815872192,5.0398263931274414,1.261726975440979" boneRefs="2"/>
      <Rigid refID="3" transformation="-1,0,0,0,0,1.0000001192092896,0,1.0000001192092896,0,0.0099992752075195313,2.0723030567169189,0.89111298322677612" boneRefs="3,4,5,6,7,8"/>
      <Rigid refID="4" transformation="0.3186606764793396,0.15629160404205322,-0.93489491939544678,-0.066046498715877533,0.98757636547088623,0.14258658885955811,0.94556510448455811,0.016309797763824463,0.32502424716949463,0.42016667127609253,3.1934478282928467,2.8994202613830566" boneRefs="9"/>
      <Rigid refID="5" transformation="-0.3507784903049469,0.16399742662906647,-0.92198657989501953,0.094200074672698975,0.98573166131973267,0.13949671387672424,0.93170851469039917,-0.037918765097856522,-0.36122205853462219,-0.34650355577468872,3.1907896995544434,2.8888554573059082" boneRefs="10"/>
      <Rigid refID="6" transformation="0.99999994039535522,0,0,0,-0.60976248979568481,0.7925841212272644,0,-0.7925841212272644,-0.60976248979568481,-0.010000646114349365,1.8053258657455444,-1.5163666009902954" boneRefs="11,12"/>
      <Rigid refID="7" transformation="-1,0,0,0,0.98095536231994629,0.19423432648181915,0,0.19423432648181915,-0.98095518350601196,0.40000003576278687,0.87050771713256836,-0.07597658783197403" boneRefs="13,14"/>
      <Rigid refID="8" transformation="0,0.20171302556991577,-0.97944468259811401,0,0.97944474220275879,0.20171302556991577,1,0,0,-0.61000043153762817,0.70753192901611328,-0.92712491750717163" boneRefs="15,16,17"/>
      <Rigid refID="9" transformation="0,0.20171301066875458,-0.97944468259811401,0,0.97944474220275879,0.20171301066875458,1,0,0,0.60999983549118042,0.70753204822540283,-0.92712491750717163" boneRefs="18,19,20"/>
      <Rigid refID="10" transformation="0,0,-1,0,0.99999994039535522,0,1,0,0,0.60999983549118042,0.7043030858039856,0.81911295652389526" boneRefs="21,22,23"/>
      <Rigid refID="11" transformation="0,0,-1,0,0.99999994039535522,0,1,0,0,-0.61000043153762817,0.7043030858039856,0.81911295652389526" boneRefs="24,25,26"/>
      <Joint type="hinge">
        <RigidRef rigidRef="1" a="0.94556504487991333,-0.067172296345233917,0.31842532753944397" z="0.31930509209632874,0.0025063792709261179,-0.94764876365661621" t="-0.46115347743034363,0.57342708110809326,-0.018603159114718437"/>
        <RigidRef rigidRef="0" a="0,0,1" z="0.28225299715995789,-0.95934009552001953,0" t="1.6000000238418579,0,0.15999999642372131"/>
      </Joint>
      <Joint type="hinge">
        <RigidRef rigidRef="3" a="1,0,0" z="0,1,0" t="0.15999969840049744,0.24799999594688416,0.80000001192092896"/>
        <RigidRef rigidRef="1" a="1,0,0" z="0,0,-1" t="0.16500000655651093,0,0"/>
      </Joint>
      <Joint type="hinge">
        <RigidRef rigidRef="5" a="0,0,1" z="0.28225299715995789,-0.95934009552001953,0" t="1.6000000238418579,0,0.15999999642372131"/>
        <RigidRef rigidRef="1" a="-0.93170833587646484,-0.094200275838375092,0.35077911615371704" z="0.35234585404396057,0,0.93586993217468262" t="0.77367526292800903,0.60173404216766357,-0.12376617640256882"/>
      </Joint>
      <Joint type="hinge">
        <RigidRef rigidRef="1" a="0.93170833587646484,0.094200275838375092,-0.35077911615371704" z="0.35234585404396057,0,0.93586993217468262" t="0.77367496490478516,0.60173404216766357,-0.12376605719327927"/>
        <RigidRef rigidRef="2" a="0,0,1" z="0.28225299715995789,-0.95934009552001953,0" t="1.6000000238418579,0,0.15999996662139893"/>
      </Joint>
      <Joint type="hinge">
        <RigidRef rigidRef="4" a="0,0,1" z="0.28225299715995789,-0.95934009552001953,0" t="1.6000000238418579,0,-0.1600000411272049"/>
        <RigidRef rigidRef="1" a="-0.94556504487991333,0.067172296345233917,-0.31842532753944397" z="0.31930509209632874,0.0025063792709261179,-0.94764876365661621" t="-0.76373368501663208,0.59492212533950806,-0.12049906700849533"/>
      </Joint>
      <Joint type="hinge">
        <RigidRef rigidRef="7" a="-1,0,0" z="0,0,-1" t="0.23000086843967438,0.56800085306167603,-0.79999953508377075"/>
        <RigidRef rigidRef="3" a="-1,0,0" z="0,1,0" t="-0.15999989211559296,-0.071999959647655487,-0.7999998927116394"/>
      </Joint>
      <Joint type="hinge">
        <RigidRef rigidRef="7" a="1,0,0" z="0,0,1" t="0.57000058889389038,0.24799998104572296,0.80000001192092896"/>
        <RigidRef rigidRef="6" a="-1,0,0" z="0,0,1" t="-0.15999993681907654,0.88799995183944702,0"/>
      </Joint>
      <Joint type="hinge">
        <RigidRef rigidRef="10" a="0,0,1" z="1,0,0" t="0,0.56800001859664917,0.15999999642372131"/>
        <RigidRef rigidRef="7" a="-1,0,0" z="0,0,1" t="-0.36999970674514771,0.56800085306167603,-0.79999959468841553"/>
      </Joint>
      <Joint type="hinge">
        <RigidRef rigidRef="11" a="0,0,1" z="1,0,0" t="0,0.56800001859664917,-0.1600000411272049"/>
        <RigidRef rigidRef="7" a="-1,0,0" z="0,0,-1" t="1.1700006723403931,0.56800085306167603,-0.79999947547912598"/>
      </Joint>
      <Joint type="hinge">
        <RigidRef rigidRef="7" a="-1,0,0" z="0,0,1" t="-0.36999985575675964,0.24799999594688416,0.80000001192092896"/>
        <RigidRef rigidRef="9" a="0,0,1" z="1,0,0" t="0,0.56800001859664917,0.15999999642372131"/>
      </Joint>
      <Joint type="hinge">
        <RigidRef rigidRef="7" a="-1,0,0" z="0,0,-1" t="0.85000032186508179,0.24800004065036774,0.80000001192092896"/>
        <RigidRef rigidRef="8" a="0,0,1" z="1,0,0" t="0,0.56800001859664917,0.15999999642372131"/>
      </Joint>
    </RigidSystem>
  </RigidSystems>
  <GroupSystems>
    <GroupSystem>
    </GroupSystem>
  </GroupSystems>
  <BuildingInstructions>
  </BuildingInstructions>
</LXFML>
