<?xml version="1.0" encoding="UTF-8" standalone="no" ?>
<LXFML versionMajor="5" versionMinor="0" name="pq_robodog">
  <Meta>
    <Application name="LEGO Digital Designer" versionMajor="4" versionMinor="1"/>
    <Brand name="LEGOUniverse"/>
    <BrickSet version="385"/>
  </Meta>
  <Cameras>
    <Camera refID="0" fieldOfView="80" distance="50.727371215820312" transformation="-0.99995404481887817,0,-0.0095970025286078453,-0.0087454859167337418,0.41180360317230225,0.91123080253601074,0.0039520803838968277,0.91127270460128784,-0.41178464889526367,0.61047536134719849,50.628215789794922,-18.491147994995117"/>
  </Cameras>
  <Bricks cameraRef="0">
    <Brick refID="0" designID="50746">
      <Part refID="0" designID="50746" materials="43">
        <Bone refID="0" transformation="0,0.0049717985093593597,-0.99998766183853149,0.90630793571472168,-0.42261272668838501,-0.0021011282224208117,-0.42261803150177002,-0.90629673004150391,-0.0045059411786496639,1.0462105274200439,3.3278074264526367,2.1016645431518555">
        </Bone>
      </Part>
    </Brick>
    <Brick refID="1" designID="6019">
      <Part refID="1" designID="6019" materials="199">
        <Bone refID="1" transformation="0,0.0049719722010195255,-0.99998766183853149,0.90630799531936646,-0.42261254787445068,-0.0021012171637266874,-0.42261791229248047,-0.90629690885543823,-0.004506072960793972,0.75619137287139893,3.4630434513092041,2.1023366451263428">
        </Bone>
      </Part>
    </Brick>
    <Brick refID="2" designID="4599">
      <Part refID="2" designID="4599" materials="194">
        <Bone refID="2" transformation="-0.70710647106170654,0.70709848403930664,0.0035154346842318773,0,0.004971690010279417,-0.99998784065246582,-0.70710718631744385,-0.70709788799285889,-0.0035152246709913015,0.64286249876022339,2.6308114528656006,2.578204870223999">
        </Bone>
      </Part>
    </Brick>
    <Brick refID="3" designID="6141">
      <Part refID="3" designID="6141" materials="23">
        <Bone refID="3" transformation="0.7071070671081543,-0.70709800720214844,-0.0035155678633600473,0,-0.004971685353666544,0.99998778104782104,-0.70710676908493042,-0.70709824562072754,-0.0035154998768121004,0.01000136137008667,1.9967654943466187,2.815065860748291">
        </Bone>
      </Part>
    </Brick>
    <Brick refID="4" designID="3024">
      <Part refID="4" designID="3024" materials="199">
        <Bone refID="4" transformation="0.7071070671081543,-0.70709788799285889,-0.0035156507510691881,0,-0.0049717584624886513,0.99998778104782104,-0.70710653066635132,-0.70709818601608276,-0.0035155240911990404,0.010001217015087605,1.9983566999435425,2.4950695037841797">
        </Bone>
      </Part>
    </Brick>
    <Brick refID="5" designID="3024">
      <Part refID="5" designID="3024" materials="199">
        <Bone refID="5" transformation="0.7071070671081543,-0.70709788799285889,-0.0035156507510691881,0,-0.0049717584624886513,0.99998778104782104,-0.70710653066635132,-0.70709818601608276,-0.0035155240911990404,0.010001217015087605,1.9999476671218872,2.1750729084014893">
        </Bone>
      </Part>
    </Brick>
    <Brick refID="6" designID="4733">
      <Part refID="6" designID="4733" materials="199">
        <Bone refID="6" transformation="0.7071070671081543,-0.70709788799285889,-0.0035156507510691881,0,-0.0049717584624886513,0.99998778104782104,-0.70710653066635132,-0.70709818601608276,-0.0035155240911990404,0.010001217015087605,2.0047206878662109,1.2150849103927612">
        </Bone>
      </Part>
    </Brick>
    <Brick refID="7" designID="50746">
      <Part refID="7" designID="50746" materials="199">
        <Bone refID="7" transformation="0,0.004972109105437994,-0.99998766183853149,0.70710659027099609,-0.70709806680679321,-0.0035157839301973581,-0.70710676908493042,-0.70709782838821411,-0.0035158502869307995,0.29284378886222839,1.7190994024276733,1.7731729745864868">
        </Bone>
      </Part>
    </Brick>
    <Brick refID="8" designID="6141">
      <Part refID="8" designID="6141" materials="194">
        <Bone refID="8" transformation="0.7071070671081543,-0.70709788799285889,-0.0035156507510691881,0,-0.0049717584624886513,0.99998778104782104,-0.70710653066635132,-0.70709818601608276,-0.0035155240911990404,0.010001217015087605,2.0063116550445557,0.89508903026580811">
        </Bone>
      </Part>
    </Brick>
    <Brick refID="9" designID="6019">
      <Part refID="9" designID="6019" materials="199">
        <Bone refID="9" transformation="0.99999982118606567,0,0,0,-0.0049717659130692482,0.99998766183853149,0,-0.99998754262924194,-0.0049717654474079609,0.010001217015087605,2.0079023838043213,0.57509273290634155">
        </Bone>
      </Part>
    </Brick>
    <Brick refID="10" designID="50746">
      <Part refID="10" designID="50746" materials="199">
        <Bone refID="10" transformation="0,-0.004972109105437994,0.99998766183853149,-0.70710659027099609,-0.70709800720214844,-0.0035157839301973581,0.70710676908493042,-0.70709788799285889,-0.0035158502869307995,-0.27284139394760132,1.7190994024276733,1.7731732130050659">
        </Bone>
      </Part>
    </Brick>
    <Brick refID="11" designID="6019">
      <Part refID="11" designID="6019" materials="199">
        <Bone refID="11" transformation="0,-0.0049720532260835171,0.99998778104782104,-0.90630793571472168,-0.42261281609535217,-0.0021012991201132536,0.42261818051338196,-0.90629673004150391,-0.0045060706324875355,-0.73618966341018677,3.4630434513092041,2.1023361682891846">
        </Bone>
      </Part>
    </Brick>
    <Brick refID="12" designID="50746">
      <Part refID="12" designID="50746" materials="43">
        <Bone refID="12" transformation="0,-0.0049718800000846386,0.99998778104782104,-0.9063078761100769,-0.42261293530464172,-0.0021012097131460905,0.42261826992034912,-0.90629667043685913,-0.0045059393160045147,-1.0262079238891602,3.3278069496154785,2.1016640663146973">
        </Bone>
      </Part>
    </Brick>
    <Brick refID="13" designID="4599">
      <Part refID="13" designID="4599" materials="194">
        <Bone refID="13" transformation="-0.70710653066635132,-0.70709836483001709,-0.0035149869509041309,0,0.0049715619534254074,-0.99998778104782104,0.7071070671081543,-0.70709794759750366,-0.0035155033692717552,-0.62285977602005005,2.6308116912841797,2.578204870223999">
        </Bone>
      </Part>
    </Brick>
    <Brick refID="14" designID="3069">
      <Part refID="14" designID="3069" materials="199,0" decoration="60382">
        <Bone refID="14" transformation="1,0,0,0,0.98095530271530151,0.19423329830169678,0,-0.19423329830169678,0.98095530271530151,-0.40022259950637817,1.4326951503753662,0.048333436250686646">
        </Bone>
      </Part>
    </Brick>
    <Brick refID="15" designID="2540">
      <Part refID="15" designID="2540" materials="194">
        <Bone refID="15" transformation="1,0,0,0,0.98095530271530151,0.19423329830169678,0,-0.19423329830169678,0.98095530271530151,-0.40000015497207642,1.1187893152236938,-0.013821537606418133">
        </Bone>
      </Part>
    </Brick>
    <Brick refID="16" designID="2540">
      <Part refID="16" designID="2540" materials="194">
        <Bone refID="16" transformation="-1,0,0,0,0.98095536231994629,0.19423431158065796,0,0.19423432648181915,-0.98095524311065674,0.40000003576278687,0.80488348007202148,-0.075976580381393433">
        </Bone>
      </Part>
    </Brick>
    <Brick refID="17" designID="50746">
      <Part refID="17" designID="50746" materials="43">
        <Bone refID="17" transformation="-1,0,0,0,-0.0049712145701050758,0.99998778104782104,0,0.99998778104782104,0.0049715340137481689,0.78800123929977417,0.40630930662155151,0.89146465063095093">
        </Bone>
      </Part>
    </Brick>
    <Brick refID="18" designID="4081">
      <Part refID="18" designID="4081" materials="199">
        <Bone refID="18" transformation="-1,0,0,0,-0.0049712145701050758,0.99998778104782104,0,0.99998778104782104,0.0049715340137481689,0.78800117969512939,0.40790027379989624,0.5714685320854187">
        </Bone>
      </Part>
    </Brick>
    <Brick refID="19" designID="50746">
      <Part refID="19" designID="50746" materials="43">
        <Bone refID="19" transformation="-1,0,0,0,-0.0049712145701050758,0.99998778104782104,0,0.99998778104782104,0.0049715340137481689,0.78800219297409058,0.40317875146865845,-0.74021857976913452">
        </Bone>
      </Part>
    </Brick>
    <Brick refID="20" designID="4081">
      <Part refID="20" designID="4081" materials="199">
        <Bone refID="20" transformation="-1,0,0,0,-0.0049712145701050758,0.99998778104782104,0,0.99998778104782104,0.0049715340137481689,0.78800225257873535,0.40476962924003601,-1.060214638710022">
        </Bone>
      </Part>
    </Brick>
    <Brick refID="21" designID="6141">
      <Part refID="21" designID="6141" materials="23">
        <Bone refID="21" transformation="1,0,0,0,0.86850070953369141,-0.49568793177604675,0,0.49568793177604675,0.86850070953369141,-0.0099981427192687988,2.7703125476837158,-1.7064634561538696">
        </Bone>
      </Part>
    </Brick>
    <Brick refID="22" designID="64567">
      <Part refID="22" designID="64567" materials="194">
        <Bone refID="22" transformation="1,0,0,0,-0.86850064992904663,0.49568802118301392,0,-0.49568802118301392,-0.86850064992904663,-0.0099981427192687988,2.9311492443084717,-1.798580527305603">
        </Bone>
      </Part>
    </Brick>
    <Brick refID="23" designID="2555">
      <Part refID="23" designID="2555" materials="199">
        <Bone refID="23" transformation="0,-0.49568787217140198,-0.86850076913833618,0,-0.86850070953369141,0.49568787217140198,-1,0,0,-0.0099981427192687988,1.6968566179275513,-1.0941216945648193">
        </Bone>
      </Part>
    </Brick>
    <Brick refID="24" designID="50746">
      <Part refID="24" designID="50746" materials="43">
        <Bone refID="24" transformation="-1,0,0,0,-0.0049712145701050758,0.99998778104782104,0,0.99998778104782104,0.0049715340137481689,-0.78799992799758911,0.40630942583084106,0.89146554470062256">
        </Bone>
      </Part>
    </Brick>
    <Brick refID="25" designID="4081">
      <Part refID="25" designID="4081" materials="199">
        <Bone refID="25" transformation="-1,0,0,0,-0.0049712145701050758,0.99998778104782104,0,0.99998778104782104,0.0049715340137481689,-0.78799992799758911,0.40790033340454102,0.57146948575973511">
        </Bone>
      </Part>
    </Brick>
    <Brick refID="26" designID="50746">
      <Part refID="26" designID="50746" materials="43">
        <Bone refID="26" transformation="-1,0,0,0,-0.0049712145701050758,0.99998778104782104,0,0.99998778104782104,0.0049715340137481689,-0.81799870729446411,0.40317782759666443,-0.74003511667251587">
        </Bone>
      </Part>
    </Brick>
    <Brick refID="27" designID="4081">
      <Part refID="27" designID="4081" materials="199">
        <Bone refID="27" transformation="-1,0,0,0,-0.0049712145701050758,0.99998778104782104,0,0.99998778104782104,0.0049715340137481689,-0.81799858808517456,0.40476968884468079,-1.060214638710022">
        </Bone>
      </Part>
    </Brick>
  </Bricks>
  <RigidSystems>
    <RigidSystem>
      <Rigid refID="0" transformation="0,0.0049717985093593597,-0.99998766183853149,0.90630793571472168,-0.42261272668838501,-0.0021011282224208117,-0.42261803150177002,-0.90629673004150391,-0.0045059411786496639,1.0462105274200439,3.3278074264526367,2.1016645431518555" boneRefs="0,1"/>
      <Rigid refID="1" transformation="-0.70710647106170654,0.70709848403930664,0.0035154346842318773,0,0.004971690010279417,-0.99998784065246582,-0.70710718631744385,-0.70709788799285889,-0.0035152246709913015,0.64286249876022339,2.6308114528656006,2.578204870223999" boneRefs="2"/>
      <Rigid refID="2" transformation="0.7071070671081543,-0.70709800720214844,-0.0035155678633600473,0,-0.004971685353666544,0.99998778104782104,-0.70710676908493042,-0.70709824562072754,-0.0035154998768121004,0.01000136137008667,1.9967654943466187,2.815065860748291" boneRefs="3,4,5,6,7,8,9,10"/>
      <Rigid refID="3" transformation="0,-0.0049720532260835171,0.99998778104782104,-0.90630793571472168,-0.42261281609535217,-0.0021012991201132536,0.42261818051338196,-0.90629673004150391,-0.0045060706324875355,-0.73618966341018677,3.4630434513092041,2.1023361682891846" boneRefs="11,12"/>
      <Rigid refID="4" transformation="-0.70710653066635132,-0.70709836483001709,-0.0035149869509041309,0,0.0049715619534254074,-0.99998778104782104,0.7071070671081543,-0.70709794759750366,-0.0035155033692717552,-0.62285977602005005,2.6308116912841797,2.578204870223999" boneRefs="13"/>
      <Rigid refID="5" transformation="1,0,0,0,0.98095530271530151,0.19423329830169678,0,-0.19423329830169678,0.98095530271530151,-0.40022259950637817,1.4326951503753662,0.048333436250686646" boneRefs="14,15,16"/>
      <Rigid refID="6" transformation="-1,0,0,0,-0.0049712145701050758,0.99998778104782104,0,0.99998778104782104,0.0049715340137481689,0.78800123929977417,0.40630930662155151,0.89146465063095093" boneRefs="17,18"/>
      <Rigid refID="7" transformation="-1,0,0,0,-0.0049712145701050758,0.99998778104782104,0,0.99998778104782104,0.0049715340137481689,0.78800219297409058,0.40317875146865845,-0.74021857976913452" boneRefs="19,20"/>
      <Rigid refID="8" transformation="1,0,0,0,0.86850070953369141,-0.49568793177604675,0,0.49568793177604675,0.86850070953369141,-0.0099981427192687988,2.7703125476837158,-1.7064634561538696" boneRefs="21,22,23"/>
      <Rigid refID="9" transformation="-1,0,0,0,-0.0049712145701050758,0.99998778104782104,0,0.99998778104782104,0.0049715340137481689,-0.78799992799758911,0.40630942583084106,0.89146554470062256" boneRefs="24,25"/>
      <Rigid refID="10" transformation="-1,0,0,0,-0.0049712145701050758,0.99998778104782104,0,0.99998778104782104,0.0049715340137481689,-0.81799870729446411,0.40317782759666443,-0.74003511667251587" boneRefs="26,27"/>
      <Joint type="hinge">
        <RigidRef rigidRef="1" a="0,1,0" z="-1,0,0" t="0,0.6400001049041748,0"/>
        <RigidRef rigidRef="0" a="1,0,0" z="0,1,0" t="0.16000048816204071,-0.072000391781330109,0.80000030994415283"/>
      </Joint>
      <Joint type="hinge">
        <RigidRef rigidRef="2" a="0,0,1" z="1,0,0" t="0,-1.0400004386901855,-0.57786208391189575"/>
        <RigidRef rigidRef="1" a="0,0,1" z="-1,0,0" t="0,0.79998999834060669,0.31713828444480896"/>
      </Joint>
      <Joint type="hinge">
        <RigidRef rigidRef="4" a="0,0,1" z="-1,0,0" t="0,0.79998999834060669,0.64500051736831665"/>
        <RigidRef rigidRef="2" a="1,0,0" z="0,0,-1" t="-0.25000035762786865,-1.0400004386901855,0"/>
      </Joint>
      <Joint type="hinge">
        <RigidRef rigidRef="5" a="1,0,0" z="0,0,1" t="0.57022380828857422,-0.072000183165073395,0.79999971389770508"/>
        <RigidRef rigidRef="2" a="0.70710688829421997,0,-0.70710670948028564" z="0,1,0" t="0.678821861743927,-1.9920005798339844,0.4525483250617981"/>
      </Joint>
      <Joint type="hinge">
        <RigidRef rigidRef="4" a="0,-1,0" z="-1,0,0" t="0,0.32000046968460083,0"/>
        <RigidRef rigidRef="3" a="1,0,0" z="0,1,0" t="0.15999999642372131,0.24799999594688416,0.80000001192092896"/>
      </Joint>
      <Joint type="hinge">
        <RigidRef rigidRef="5" a="1,0,0" z="0,0,-1" t="1.2002224922180176,-0.072000168263912201,0.79999971389770508"/>
        <RigidRef rigidRef="6" a="-1,0,0" z="0,0,1" t="-0.011998672969639301,-0.076331049203872681,0.80000019073486328"/>
      </Joint>
      <Joint type="hinge">
        <RigidRef rigidRef="5" a="1,0,0" z="0,0,-1" t="1.2002226114273071,-0.39199954271316528,-0.80000054836273193"/>
        <RigidRef rigidRef="7" a="-1,0,0" z="0,0,1" t="-0.011997819878160954,-0.076330989599227905,0.80000007152557373"/>
      </Joint>
      <Joint type="hinge">
        <RigidRef rigidRef="8" a="-1,0,0" z="0,0,-1" t="0.16000001132488251,-1.8038277626037598,-0.00027985952328890562"/>
        <RigidRef rigidRef="5" a="-1,0,0" z="0,0,-1" t="0.5502244234085083,-0.3919995129108429,-0.80000048875808716"/>
      </Joint>
      <Joint type="hinge">
        <RigidRef rigidRef="9" a="-1,0,0" z="0,0,1" t="0.012000180780887604,-0.076330974698066711,0.80000013113021851"/>
        <RigidRef rigidRef="5" a="1,0,0" z="0,0,1" t="-0.39977756142616272,-0.072000168263912201,0.79999971389770508"/>
      </Joint>
      <Joint type="hinge">
        <RigidRef rigidRef="10" a="-1,0,0" z="0,0,1" t="-0.017998667433857918,-0.07651442289352417,0.80000019073486328"/>
        <RigidRef rigidRef="5" a="1,0,0" z="0,0,1" t="-0.39977747201919556,-0.3919995129108429,-0.80000036954879761"/>
      </Joint>
    </RigidSystem>
  </RigidSystems>
  <GroupSystems>
    <GroupSystem>
    </GroupSystem>
  </GroupSystems>
  <BuildingInstructions>
  </BuildingInstructions>
</LXFML>
