<?xml version="1.0" encoding="UTF-8" standalone="no" ?>
<LXFML versionMajor="5" versionMinor="0" name="pq_trike">
  <Meta>
    <Application name="LEGO Digital Designer" versionMajor="4" versionMinor="1"/>
    <Brand name="LEGOUniverse"/>
    <BrickSet version="385"/>
  </Meta>
  <Cameras>
    <Camera refID="0" fieldOfView="80" distance="48.053428649902344" transformation="-0.99285691976547241,0,-0.11931134015321732,-0.10445078462362289,0.48331370949745178,0.8691939115524292,0.057664792984724045,0.87544727325439453,-0.47986125946044922,-2.3283708095550537,43.614406585693359,-22.875839233398437"/>
  </Cameras>
  <Bricks cameraRef="0">
    <Brick refID="0" designID="53451">
      <Part refID="0" designID="53451" materials="1">
        <Bone refID="0" transformation="0,-0.997314453125,-0.073240175843238831,0,-0.073240078985691071,0.997314453125,-1.0000001192092896,0,0,0.010001003742218018,2.6766884326934814,2.6036434173583984">
        </Bone>
      </Part>
    </Brick>
    <Brick refID="1" designID="4085">
      <Part refID="1" designID="4085" materials="21">
        <Bone refID="1" transformation="-1,0,0,0,-0.073237717151641846,0.99731463193893433,0,0.99731463193893433,0.07323794811964035,0.010000944137573242,1.8810199499130249,2.5452134609222412">
        </Bone>
      </Part>
    </Brick>
    <Brick refID="2" designID="2555">
      <Part refID="2" designID="2555" materials="21">
        <Bone refID="2" transformation="0,-0.99731457233428955,-0.073238208889961243,0,-0.073238253593444824,0.997314453125,-1,0,0,0.010000912472605705,1.8575839996337891,2.864354133605957">
        </Bone>
      </Part>
    </Brick>
    <Brick refID="3" designID="47905">
      <Part refID="3" designID="47905" materials="5">
        <Bone refID="3" transformation="1,0,0,0,-0.073238112032413483,0.99731463193893433,0,-0.99731451272964478,-0.073238112032413483,0.010001091286540031,1.9513286352157593,1.5877909660339355">
        </Bone>
      </Part>
    </Brick>
    <Brick refID="4" designID="3022">
      <Part refID="4" designID="3022" materials="21">
        <Bone refID="4" transformation="0.7071070671081543,0.70520782470703125,0.051787152886390686,0,-0.073237873613834381,0.99731457233428955,0.70710676908493042,-0.70520800352096558,-0.051786895841360092,0.010001150891184807,1.9747649431228638,1.2686502933502197">
        </Bone>
      </Part>
    </Brick>
    <Brick refID="5" designID="6019">
      <Part refID="5" designID="6019" materials="21">
        <Bone refID="5" transformation="0,0.18738158047199249,0.98228728771209717,1.0000001192092896,0,0,0,0.98228728771209717,-0.18738150596618652,0.41000065207481384,1.909497857093811,2.1574208736419678">
        </Bone>
      </Part>
    </Brick>
    <Brick refID="6" designID="3024">
      <Part refID="6" designID="3024" materials="21">
        <Bone refID="6" transformation="1,0,0,0,-0.073238112032413483,0.99731463193893433,0,-0.99731451272964478,-0.073238112032413483,0.010001210495829582,1.9982013702392578,0.94950962066650391">
        </Bone>
      </Part>
    </Brick>
    <Brick refID="7" designID="6019">
      <Part refID="7" designID="6019" materials="21">
        <Bone refID="7" transformation="0,-0.18738164007663727,-0.98228722810745239,-1,0,0,0,0.98228734731674194,-0.18738159537315369,-0.38999953866004944,1.909497857093811,2.1574208736419678">
        </Bone>
      </Part>
    </Brick>
    <Brick refID="8" designID="6019">
      <Part refID="8" designID="6019" materials="21">
        <Bone refID="8" transformation="1,0,0,0,-0.073238112032413483,0.99731463193893433,0,-0.99731451272964478,-0.073238112032413483,0.010001270100474358,2.0216372013092041,0.63036876916885376">
        </Bone>
      </Part>
    </Brick>
    <Brick refID="9" designID="53451">
      <Part refID="9" designID="53451" materials="1">
        <Bone refID="9" transformation="-0.17364802956581116,-0.96736419200897217,0.18453463912010193,0,0.1873815506696701,0.98228734731674194,-0.98480784893035889,0.17057228088378906,-0.032538697123527527,0.6580008864402771,2.665346622467041,1.8503497838973999">
        </Bone>
      </Part>
    </Brick>
    <Brick refID="10" designID="53451">
      <Part refID="10" designID="53451" materials="1">
        <Bone refID="10" transformation="0.1736484169960022,-0.96736413240432739,0.18453468382358551,0,0.18738147616386414,0.98228728771209717,-0.98480778932571411,-0.17057256400585175,0.032538358122110367,-0.63799959421157837,2.6653463840484619,1.8503497838973999">
        </Bone>
      </Part>
    </Brick>
    <Brick refID="11" designID="3039">
      <Part refID="11" designID="3039" materials="21,0" decoration="0">
        <Bone refID="11" transformation="-1,0,0,0,0.98095530271530151,0.1942342221736908,0,0.1942342221736908,-0.98095512390136719,0.40000075101852417,1.4316384792327881,0.048333421349525452">
        </Bone>
      </Part>
    </Brick>
    <Brick refID="12" designID="2540">
      <Part refID="12" designID="2540" materials="5">
        <Bone refID="12" transformation="1,0,0,0,0.98095536231994629,0.19423268735408783,0,-0.19423268735408783,0.98095536231994629,-0.40000015497207642,1.1177327632904053,-0.013821502216160297">
        </Bone>
      </Part>
    </Brick>
    <Brick refID="13" designID="2540">
      <Part refID="13" designID="2540" materials="5">
        <Bone refID="13" transformation="-1,0,0,0,0.98095530271530151,0.19423432648181915,0,0.19423432648181915,-0.98095512390136719,0.40000003576278687,0.80382680892944336,-0.075976550579071045">
        </Bone>
      </Part>
    </Brick>
    <Brick refID="14" designID="6141">
      <Part refID="14" designID="6141" materials="21">
        <Bone refID="14" transformation="0,-0.99999392032623291,-0.003490448696538806,1,0,0,0,-0.003490448696538806,0.99999386072158813,0.94593912363052368,1.2052890062332153,0.82297599315643311">
        </Bone>
      </Part>
    </Brick>
    <Brick refID="15" designID="4081">
      <Part refID="15" designID="4081" materials="21">
        <Bone refID="15" transformation="-1,0,0,0,-0.0034899471793323755,0.99999409914016724,0,0.99999403953552246,0.0034898989833891392,0.78800123929977417,0.4064776599407196,0.57265293598175049">
        </Bone>
      </Part>
    </Brick>
    <Brick refID="16" designID="50746">
      <Part refID="16" designID="50746" materials="21">
        <Bone refID="16" transformation="-1,0,0,0,-0.0034899471793323755,0.99999409914016724,0,0.99999403953552246,0.0034898989833891392,0.78800100088119507,0.40536046028137207,0.89265090227127075">
        </Bone>
      </Part>
    </Brick>
    <Brick refID="17" designID="6141">
      <Part refID="17" designID="6141" materials="21">
        <Bone refID="17" transformation="0,-0.99999392032623291,-0.003490448696538806,1,0,0,0,-0.003490448696538806,0.99999386072158813,0.94593936204910278,1.2021583318710327,-0.80870789289474487">
        </Bone>
      </Part>
    </Brick>
    <Brick refID="18" designID="4081">
      <Part refID="18" designID="4081" materials="21">
        <Bone refID="18" transformation="-1,0,0,0,-0.0034899471793323755,0.99999409914016724,0,0.99999403953552246,0.0034898989833891392,0.78800135850906372,0.40334674715995789,-1.0590308904647827">
        </Bone>
      </Part>
    </Brick>
    <Brick refID="19" designID="50746">
      <Part refID="19" designID="50746" materials="21">
        <Bone refID="19" transformation="-1,0,0,0,-0.0034899471793323755,0.99999409914016724,0,0.99999403953552246,0.0034898989833891392,0.78800123929977417,0.40222960710525513,-0.73903298377990723">
        </Bone>
      </Part>
    </Brick>
    <Brick refID="20" designID="2555">
      <Part refID="20" designID="2555" materials="21">
        <Bone refID="20" transformation="0,-0.99377799034118652,-0.11137972772121429,0,-0.11137967556715012,0.99377799034118652,-1.0000001192092896,0,0,-0.0099988579750061035,1.2657550573348999,-1.3770371675491333">
        </Bone>
      </Part>
    </Brick>
    <Brick refID="21" designID="3062">
      <Part refID="21" designID="3062" materials="21">
        <Bone refID="21" transformation="1,0,0,0,-0.11137948930263519,0.99377793073654175,0,-0.99377793073654175,-0.11137948930263519,-0.0099983243271708488,1.3726794719696045,-2.3310642242431641">
        </Bone>
      </Part>
    </Brick>
    <Brick refID="22" designID="3062">
      <Part refID="22" designID="3062" materials="21">
        <Bone refID="22" transformation="1,0,0,0,-0.11137948930263519,0.99377793073654175,0,-0.99377793073654175,-0.11137948930263519,-0.0099981455132365227,1.4796038866043091,-3.2850916385650635">
        </Bone>
      </Part>
    </Brick>
    <Brick refID="23" designID="4081">
      <Part refID="23" designID="4081" materials="21">
        <Bone refID="23" transformation="-1,0,0,0,-0.0034899462480098009,0.99999386072158813,0,0.99999386072158813,0.0034898982848972082,-0.78799909353256226,0.40647757053375244,0.57265323400497437">
        </Bone>
      </Part>
    </Brick>
    <Brick refID="24" designID="50746">
      <Part refID="24" designID="50746" materials="21">
        <Bone refID="24" transformation="-1,0,0,0,-0.0034899462480098009,0.99999386072158813,0,0.99999386072158813,0.0034898982848972082,-0.78799915313720703,0.40536054968833923,0.8926510214805603">
        </Bone>
      </Part>
    </Brick>
    <Brick refID="25" designID="6141">
      <Part refID="25" designID="6141" materials="21">
        <Bone refID="25" transformation="0,-1.0000001192092896,0,-1.0000001192092896,0,0,0,0,-1,-0.94799894094467163,1.2056223154067993,0.81911295652389526">
        </Bone>
      </Part>
    </Brick>
    <Brick refID="26" designID="30374">
      <Part refID="26" designID="30374" materials="26">
        <Bone refID="26" transformation="1,0,0,0,0.99377810955047607,0.11137804388999939,0,-0.11137804388999939,0.99377810955047607,-0.0099988579750061035,1.2638615369796753,-1.3601425886154175">
        </Bone>
      </Part>
    </Brick>
    <Brick refID="27" designID="4081">
      <Part refID="27" designID="4081" materials="21">
        <Bone refID="27" transformation="-1,0,0,0,-0.0034899462480098009,0.99999386072158813,0,0.99999386072158813,0.0034898982848972082,-0.78799879550933838,0.40334692597389221,-1.0590314865112305">
        </Bone>
      </Part>
    </Brick>
    <Brick refID="28" designID="50746">
      <Part refID="28" designID="50746" materials="21">
        <Bone refID="28" transformation="-1,0,0,0,-0.0034899462480098009,0.99999386072158813,0,0.99999386072158813,0.0034898982848972082,-0.7879987359046936,0.402229905128479,-0.73903352022171021">
        </Bone>
      </Part>
    </Brick>
    <Brick refID="29" designID="6141">
      <Part refID="29" designID="6141" materials="21">
        <Bone refID="29" transformation="0,-1.0000001192092896,0,-1.0000001192092896,0,0,0,0,-1,-0.94799858331680298,1.2024917602539062,-0.81257212162017822">
        </Bone>
      </Part>
    </Brick>
    <Brick refID="30" designID="59900">
      <Part refID="30" designID="59900" materials="21">
        <Bone refID="30" transformation="1,0,0,0,0.11137938499450684,-0.99377793073654175,0,0.99377793073654175,0.11137938499450684,-0.0099985003471374512,1.4796038866043091,-3.2850916385650635">
        </Bone>
      </Part>
    </Brick>
  </Bricks>
  <RigidSystems>
    <RigidSystem>
      <Rigid refID="0" transformation="0,-0.997314453125,-0.073240175843238831,0,-0.073240078985691071,0.997314453125,-1.0000001192092896,0,0,0.010001003742218018,2.6766884326934814,2.6036434173583984" boneRefs="0"/>
      <Rigid refID="1" transformation="-1,0,0,0,-0.073237717151641846,0.99731463193893433,0,0.99731463193893433,0.07323794811964035,0.010000944137573242,1.8810199499130249,2.5452134609222412" boneRefs="1,2,3,4,5,6,7,8"/>
      <Rigid refID="2" transformation="-0.17364802956581116,-0.96736419200897217,0.18453463912010193,0,0.1873815506696701,0.98228734731674194,-0.98480784893035889,0.17057228088378906,-0.032538697123527527,0.6580008864402771,2.665346622467041,1.8503497838973999" boneRefs="9"/>
      <Rigid refID="3" transformation="0.1736484169960022,-0.96736413240432739,0.18453468382358551,0,0.18738147616386414,0.98228728771209717,-0.98480778932571411,-0.17057256400585175,0.032538358122110367,-0.63799959421157837,2.6653463840484619,1.8503497838973999" boneRefs="10"/>
      <Rigid refID="4" transformation="-1,0,0,0,0.98095530271530151,0.1942342221736908,0,0.1942342221736908,-0.98095512390136719,0.40000075101852417,1.4316384792327881,0.048333421349525452" boneRefs="11,12,13"/>
      <Rigid refID="5" transformation="0,-0.99999392032623291,-0.003490448696538806,1,0,0,0,-0.003490448696538806,0.99999386072158813,0.94593912363052368,1.2052890062332153,0.82297599315643311" boneRefs="14,15,16"/>
      <Rigid refID="6" transformation="0,-0.99999392032623291,-0.003490448696538806,1,0,0,0,-0.003490448696538806,0.99999386072158813,0.94593936204910278,1.2021583318710327,-0.80870789289474487" boneRefs="17,18,19"/>
      <Rigid refID="7" transformation="0,-0.99377799034118652,-0.11137972772121429,0,-0.11137967556715012,0.99377799034118652,-1.0000001192092896,0,0,-0.0099988579750061035,1.2657550573348999,-1.3770371675491333" boneRefs="20,21,22"/>
      <Rigid refID="8" transformation="-1,0,0,0,-0.0034899462480098009,0.99999386072158813,0,0.99999386072158813,0.0034898982848972082,-0.78799909353256226,0.40647757053375244,0.57265323400497437" boneRefs="23,24,25"/>
      <Rigid refID="9" transformation="1,0,0,0,0.99377810955047607,0.11137804388999939,0,-0.11137804388999939,0.99377810955047607,-0.0099988579750061035,1.2638615369796753,-1.3601425886154175" boneRefs="26"/>
      <Rigid refID="10" transformation="-1,0,0,0,-0.0034899462480098009,0.99999386072158813,0,0.99999386072158813,0.0034898982848972082,-0.78799879550933838,0.40334692597389221,-1.0590314865112305" boneRefs="27,28,29"/>
      <Rigid refID="11" transformation="1,0,0,0,0.11137938499450684,-0.99377793073654175,0,0.99377793073654175,0.11137938499450684,-0.0099985003471374512,1.4796038866043091,-3.2850916385650635" boneRefs="30"/>
      <Joint type="hinge">
        <RigidRef rigidRef="1" a="0,-1,0" z="1,0,0" t="0,0,0.79781097173690796"/>
        <RigidRef rigidRef="0" a="0,-1,0" z="0,0,1" t="0,0,0"/>
      </Joint>
      <Joint type="hinge">
        <RigidRef rigidRef="4" a="-1,0,0" z="0,0,-1" t="0.22999955713748932,-0.071998849511146545,-0.79999959468841553"/>
        <RigidRef rigidRef="1" a="-1,0,0" z="0,1,0" t="-0.16000038385391235,-1.6720007658004761,-0.79999923706054688"/>
      </Joint>
      <Joint type="hinge">
        <RigidRef rigidRef="1" a="0,0.96592593193054199,0.25881877541542053" z="-1,0,0" t="-0.64800000190734863,-0.75044006109237671,0.73133009672164917"/>
        <RigidRef rigidRef="2" a="0,1,0" z="0,0,1" t="0,0,0"/>
      </Joint>
      <Joint type="hinge">
        <RigidRef rigidRef="1" a="0,-0.96592587232589722,-0.25881895422935486" z="1,0,0" t="0.64800053834915161,-0.75044012069702148,0.73133009672164917"/>
        <RigidRef rigidRef="3" a="0,-1,0" z="0,0,1" t="0,0,0"/>
      </Joint>
      <Joint type="hinge">
        <RigidRef rigidRef="4" a="-1,0,0" z="0,0,1" t="-0.39999908208847046,-0.071998827159404755,-0.7999996542930603"/>
        <RigidRef rigidRef="5" a="0,1,0" z="-1,0,0" t="-0.00032005392131395638,-0.14593921601772308,-0.003864658996462822"/>
      </Joint>
      <Joint type="hinge">
        <RigidRef rigidRef="4" a="-1,0,0" z="0,0,1" t="-0.39999929070472717,-0.39200019836425781,0.80000001192092896"/>
        <RigidRef rigidRef="6" a="0,1,0" z="-1,0,0" t="-0.00031981550273485482,-0.14593935012817383,-0.0038646291941404343"/>
      </Joint>
      <Joint type="hinge">
        <RigidRef rigidRef="7" a="0,0,1" z="1,0,0" t="0,0.56800001859664917,-0.1600000411272049"/>
        <RigidRef rigidRef="4" a="1,0,0" z="0,0,1" t="0.24999967217445374,-0.39200019836425781,0.80000001192092896"/>
      </Joint>
      <Joint type="hinge">
        <RigidRef rigidRef="8" a="-1,0,0" z="0,0,1" t="0.012001052498817444,0.24366898834705353,0.80000001192092896"/>
        <RigidRef rigidRef="4" a="-1,0,0" z="0,0,-1" t="1.2000010013580322,-0.071998842060565948,-0.79999953508377075"/>
      </Joint>
      <Joint type="hinge">
        <RigidRef rigidRef="10" a="-1,0,0" z="0,0,1" t="0.012001261115074158,0.24366898834705353,0.80000001192092896"/>
        <RigidRef rigidRef="4" a="-1,0,0" z="0,0,-1" t="1.2000007629394531,-0.39200019836425781,0.80000001192092896"/>
      </Joint>
      <Joint type="hinge">
        <RigidRef rigidRef="9" a="0,0,1" z="1,0,0" t="0,0,0"/>
        <RigidRef rigidRef="7" a="0,1,0" z="-1,0,0" t="0,0.017000319436192513,0"/>
      </Joint>
      <Joint type="hinge">
        <RigidRef rigidRef="11" a="0,-1,0" z="1,0,0" t="0,0.64999997615814209,0"/>
        <RigidRef rigidRef="9" a="0,0,1" z="1,0,0" t="0,0,-2.5870018005371094"/>
      </Joint>
    </RigidSystem>
  </RigidSystems>
  <GroupSystems>
    <GroupSystem>
    </GroupSystem>
  </GroupSystems>
  <BuildingInstructions>
  </BuildingInstructions>
</LXFML>
