<?xml version="1.0" encoding="UTF-8" standalone="no" ?>
<LXFML versionMajor="5" versionMinor="0" name="pq_warthog">
  <Meta>
    <Application name="LEGO Digital Designer" versionMajor="4" versionMinor="1"/>
    <Brand name="LEGOUniverse"/>
    <BrickSet version="385"/>
  </Meta>
  <Cameras>
    <Camera refID="0" fieldOfView="80" distance="53.053379058837891" transformation="-0.99786186218261719,0,0.065357156097888947,0.056573603302240372,0.500724196434021,0.86375612020492554,-0.032725904136896133,0.86560690402984619,-0.49965345859527588,-6.8355822563171387,47.469532012939453,-26.325170516967773"/>
  </Cameras>
  <Bricks cameraRef="0">
    <Brick refID="0" designID="6141">
      <Part refID="0" designID="6141" materials="5">
        <Bone refID="0" transformation="1,0,0,0,-0.11287914961576462,0.99360883235931396,0,-0.99360883235931396,-0.11287915706634521,-0.010000050067901611,1.3363571166992187,-2.0172252655029297">
        </Bone>
      </Part>
    </Brick>
    <Brick refID="1" designID="6141">
      <Part refID="1" designID="6141" materials="5">
        <Bone refID="1" transformation="1,0,0,0,-0.11287914961576462,0.99360883235931396,0,-0.99360883235931396,-0.11287915706634521,-0.010000050067901611,1.3002358675003052,-1.6992702484130859">
        </Bone>
      </Part>
    </Brick>
    <Brick refID="2" designID="2555">
      <Part refID="2" designID="2555" materials="26">
        <Bone refID="2" transformation="0,0.99360859394073486,0.11287907510995865,0,-0.11287906020879745,0.99360859394073486,1,0,0,-0.010000050067901611,1.2641146183013916,-1.3813158273696899">
        </Bone>
      </Part>
    </Brick>
    <Brick refID="3" designID="6019">
      <Part refID="3" designID="6019" materials="5">
        <Bone refID="3" transformation="-1,0,0,0,0,1,0,1,0,-0.61000049114227295,0.39999943971633911,-1.0649465322494507">
        </Bone>
      </Part>
    </Brick>
    <Brick refID="4" designID="50746">
      <Part refID="4" designID="50746" materials="192">
        <Bone refID="4" transformation="-1,0,0,0,0,1,0,1,0,-0.61000090837478638,0.3999994695186615,-0.74494606256484985">
        </Bone>
      </Part>
    </Brick>
    <Brick refID="5" designID="6019">
      <Part refID="5" designID="6019" materials="5">
        <Bone refID="5" transformation="-1,0,0,0,0,1,0,1,0,0.60999983549118042,0.41813629865646362,-1.0694202184677124">
        </Bone>
      </Part>
    </Brick>
    <Brick refID="6" designID="50746">
      <Part refID="6" designID="50746" materials="192">
        <Bone refID="6" transformation="-1,0,0,0,0,1,0,1,0,0.60999983549118042,0.41813629865646362,-0.74941980838775635">
        </Bone>
      </Part>
    </Brick>
    <Brick refID="7" designID="50746">
      <Part refID="7" designID="50746" materials="192">
        <Bone refID="7" transformation="-1,0,0,0,0.9827001690864563,0.18520478904247284,0,0.18520480394363403,-0.9826999306678772,0.40000027418136597,2.2141451835632324,-0.62581485509872437">
        </Bone>
      </Part>
    </Brick>
    <Brick refID="8" designID="3022">
      <Part refID="8" designID="3022" materials="192">
        <Bone refID="8" transformation="1,0,0,0,0.98270010948181152,0.1852039247751236,0,-0.1852039247751236,0.98270010948181152,-0.39999997615814209,1.7515183687210083,0.10107959806919098">
        </Bone>
      </Part>
    </Brick>
    <Brick refID="9" designID="50746">
      <Part refID="9" designID="50746" materials="192">
        <Bone refID="9" transformation="-1,0,0,0,0.98270004987716675,0.18520475924015045,0,0.18520477414131165,-0.98269981145858765,-0.39999997615814209,2.2141451835632324,-0.62581479549407959">
        </Bone>
      </Part>
    </Brick>
    <Brick refID="10" designID="50746">
      <Part refID="10" designID="50746" materials="192">
        <Bone refID="10" transformation="1,0,0,0,0.98270022869110107,0.18520329892635345,0,-0.18520329892635345,0.98270022869110107,0.40000021457672119,2.3804454803466797,0.2196105420589447">
        </Bone>
      </Part>
    </Brick>
    <Brick refID="11" designID="3023">
      <Part refID="11" designID="3023" materials="192">
        <Bone refID="11" transformation="1,0,0,0,0.98270022869110107,0.18520329892635345,0,-0.18520329892635345,0.98270022869110107,-0.39999997615814209,2.0659816265106201,0.16034512221813202">
        </Bone>
      </Part>
    </Brick>
    <Brick refID="12" designID="50746">
      <Part refID="12" designID="50746" materials="192">
        <Bone refID="12" transformation="1,0,0,0,0.98269999027252197,0.18520456552505493,0,-0.18520456552505493,0.98269999027252197,-0.39999997615814209,2.3804459571838379,0.21961064636707306">
        </Bone>
      </Part>
    </Brick>
    <Brick refID="13" designID="3022">
      <Part refID="13" designID="3022" materials="192">
        <Bone refID="13" transformation="1,0,0,0,0.98270022869110107,0.18520329892635345,0,-0.18520329892635345,0.98270022869110107,-0.39999997615814209,1.4370543956756592,0.041814140975475311">
        </Bone>
      </Part>
    </Brick>
    <Brick refID="14" designID="2540">
      <Part refID="14" designID="2540" materials="5">
        <Bone refID="14" transformation="1,0,0,0,0.98095554113388062,0.19423240423202515,0,-0.19423237442970276,0.98095542192459106,-0.40000021457672119,1.112109899520874,-0.01382155530154705">
        </Bone>
      </Part>
    </Brick>
    <Brick refID="15" designID="2540">
      <Part refID="15" designID="2540" materials="5">
        <Bone refID="15" transformation="-1,0,0,0,0.98095536231994629,0.19423434138298035,0,0.19423434138298035,-0.98095518350601196,0.39999997615814209,0.79820418357849121,-0.075976543128490448">
        </Bone>
      </Part>
    </Brick>
    <Brick refID="16" designID="50746">
      <Part refID="16" designID="50746" materials="192">
        <Bone refID="16" transformation="1,0,0,0,0.074090078473091125,-0.99725157022476196,0,0.99725157022476196,0.074090078473091125,0.4099995493888855,2.7716553211212158,1.4996224641799927">
        </Bone>
      </Part>
    </Brick>
    <Brick refID="17" designID="3022">
      <Part refID="17" designID="3022" materials="192">
        <Bone refID="17" transformation="1,0,0,0,0.074090078473091125,-0.99725157022476196,0,0.99725157022476196,0.074090078473091125,-0.39000016450881958,2.7479467391967773,1.8187432289123535">
        </Bone>
      </Part>
    </Brick>
    <Brick refID="18" designID="50746">
      <Part refID="18" designID="50746" materials="192">
        <Bone refID="18" transformation="1,0,0,0,0.074090078473091125,-0.99725157022476196,0,0.99725157022476196,0.074090078473091125,-0.39000016450881958,2.7716553211212158,1.4996224641799927">
        </Bone>
      </Part>
    </Brick>
    <Brick refID="19" designID="49668">
      <Part refID="19" designID="49668" materials="5">
        <Bone refID="19" transformation="1,0,0,0,0.074090078473091125,-0.99725157022476196,0,0.99725157022476196,0.074090078473091125,0.4099995493888855,2.7242376804351807,2.1378636360168457">
        </Bone>
      </Part>
    </Brick>
    <Brick refID="20" designID="49668">
      <Part refID="20" designID="49668" materials="5">
        <Bone refID="20" transformation="1,0,0,0,0.074090078473091125,-0.99725157022476196,0,0.99725157022476196,0.074090078473091125,-0.39000016450881958,2.7242376804351807,2.1378636360168457">
        </Bone>
      </Part>
    </Brick>
    <Brick refID="21" designID="6141">
      <Part refID="21" designID="6141" materials="26">
        <Bone refID="21" transformation="1,0,0,0,0.074090078473091125,-0.99725157022476196,0,0.99725157022476196,0.074090078473091125,0.4099995493888855,2.7005288600921631,2.456984281539917">
        </Bone>
      </Part>
    </Brick>
    <Brick refID="22" designID="6141">
      <Part refID="22" designID="6141" materials="26">
        <Bone refID="22" transformation="1,0,0,0,0.074090078473091125,-0.99725157022476196,0,0.99725157022476196,0.074090078473091125,-0.39000016450881958,2.7005288600921631,2.456984281539917">
        </Bone>
      </Part>
    </Brick>
    <Brick refID="23" designID="3794">
      <Part refID="23" designID="3794" materials="192">
        <Bone refID="23" transformation="1,0,0,0,0.074090078473091125,-0.99725157022476196,0,0.99725157022476196,0.074090078473091125,-0.39000016450881958,1.9738540649414062,1.4403505325317383">
        </Bone>
      </Part>
    </Brick>
    <Brick refID="24" designID="6019">
      <Part refID="24" designID="6019" materials="5">
        <Bone refID="24" transformation="-1,0,0,0,0.074090063571929932,-0.99725157022476196,0,-0.99725157022476196,-0.074090063571929932,0.0099999308586120605,1.9975630044937134,1.1212294101715088">
        </Bone>
      </Part>
    </Brick>
    <Brick refID="25" designID="3023">
      <Part refID="25" designID="3023" materials="192">
        <Bone refID="25" transformation="1,0,0,0,0.074090078473091125,-0.99725157022476196,0,0.99725157022476196,0.074090078473091125,-0.39000016450881958,1.9264363050460815,2.0785915851593018">
        </Bone>
      </Part>
    </Brick>
    <Brick refID="26" designID="3023">
      <Part refID="26" designID="3023" materials="192">
        <Bone refID="26" transformation="1,0,0,0,0.074090078473091125,-0.99725157022476196,0,0.99725157022476196,0.074090078473091125,-0.39000022411346436,1.9027279615402222,2.3977117538452148">
        </Bone>
      </Part>
    </Brick>
    <Brick refID="27" designID="4070">
      <Part refID="27" designID="4070" materials="192">
        <Bone refID="27" transformation="0,-0.99725157022476196,-0.074090227484703064,0,0.074090242385864258,-0.99725157022476196,1,0,0,0.4099995493888855,1.8316010236740112,3.3550732135772705">
        </Bone>
      </Part>
    </Brick>
    <Brick refID="28" designID="4070">
      <Part refID="28" designID="4070" materials="192">
        <Bone refID="28" transformation="0,0.99725157022476196,0.074090227484703064,0,0.074090242385864258,-0.99725157022476196,-1,0,0,-0.39000016450881958,1.8316010236740112,3.3550732135772705">
        </Bone>
      </Part>
    </Brick>
    <Brick refID="29" designID="6019">
      <Part refID="29" designID="6019" materials="5">
        <Bone refID="29" transformation="-1,0,0,0,0,1,0,1,0,0.60999971628189087,0.41813629865646362,0.56663912534713745">
        </Bone>
      </Part>
    </Brick>
    <Brick refID="30" designID="50746">
      <Part refID="30" designID="50746" materials="192">
        <Bone refID="30" transformation="-1,0,0,0,0,1,0,1,0,0.60999983549118042,0.41813629865646362,0.88663887977600098">
        </Bone>
      </Part>
    </Brick>
    <Brick refID="31" designID="6019">
      <Part refID="31" designID="6019" materials="5">
        <Bone refID="31" transformation="-1,0,0,0,0,1,0,1,0,-0.61000055074691772,0.39999943971633911,0.57111275196075439">
        </Bone>
      </Part>
    </Brick>
    <Brick refID="32" designID="50746">
      <Part refID="32" designID="50746" materials="192">
        <Bone refID="32" transformation="-1,0,0,0,0,1,0,1,0,-0.60999995470046997,0.3999994695186615,0.89111268520355225">
        </Bone>
      </Part>
    </Brick>
    <Brick refID="33" designID="53451">
      <Part refID="33" designID="53451" materials="1">
        <Bone refID="33" transformation="0,-0.99725151062011719,0.07409040629863739,1,0,0,0,0.07409040629863739,0.99725151062011719,0.51888960599899292,1.8730915784835815,2.7966125011444092">
        </Bone>
      </Part>
    </Brick>
    <Brick refID="34" designID="53451">
      <Part refID="34" designID="53451" materials="1">
        <Bone refID="34" transformation="0,-0.99725151062011719,-0.074090652167797089,-1,0,0,0,0.074090652167797089,-0.99725151062011719,-0.498890221118927,1.8730915784835815,2.7966125011444092">
        </Bone>
      </Part>
    </Brick>
  </Bricks>
  <RigidSystems>
    <RigidSystem>
      <Rigid refID="0" transformation="1,0,0,0,-0.11287914961576462,0.99360883235931396,0,-0.99360883235931396,-0.11287915706634521,-0.010000050067901611,1.3363571166992187,-2.0172252655029297" boneRefs="0,1,2"/>
      <Rigid refID="1" transformation="-1,0,0,0,0,1,0,1,0,-0.61000049114227295,0.39999943971633911,-1.0649465322494507" boneRefs="3,4"/>
      <Rigid refID="2" transformation="-1,0,0,0,0,1,0,1,0,0.60999983549118042,0.41813629865646362,-1.0694202184677124" boneRefs="5,6"/>
      <Rigid refID="3" transformation="-1,0,0,0,0.9827001690864563,0.18520478904247284,0,0.18520480394363403,-0.9826999306678772,0.40000027418136597,2.2141451835632324,-0.62581485509872437" boneRefs="7,8,9,10,11,12,13,14,15"/>
      <Rigid refID="4" transformation="1,0,0,0,0.074090078473091125,-0.99725157022476196,0,0.99725157022476196,0.074090078473091125,0.4099995493888855,2.7716553211212158,1.4996224641799927" boneRefs="16,17,18,19,20,21,22,23,24,25,26,27,28"/>
      <Rigid refID="5" transformation="-1,0,0,0,0,1,0,1,0,0.60999971628189087,0.41813629865646362,0.56663912534713745" boneRefs="29,30"/>
      <Rigid refID="6" transformation="-1,0,0,0,0,1,0,1,0,-0.61000055074691772,0.39999943971633911,0.57111275196075439" boneRefs="31,32"/>
      <Rigid refID="7" transformation="0,-0.99725151062011719,0.07409040629863739,1,0,0,0,0.07409040629863739,0.99725151062011719,0.51888960599899292,1.8730915784835815,2.7966125011444092" boneRefs="33"/>
      <Rigid refID="8" transformation="0,-0.99725151062011719,-0.074090652167797089,-1,0,0,0,0.074090652167797089,-0.99725151062011719,-0.498890221118927,1.8730915784835815,2.7966125011444092" boneRefs="34"/>
      <Joint type="hinge">
        <RigidRef rigidRef="3" a="-1,0,0" z="0,0.0091964593157172203,0.99995779991149902" t="0.25000029802322388,-1.0342655181884766,-0.0048796222545206547"/>
        <RigidRef rigidRef="0" a="1,0,0" z="0,0,-1" t="0.15999999642372131,1.2079997062683105,0"/>
      </Joint>
      <Joint type="hinge">
        <RigidRef rigidRef="3" a="1,0,0" z="0,-0.0091965207830071449,-0.99995774030685425" t="1.1700007915496826,-1.0342655181884766,-0.0048796222545206547"/>
        <RigidRef rigidRef="1" a="1,0,0" z="0,1,0" t="0.15999999642372131,0.24799999594688416,0.80000001192092896"/>
      </Joint>
      <Joint type="hinge">
        <RigidRef rigidRef="3" a="1,0,0" z="0,0.0091964593157172203,0.99995779991149902" t="-0.36999961733818054,-1.0342655181884766,-0.0048796222545206547"/>
        <RigidRef rigidRef="2" a="1,0,0" z="0,1,0" t="-0.1600000411272049,0.24800001084804535,0.80000001192092896"/>
      </Joint>
      <Joint type="hinge">
        <RigidRef rigidRef="6" a="1,0,0" z="0,1,0" t="0.15999999642372131,0.24799999594688416,0.80000001192092896"/>
        <RigidRef rigidRef="3" a="1,0,0" z="0,-0.0091944867745041847,-0.99995779991149902" t="1.1700009107589722,-0.72899186611175537,-1.6077542304992676"/>
      </Joint>
      <Joint type="hinge">
        <RigidRef rigidRef="3" a="1,0,0" z="0,-0.0091944867745041847,-0.99995779991149902" t="0.55000054836273193,-0.72899186611175537,-1.6077542304992676"/>
        <RigidRef rigidRef="4" a="-1,0,0" z="0,1,0" t="-0.55999970436096191,0.5680004358291626,-1.5999999046325684"/>
      </Joint>
      <Joint type="hinge">
        <RigidRef rigidRef="5" a="1,0,0" z="0,1,0" t="-0.1600000411272049,0.24800001084804535,0.80000001192092896"/>
        <RigidRef rigidRef="3" a="1,0,0" z="0,0.0091944253072142601,0.99995774030685425" t="-0.36999934911727905,-0.7289918065071106,-1.6077543497085571"/>
      </Joint>
      <Joint type="hinge">
        <RigidRef rigidRef="4" a="1,0,0" z="0,0,-1" t="0.15710996091365814,-1.3599997758865356,-0.7999998927116394"/>
        <RigidRef rigidRef="7" a="0,1,0" z="0,0,1" t="0,0.048219859600067139,0"/>
      </Joint>
      <Joint type="hinge">
        <RigidRef rigidRef="4" a="-1,0,0" z="0,0,1" t="-0.95710968971252441,-1.3599997758865356,-0.79999995231628418"/>
        <RigidRef rigidRef="8" a="0,1,0" z="0,0,1" t="0,0.048219859600067139,0"/>
      </Joint>
    </RigidSystem>
  </RigidSystems>
  <GroupSystems>
    <GroupSystem>
    </GroupSystem>
  </GroupSystems>
  <BuildingInstructions>
  </BuildingInstructions>
</LXFML>
