<?xml version="1.0" encoding="UTF-8" standalone="no" ?>
<LXFML versionMajor="5" versionMinor="0">
  <Meta>
    <Application name="LEGO Universe" versionMajor="0" versionMinor="0"/>
    <Brand name="LEGOUniverse"/>
    <BrickSet version="238"/>
  </Meta>
  <Bricks>
    <Brick refID="0" designID="4274">
      <Part refID="0" designID="4274" materials="194">
        <Bone refID="0" transformation="0,-1,0,0.99999994039535522,0,-0.0003658037749119103,0.0003658037749119103,0,0.99999994039535522,-0.00029227510094642639,2.1700003147125244,-0.7999996542930603">
        </Bone>
      </Part>
    </Brick>
    <Brick refID="1" designID="2431">
      <Part refID="1" designID="2431" materials="199,0" decoration="0">
        <Bone refID="1" transformation="0,-1.0000001192092896,0,-0.00036535708932206035,0,-1,1,0,-0.00036519407876767218,-0.00058489665389060974,4.6300005912780762,-1.5999995470046997">
        </Bone>
      </Part>
    </Brick>
    <Brick refID="2" designID="32073">
      <Part refID="2" designID="32073" materials="26">
        <Bone refID="2" transformation="1,0,0,0,0,1,0,-1,0,0,1.8000004291534424,0">
        </Bone>
      </Part>
    </Brick>
    <Brick refID="3" designID="6222">
      <Part refID="3" designID="6222" materials="192">
        <Bone refID="3" transformation="-0.00036577781429514289,0,-0.99999994039535522,0,0.99999994039535522,0,0.99999994039535522,0,-0.00036577781429514289,0.40043923258781433,4.0500011444091797,1.1998546123504639">
        </Bone>
      </Part>
    </Brick>
    <Brick refID="4" designID="4424">
      <Part refID="4" designID="4424" materials="192">
        <Bone refID="4" transformation="0.00036465353332459927,0,0.99999994039535522,0,-1,0,0.99999994039535522,0,-0.00036465551238507032,0.39985403418540955,1.8000001907348633,-0.40014591813087463">
        </Bone>
      </Part>
    </Brick>
    <Brick refID="5" designID="6222">
      <Part refID="5" designID="6222" materials="192">
        <Bone refID="5" transformation="0.0003649907885119319,0,0.99999994039535522,0,-1,0,0.99999994039535522,0,-0.00036499262205325067,0.39956140518188477,2.760000467300415,-1.2001463174819946">
        </Bone>
      </Part>
    </Brick>
    <Brick refID="6" designID="4274">
      <Part refID="6" designID="4274" materials="194">
        <Bone refID="6" transformation="0,-1,0,0.99999994039535522,0,-0.0003658037749119103,0.0003658037749119103,0,0.99999994039535522,-0.00029227510094642639,4.6300005912780762,-0.7999996542930603">
        </Bone>
      </Part>
    </Brick>
    <Brick refID="7" designID="4274">
      <Part refID="7" designID="4274" materials="194">
        <Bone refID="7" transformation="0,-1.0000001192092896,0,-0.00036535708932206035,0,-1,1,0,-0.00036519407876767218,-0.79999959468841553,4.6300005912780762,0.00029297545552253723">
        </Bone>
      </Part>
    </Brick>
    <Brick refID="8" designID="2431">
      <Part refID="8" designID="2431" materials="199,0" decoration="0">
        <Bone refID="8" transformation="0,-1.0000001192092896,0,-1.0000001192092896,0,0,0,0,-1,-1.5999996662139893,4.6300005912780762,0.00058559700846672058">
        </Bone>
      </Part>
    </Brick>
    <Brick refID="9" designID="4274">
      <Part refID="9" designID="4274" materials="194">
        <Bone refID="9" transformation="0,-1.0000001192092896,0,-0.00036535708932206035,0,-1,1,0,-0.00036519407876767218,-0.79999959468841553,2.1700003147125244,0.00029297545552253723">
        </Bone>
      </Part>
    </Brick>
    <Brick refID="10" designID="73983">
      <Part refID="10" designID="2429" materials="199">
        <Bone refID="10" transformation="-0.96583151817321777,0,0.2591707706451416,0,1,0,-0.2591707706451416,0,-0.96583151817321777,1.5451998710632324,3.4900016784667969,-0.77330523729324341">
        </Bone>
      </Part>
      <Part refID="11" designID="2430" materials="199">
        <Bone refID="11" transformation="-0.7059553861618042,0.00011135336535517126,-0.7082563042640686,2.5887433366733603E-005,1,0.00013141850649844855,0.7082563042640686,7.4440671596676111E-005,-0.7059553861618042,-0.28338617086410522,3.4901027679443359,-0.85031378269195557">
        </Bone>
      </Part>
    </Brick>
    <Brick refID="11" designID="3709">
      <Part refID="12" designID="3709" materials="199">
        <Bone refID="12" transformation="0.965831458568573,0,-0.25917097926139832,0,1,0,0.25917097926139832,0,0.965831458568573,0.97987174987792969,3.1700015068054199,0.20669832825660706">
        </Bone>
      </Part>
    </Brick>
    <Brick refID="12" designID="73983">
      <Part refID="13" designID="2430" materials="199">
        <Bone refID="13" transformation="0.96583133935928345,0,-0.25917142629623413,0,1,0,0.25917142629623413,0,0.96583133935928345,0.97987186908721924,3.4900016784667969,0.20669792592525482">
        </Bone>
      </Part>
      <Part refID="14" designID="2429" materials="199">
        <Bone refID="14" transformation="0.26416862010955811,-8.252143015852198E-005,-0.96447658538818359,-8.2521444710437208E-005,1,-0.0001081633527064696,0.96447658538818359,0.00010816334543051198,0.26416864991188049,-0.0068629803135991096,3.489926815032959,1.74897301197052">
        </Bone>
      </Part>
    </Brick>
    <Brick refID="13" designID="2489">
      <Part refID="15" designID="2489" materials="192">
        <Bone refID="15" transformation="0.96583139896392822,0,-0.25917118787765503,0,1,0,0.25917118787765503,0,0.96583139896392822,2.5252013206481934,3.4900016784667969,-0.20797693729400635">
        </Bone>
      </Part>
    </Brick>
    <Brick refID="14" designID="4519">
      <Part refID="16" designID="4519" materials="199">
        <Bone refID="16" transformation="0.96583110094070435,0,-0.25917208194732666,-0.25917208194732666,0,-0.96583110094070435,0,1,0,2.8078651428222656,4.7500019073486328,-0.69797819852828979">
        </Bone>
      </Part>
    </Brick>
    <Brick refID="15" designID="59900">
      <Part refID="17" designID="59900" materials="199">
        <Bone refID="17" transformation="0.96583116054534912,0,-0.25917211174964905,0,-1,0,-0.25917211174964905,0,-0.96583116054534912,2.8078651428222656,2.8500015735626221,-0.69797819852828979">
        </Bone>
      </Part>
    </Brick>
    <Brick refID="16" designID="59900">
      <Part refID="18" designID="59900" materials="199">
        <Bone refID="18" transformation="-0.96583133935928345,0,0.25917148590087891,0,0.99999994039535522,0,-0.25917148590087891,0,-0.96583133935928345,2.8078651428222656,4.2500019073486328,-0.69797819852828979">
        </Bone>
      </Part>
    </Brick>
    <Brick refID="17" designID="4032">
      <Part refID="19" designID="4032" materials="192">
        <Bone refID="19" transformation="0.96583139896392822,0,-0.25917118787765503,0,1,0,0.25917118787765503,0,0.96583139896392822,2.5252013206481934,2.8500015735626221,-0.20797693729400635">
        </Bone>
      </Part>
    </Brick>
    <Brick refID="18" designID="3709">
      <Part refID="20" designID="3709" materials="199">
        <Bone refID="20" transformation="0.70736557245254517,0,0.7068479061126709,0,1,0,-0.7068479061126709,0,0.70736557245254517,-2.5463089942932129,3.1700012683868408,-1.9789677858352661">
        </Bone>
      </Part>
    </Brick>
    <Brick refID="19" designID="73983">
      <Part refID="21" designID="2429" materials="199">
        <Bone refID="21" transformation="0.70595544576644897,-0.00011135329259559512,0.70825624465942383,2.5887404262903146E-005,1,0.00013141844829078764,-0.70825624465942383,-7.4440657044760883E-005,0.70595544576644897,-1.4147558212280273,3.4901323318481445,-0.85215407609939575">
        </Bone>
      </Part>
      <Part refID="22" designID="2430" materials="199">
        <Bone refID="22" transformation="-0.25917458534240723,-8.7637963588349521E-005,0.96583050489425659,3.5509077861206606E-005,1,0.00010026709060184658,-0.96583050489425659,6.0282429330982268E-005,-0.25917458534240723,-0.56825953722000122,3.4899725914001465,0.77007460594177246">
        </Bone>
      </Part>
    </Brick>
    <Brick refID="20" designID="3176">
      <Part refID="23" designID="3176" materials="199">
        <Bone refID="23" transformation="-0.70736551284790039,0,-0.70684796571731567,0,1,0,0.70684796571731567,0,-0.70736551284790039,-0.28315261006355286,2.850001335144043,-0.84842395782470703">
        </Bone>
      </Part>
    </Brick>
    <Brick refID="21" designID="2489">
      <Part refID="24" designID="2489" materials="192">
        <Bone refID="24" transformation="0.70736545324325562,0,0.70684802532196045,0,1,0,-0.70684802532196045,0,0.70736545324325562,-2.5463080406188965,3.4900012016296387,-1.9789671897888184">
        </Bone>
      </Part>
    </Brick>
    <Brick refID="22" designID="4519">
      <Part refID="25" designID="4519" materials="199">
        <Bone refID="25" transformation="0.70736551284790039,0,0.70684820413589478,0.70684820413589478,0,-0.70736539363861084,0,1.0000001192092896,0,-1.9806226491928101,4.750002384185791,-1.9791741371154785">
        </Bone>
      </Part>
    </Brick>
    <Brick refID="23" designID="59900">
      <Part refID="26" designID="59900" materials="199">
        <Bone refID="26" transformation="0.70736527442932129,0,0.70684814453125,0,-1,0,0.70684814453125,0,-0.70736533403396606,-1.9806227684020996,2.850001335144043,-1.9791741371154785">
        </Bone>
      </Part>
    </Brick>
    <Brick refID="24" designID="59900">
      <Part refID="27" designID="59900" materials="199">
        <Bone refID="27" transformation="-0.70736533403396606,0,-0.70684814453125,0,0.99999994039535522,0,0.70684814453125,0,-0.70736533403396606,-1.9806226491928101,4.2500019073486328,-1.9791741371154785">
        </Bone>
      </Part>
    </Brick>
    <Brick refID="25" designID="4032">
      <Part refID="28" designID="4032" materials="192">
        <Bone refID="28" transformation="0.70736545324325562,0,0.70684802532196045,0,1,0,-0.70684802532196045,0,0.70736545324325562,-2.5463082790374756,2.850001335144043,-1.9789673089981079">
        </Bone>
      </Part>
    </Brick>
    <Brick refID="26" designID="3709">
      <Part refID="29" designID="3709" materials="199">
        <Bone refID="29" transformation="-0.25846633315086365,0,0.96602034568786621,0,1,0,-0.96602028608322144,0,-0.25846633315086365,-0.5654030442237854,3.1700012683868408,0.77294880151748657">
        </Bone>
      </Part>
    </Brick>
    <Brick refID="27" designID="2489">
      <Part refID="30" designID="2489" materials="192">
        <Bone refID="30" transformation="-0.25846633315086365,0,0.96602034568786621,0,1,0,-0.96602028608322144,0,-0.25846633315086365,-0.97894877195358276,3.4900016784667969,2.3185815811157227">
        </Bone>
      </Part>
    </Brick>
    <Brick refID="28" designID="4519">
      <Part refID="31" designID="4519" materials="199">
        <Bone refID="31" transformation="-0.25846579670906067,0,0.96602052450180054,0.96602052450180054,0,0.25846588611602783,0,1.0000001192092896,0,-0.69592684507369995,4.7500014305114746,2.8083763122558594">
        </Bone>
      </Part>
    </Brick>
    <Brick refID="29" designID="59900">
      <Part refID="32" designID="59900" materials="199">
        <Bone refID="32" transformation="-0.25846514105796814,0,0.96602064371109009,0,-1,0,0.96602064371109009,0,0.25846514105796814,-0.69592678546905518,2.850001335144043,2.8083760738372803">
        </Bone>
      </Part>
    </Brick>
    <Brick refID="30" designID="59900">
      <Part refID="33" designID="59900" materials="199">
        <Bone refID="33" transformation="0.25846588611602783,0,-0.96602046489715576,0,1,0,0.96602040529251099,0,0.25846588611602783,-0.69592678546905518,4.2500014305114746,2.8083760738372803">
        </Bone>
      </Part>
    </Brick>
    <Brick refID="31" designID="4032">
      <Part refID="34" designID="4032" materials="192">
        <Bone refID="34" transformation="-0.25846633315086365,0,0.96602034568786621,0,1,0,-0.96602028608322144,0,-0.25846633315086365,-0.97894883155822754,2.850001335144043,2.3185818195343018">
        </Bone>
      </Part>
    </Brick>
  </Bricks>
  <RigidSystems>
    <RigidSystem>
      <Rigid refID="0" transformation="0,-1,0,0.99999994039535522,0,-0.0003658037749119103,0.0003658037749119103,0,0.99999994039535522,-0.00029227510094642639,-3.0200002193450928,-0.7999996542930603" boneRefs="0"/>
      <Rigid refID="1" transformation="0,-1.0000001192092896,0,-0.00036535708932206035,0,-1,1,0,-0.00036519407876767218,-0.00058489665389060974,-0.56000006198883057,-1.5999995470046997" boneRefs="1"/>
      <Rigid refID="2" transformation="1,0,0,0,0,1,0,-1,0,0,-3.3900001049041748,0" boneRefs="2,3,4,5"/>
      <Rigid refID="3" transformation="0,-1,0,0.99999994039535522,0,-0.0003658037749119103,0.0003658037749119103,0,0.99999994039535522,-0.00029227510094642639,-0.56000006198883057,-0.7999996542930603" boneRefs="6"/>
      <Rigid refID="4" transformation="0,-1.0000001192092896,0,-0.00036535708932206035,0,-1,1,0,-0.00036519407876767218,-0.79999959468841553,-0.56000006198883057,0.00029297545552253723" boneRefs="7"/>
      <Rigid refID="5" transformation="0,-1.0000001192092896,0,-1.0000001192092896,0,0,0,0,-1,-1.5999996662139893,-0.56000006198883057,0.00058559700846672058" boneRefs="8"/>
      <Rigid refID="6" transformation="0,-1.0000001192092896,0,-0.00036535708932206035,0,-1,1,0,-0.00036519407876767218,-0.79999959468841553,-3.0200002193450928,0.00029297545552253723" boneRefs="9"/>
      <Rigid refID="7" transformation="-0.96583151817321777,0,0.2591707706451416,0,1,0,-0.2591707706451416,0,-0.96583151817321777,1.5451998710632324,-1.6999989748001099,-0.77330523729324341" boneRefs="10,12,13,15,16,17,18,19,11,20,21,23,24,25,26,27,28,22,29,14,30,31,32,33,34"/>
      <Joint type="hinge">
        <RigidRef rigidRef="2" a="0.00036492897197604179,1,0" z="-0.99999994039535522,0.00036493080551736057,0" t="-0.00029254477703943849,-0.80000030994415283,-0.37996795773506165"/>
        <RigidRef rigidRef="0" a="0,0,1" z="0,-1,0" t="-0.009968021884560585,0,0"/>
      </Joint>
      <Joint type="hinge">
        <RigidRef rigidRef="1" a="0,1,0" z="0,0,1" t="2.3999998569488525,0,0"/>
        <RigidRef rigidRef="0" a="0,0,-1" z="0,1,0" t="0,0,-0.80000001192092896"/>
      </Joint>
      <Joint type="hinge">
        <RigidRef rigidRef="3" a="0,0,-1" z="0,1,0" t="0,0,-0.80000001192092896"/>
        <RigidRef rigidRef="1" a="0,1,0" z="0,0,1" t="0,0,0"/>
      </Joint>
      <Joint type="hinge">
        <RigidRef rigidRef="2" a="1,-0.00036494102096185088,0" z="0.00036501651629805565,1,0" t="-0.80000054836273193,0.00029168938635848463,-0.37996780872344971"/>
        <RigidRef rigidRef="6" a="0,0,1" z="0,-1,0" t="-0.0099681103602051735,0,0"/>
      </Joint>
      <Joint type="hinge">
        <RigidRef rigidRef="4" a="0,0,1" z="1,0,0" t="0,0,0"/>
        <RigidRef rigidRef="2" a="1,-0.00036516838008537889,0" z="0,0,1" t="-0.7999996542930603,0.00029301733593456447,-2.8299999237060547"/>
      </Joint>
      <Joint type="hinge">
        <RigidRef rigidRef="3" a="0,0,1" z="1,0,0" t="0,0,0"/>
        <RigidRef rigidRef="2" a="0.00036577813443727791,1,0" z="0,0,1" t="-0.00029230551444925368,-0.79999977350234985,-2.8300001621246338"/>
      </Joint>
      <Joint type="hinge">
        <RigidRef rigidRef="7" a="0,-1,0" z="-0.86602449417114258,0,0.50000160932540894" t="1.6928204298019409,-0.64000022411346436,-0.34641268849372864"/>
        <RigidRef rigidRef="2" a="0,0,1" z="0.70684796571731567,-0.70736551284790039,0" t="0,0,-1.0500009059906006"/>
      </Joint>
      <Joint type="hinge">
        <RigidRef rigidRef="5" a="0,1,0" z="0,0,1" t="0,0,0"/>
        <RigidRef rigidRef="4" a="0,0,-1" z="0,1,0" t="0,0,-0.80000001192092896"/>
      </Joint>
      <Joint type="hinge">
        <RigidRef rigidRef="5" a="0,1,0" z="0,0,1" t="2.3999998569488525,0,0"/>
        <RigidRef rigidRef="6" a="0,0,-1" z="0,1,0" t="0,0,-0.80000001192092896"/>
      </Joint>
    </RigidSystem>
  </RigidSystems>
  <GroupSystems>
    <GroupSystem>
    </GroupSystem>
  </GroupSystems>
</LXFML>
