<?xml version="1.0" encoding="UTF-8" standalone="no" ?>
<LXFML versionMajor="5" versionMinor="0" name="re_won_tesla_1-whole_varient2">
  <Meta>
    <Application name="LEGO Digital Designer" versionMajor="4" versionMinor="1"/>
    <Brand name="LEGOUniverse"/>
    <BrickSet version="372.1"/>
  </Meta>
  <Cameras>
    <Camera refID="0" fieldOfView="80" distance="49.070072174072266" transformation="-0.32283592224121094,0,-0.94645512104034424,-0.3304009735584259,0.93708813190460205,0.11269979178905487,0.88691174983978271,0.34909313917160034,-0.30252563953399658,43.270923614501953,20.989938735961914,-15.375848770141602"/>
  </Cameras>
  <Bricks cameraRef="0">
    <Brick refID="0" designID="3942">
      <Part refID="0" designID="3942" materials="1">
        <Bone refID="0" transformation="0,0,1,0,0.99999994039535522,0,-1,0,0,-0.42647939920425415,0,-0.40000009536743164">
        </Bone>
      </Part>
    </Brick>
    <Brick refID="1" designID="4697">
      <Part refID="1" designID="4697" materials="1">
        <Bone refID="1" transformation="-1,0,0,0,0,1.0000001192092896,0,1.0000001192092896,0,0,2.5199997425079346,0">
        </Bone>
      </Part>
    </Brick>
    <Brick refID="2" designID="4081">
      <Part refID="2" designID="4081" materials="1">
        <Bone refID="2" transformation="1,0,0,0,-0.38268327713012695,0.92387956380844116,0,-0.92387956380844116,-0.38268327713012695,0,3.9670677185058594,1.5533839464187622">
        </Bone>
      </Part>
    </Brick>
    <Brick refID="3" designID="4735">
      <Part refID="3" designID="4735" materials="191">
        <Bone refID="3" transformation="0,-0.38268342614173889,-0.92387974262237549,-1.0000001192092896,0,0,0,0.92387974262237549,-0.38268327713012695,-0.16000021994113922,3.1322934627532959,1.4782075881958008">
        </Bone>
      </Part>
    </Brick>
    <Brick refID="4" designID="4735">
      <Part refID="4" designID="4735" materials="191">
        <Bone refID="4" transformation="0,-0.3826833963394165,-0.92387980222702026,1.0000001192092896,0,0,0,-0.92387986183166504,0.38268351554870605,0.15999992191791534,3.1322934627532959,1.4782077074050903">
        </Bone>
      </Part>
    </Brick>
    <Brick refID="5" designID="43898">
      <Part refID="5" designID="43898" materials="1">
        <Bone refID="5" transformation="1,0,0,0,-0.38268333673477173,0.92387980222702026,0,-0.92387980222702026,-0.38268333673477173,0,4.0895266532897949,1.2577426433563232">
        </Bone>
      </Part>
    </Brick>
    <Brick refID="6" designID="6141">
      <Part refID="6" designID="6141" materials="194">
        <Bone refID="6" transformation="1,0,0,0,-0.38268333673477173,0.92387980222702026,0,-0.92387980222702026,-0.38268333673477173,0,4.2119851112365723,0.96210110187530518">
        </Bone>
      </Part>
    </Brick>
    <Brick refID="7" designID="30374">
      <Part refID="7" designID="30374" materials="1">
        <Bone refID="7" transformation="0,-0.38268351554870605,-0.92387950420379639,0,0.92387950420379639,-0.38268351554870605,1,0,0,1.5999997854232788,3.1322932243347168,1.4782073497772217">
        </Bone>
      </Part>
    </Brick>
    <Brick refID="8" designID="73587">
      <Part refID="8" designID="4592" materials="1">
        <Bone refID="8" transformation="0,0.38268336653709412,-0.92387974262237549,0.70710688829421997,0.65328168869018555,0.2705981433391571,0.70710688829421997,-0.65328168869018555,-0.27059769630432129,0.28284171223640442,5.5291376113891602,-1.5174552202224731">
        </Bone>
      </Part>
      <Part refID="9" designID="4593" materials="1">
        <Bone refID="9" transformation="0.57206189632415771,0.75345224142074585,-0.32412183284759521,0.41562542319297791,0.074390023946762085,0.90648865699768066,0.70710736513137817,-0.65328085422515869,-0.27059820294380188,0.57982730865478516,5.8035163879394531,-1.4038041830062866">
        </Bone>
      </Part>
    </Brick>
    <Brick refID="9" designID="4733">
      <Part refID="10" designID="4733" materials="1">
        <Bone refID="10" transformation="0.7071068286895752,-0.65328162908554077,-0.2705981433391571,0,0.38268345594406128,-0.92387968301773071,0.7071068286895752,0.653281569480896,0.27059805393218994,0,5.0535221099853516,-1.1083215475082397">
        </Bone>
      </Part>
    </Brick>
    <Brick refID="10" designID="73587">
      <Part refID="11" designID="4592" materials="1">
        <Bone refID="11" transformation="0,0.38268342614173889,-0.92387986183166504,-0.70710664987564087,0.65328174829483032,0.27059811353683472,0.70710694789886475,0.65328145027160645,0.27059802412986755,-0.28284364938735962,5.5291376113891602,-1.5174554586410522">
        </Bone>
      </Part>
      <Part refID="12" designID="4593" materials="1">
        <Bone refID="12" transformation="-0.57205885648727417,0.75345045328140259,-0.32413122057914734,-0.4156309962272644,0.07439751923084259,0.90648549795150757,0.70710647106170654,0.6532820463180542,0.27059763669967651,-0.57982915639877319,5.8035159111022949,-1.4038039445877075">
        </Bone>
      </Part>
    </Brick>
    <Brick refID="11" designID="4589">
      <Part refID="13" designID="4589" materials="191">
        <Bone refID="13" transformation="0.70710676908493042,0.653281569480896,0.27059823274612427,0,0.3826833963394165,-0.92387974262237549,-0.70710688829421997,0.653281569480896,0.270597904920578,0,5.4208984375,-1.9952461719512939">
        </Bone>
      </Part>
    </Brick>
    <Brick refID="12" designID="73587">
      <Part refID="14" designID="4592" materials="1">
        <Bone refID="14" transformation="0,0.38268223404884338,-0.92388021945953369,0.7071070671081543,-0.65328150987625122,-0.27059757709503174,-0.70710647106170654,-0.65328234434127808,-0.27059692144393921,0.28284159302711487,5.0065121650695801,-1.7339338064193726">
        </Bone>
      </Part>
      <Part refID="15" designID="4593" materials="1">
        <Bone refID="15" transformation="0.57206106185913086,-0.30357950925827026,-0.76196193695068359,0.4156281054019928,-0.69358646869659424,0.58838009834289551,-0.70710664987564087,-0.65328198671340942,-0.27059745788574219,0.57982730865478516,4.7321333885192871,-1.8475853204727173">
        </Bone>
      </Part>
    </Brick>
    <Brick refID="13" designID="73587">
      <Part refID="16" designID="4592" materials="1">
        <Bone refID="16" transformation="0,0.38268372416496277,-0.92387950420379639,-0.70710712671279907,-0.65328103303909302,-0.27059835195541382,-0.70710641145706177,0.65328198671340942,0.27059817314147949,-0.28284364938735962,5.0065121650695801,-1.7339338064193726">
        </Bone>
      </Part>
      <Part refID="17" designID="4593" materials="1">
        <Bone refID="17" transformation="-0.57207036018371582,-0.30359622836112976,-0.76194804906845093,-0.41561475396156311,-0.69357901811599731,0.58839821815490723,-0.70710664987564087,0.6532820463180542,0.27059698104858398,-0.57982915639877319,4.7321343421936035,-1.8475848436355591">
        </Bone>
      </Part>
    </Brick>
    <Brick refID="14" designID="30374">
      <Part refID="18" designID="30374" materials="1">
        <Bone refID="18" transformation="0.70710653066635132,0.65328174829483032,0.27059847116470337,0.70710718631744385,-0.65328091382980347,-0.27059853076934814,0,0.38268408179283142,-0.92387926578521729,0,5.5318760871887207,-2.2631704807281494">
        </Bone>
      </Part>
    </Brick>
    <Brick refID="15" designID="3062">
      <Part refID="19" designID="3062" materials="1">
        <Bone refID="19" transformation="1,0,0,0,-0.38268327713012695,0.92387956380844116,0,-0.92387956380844116,-0.38268327713012695,0,5.0420413017272949,-1.0806046724319458">
        </Bone>
      </Part>
    </Brick>
    <Brick refID="16" designID="44375">
      <Part refID="20" designID="44375" materials="191,0" decoration="0">
        <Bone refID="20" transformation="1,0,0,0,-0.38268333673477173,0.92387980222702026,0,-0.92387980222702026,-0.38268333673477173,-0.40000048279762268,4.3051133155822754,-0.34675359725952148">
        </Bone>
      </Part>
    </Brick>
    <Brick refID="17" designID="43898">
      <Part refID="21" designID="43898" materials="1">
        <Bone refID="21" transformation="-1,0,0,0,0.37874916195869446,-0.92549949884414673,0,-0.92549949884414673,-0.37874898314476013,0,4.3312406539916992,0.67066240310668945">
        </Bone>
      </Part>
    </Brick>
  </Bricks>
  <RigidSystems>
    <RigidSystem>
      <Rigid refID="0" transformation="0,0,1,0,0.99999994039535522,0,-1,0,0,-0.42647939920425415,0,-0.40000009536743164" boneRefs="0"/>
      <Rigid refID="1" transformation="-1,0,0,0,0,1.0000001192092896,0,1.0000001192092896,0,0,2.5199997425079346,0" boneRefs="1"/>
      <Rigid refID="2" transformation="1,0,0,0,-0.38268327713012695,0.92387956380844116,0,-0.92387956380844116,-0.38268327713012695,0,3.9670677185058594,1.5533839464187622" boneRefs="2,3,4,5,6"/>
      <Rigid refID="3" transformation="0,-0.38268351554870605,-0.92387950420379639,0,0.92387950420379639,-0.38268351554870605,1,0,0,1.5999997854232788,3.1322932243347168,1.4782073497772217" boneRefs="7"/>
      <Joint type="hinge">
        <RigidRef rigidRef="1" a="0,0,1" z="1,0,0" t="0,0,-0.71000015735626221"/>
        <RigidRef rigidRef="0" a="0,1,0" z="-1,0,0" t="0.40000000596046448,1.8099997043609619,-0.40000000596046448"/>
      </Joint>
      <Joint type="hinge">
        <RigidRef rigidRef="2" a="1,0,0" z="0,0.70710664987564087,0.7071070671081543" t="-0.48000025749206543,-0.88137125968933105,1.9313704967498779"/>
        <RigidRef rigidRef="1" a="-1,0,0" z="0,0,1" t="0.48000025749206543,0,0"/>
      </Joint>
      <Joint type="hinge">
        <RigidRef rigidRef="3" a="0,0,-1" z="1,0,0" t="0,0,-1.7600002288818359"/>
        <RigidRef rigidRef="2" a="-1,0,0" z="0,0,1" t="-0.15999999642372131,0.24366900324821472,0.80000001192092896"/>
      </Joint>
    </RigidSystem>
    <RigidSystem>
      <Rigid refID="4" transformation="0,0.38268336653709412,-0.92387974262237549,0.70710688829421997,0.65328168869018555,0.2705981433391571,0.70710688829421997,-0.65328168869018555,-0.27059769630432129,0.28284171223640442,5.5291376113891602,-1.5174552202224731" boneRefs="8,10,11,13,14,16"/>
      <Rigid refID="5" transformation="0.57206189632415771,0.75345224142074585,-0.32412183284759521,0.41562542319297791,0.074390023946762085,0.90648865699768066,0.70710736513137817,-0.65328085422515869,-0.27059820294380188,0.57982730865478516,5.8035163879394531,-1.4038041830062866" boneRefs="9"/>
      <Rigid refID="6" transformation="-0.57205885648727417,0.75345045328140259,-0.32413122057914734,-0.4156309962272644,0.07439751923084259,0.90648549795150757,0.70710647106170654,0.6532820463180542,0.27059763669967651,-0.57982915639877319,5.8035159111022949,-1.4038039445877075" boneRefs="12"/>
      <Rigid refID="7" transformation="0.57206106185913086,-0.30357950925827026,-0.76196193695068359,0.4156281054019928,-0.69358646869659424,0.58838009834289551,-0.70710664987564087,-0.65328198671340942,-0.27059745788574219,0.57982730865478516,4.7321333885192871,-1.8475853204727173" boneRefs="15"/>
      <Rigid refID="8" transformation="-0.57207036018371582,-0.30359622836112976,-0.76194804906845093,-0.41561475396156311,-0.69357901811599731,0.58839821815490723,-0.70710664987564087,0.6532820463180542,0.27059698104858398,-0.57982915639877319,4.7321343421936035,-1.8475848436355591" boneRefs="17"/>
      <Rigid refID="9" transformation="0.70710653066635132,0.65328174829483032,0.27059847116470337,0.70710718631744385,-0.65328091382980347,-0.27059853076934814,0,0.38268408179283142,-0.92387926578521729,0,5.5318760871887207,-2.2631704807281494" boneRefs="18"/>
      <Rigid refID="10" transformation="1,0,0,0,-0.38268327713012695,0.92387956380844116,0,-0.92387956380844116,-0.38268327713012695,0,5.0420413017272949,-1.0806046724319458" boneRefs="19,20"/>
      <Rigid refID="11" transformation="-1,0,0,0,0.37874916195869446,-0.92549949884414673,0,-0.92549949884414673,-0.37874898314476013,0,4.3312406539916992,0.67066240310668945" boneRefs="21"/>
      <Joint type="hinge">
        <RigidRef rigidRef="5" a="0,0,-1" z="-1,0,0" t="0,0,0"/>
        <RigidRef rigidRef="4" a="0,0,-1" z="0,1,0" t="0,0.41999998688697815,0"/>
      </Joint>
      <Joint type="hinge">
        <RigidRef rigidRef="6" a="0,0,-1" z="-1,0,0" t="0,0,0"/>
        <RigidRef rigidRef="4" a="0,-1,0" z="0,0,-1" t="0,-0.39999976754188538,-0.8199998140335083"/>
      </Joint>
      <Joint type="hinge">
        <RigidRef rigidRef="7" a="0,0,-1" z="-1,0,0" t="0,0,0"/>
        <RigidRef rigidRef="4" a="0,1,0" z="0,0,1" t="0,-0.40000015497207642,0.8200000524520874"/>
      </Joint>
      <Joint type="hinge">
        <RigidRef rigidRef="8" a="0,0,-1" z="-1,0,0" t="0,0,0"/>
        <RigidRef rigidRef="4" a="0,0,1" z="0,-1,0" t="0,-1.2199999094009399,0"/>
      </Joint>
      <Joint type="hinge">
        <RigidRef rigidRef="9" a="0,0,-1" z="1,0,0" t="0,0,-0.39999932050704956"/>
        <RigidRef rigidRef="4" a="-1,0,0" z="0,-1,0" t="0.28999966382980347,-0.39999932050704956,0"/>
      </Joint>
      <Joint type="hinge">
        <RigidRef rigidRef="10" a="0,1,0" z="0,0,-1" t="0,0.84999996423721313,0"/>
        <RigidRef rigidRef="9" a="0,0,-1" z="1,0,0" t="0,0,-2.1300005912780762"/>
      </Joint>
      <Joint type="hinge">
        <RigidRef rigidRef="11" a="0,-1,0" z="1,0,0" t="0,0.49799996614456177,0"/>
        <RigidRef rigidRef="9" a="0,0,-1" z="1,0,0" t="0,0,-2.6719760894775391"/>
      </Joint>
    </RigidSystem>
  </RigidSystems>
  <GroupSystems>
    <GroupSystem>
    </GroupSystem>
  </GroupSystems>
  <BuildingInstructions>
  </BuildingInstructions>
</LXFML>
