<?xml version="1.0" encoding="UTF-8" standalone="no" ?>
<LXFML versionMajor="5" versionMinor="0" name="re_nim_ag_rocket-pirate-bot">
  <Meta>
    <Application name="LEGO Digital Designer" versionMajor="3" versionMinor="1"/>
    <Brand name="LEGOUniverse"/>
    <BrickSet version="114.5"/>
  </Meta>
  <Cameras>
    <Camera refID="0" fieldOfView="80" distance="33.498760223388672" transformation="0.70710688829421997,0,-0.70710688829421997,-0.40824833512306213,0.81649667024612427,-0.40824833512306213,0.57735031843185425,0.57735025882720947,0.57735031843185425,19.698402404785156,21.869163513183594,16.769613265991211"/>
  </Cameras>
  <Bricks cameraRef="0">
    <Brick refID="0" designID="43898">
      <Part refID="0" designID="43898" materials="199">
        <Bone refID="0" transformation="1,0,0,0,1,0,0,0,1,0,2.9200007915496826,0">
        </Bone>
      </Part>
    </Brick>
    <Brick refID="1" designID="30033">
      <Part refID="1" designID="30033" materials="199">
        <Bone refID="1" transformation="1,0,0,0,1,0,0,0,1,-0.40000113844871521,3.2400004863739014,0.40000033378601074">
        </Bone>
      </Part>
    </Brick>
    <Brick refID="2" designID="6019">
      <Part refID="2" designID="6019" materials="26">
        <Bone refID="2" transformation="-0.70710599422454834,0,-0.70710760354995728,-0.67193996906280518,0.31144097447395325,0.67193877696990967,0.22022232413291931,0.95026576519012451,-0.22022128105163574,-0.85806620121002197,2.7025516033172607,0.85806441307067871">
        </Bone>
      </Part>
    </Brick>
    <Brick refID="3" designID="6019">
      <Part refID="3" designID="6019" materials="26">
        <Bone refID="3" transformation="0,0,-1.0000001192092896,-0.96008133888244629,0.27972161769866943,0,0.2797214686870575,0.96008133888244629,0,-1.1856762170791626,2.7025630474090576,0">
        </Bone>
      </Part>
    </Brick>
    <Brick refID="4" designID="6019">
      <Part refID="4" designID="6019" materials="26">
        <Bone refID="4" transformation="-0.70710742473602295,0,0.70710611343383789,0.67193877696990967,0.31144005060195923,0.6719401478767395,-0.220221146941185,0.95026588439941406,-0.22022140026092529,0.85806310176849365,2.7025516033172607,0.85806441307067871">
        </Bone>
      </Part>
    </Brick>
    <Brick refID="5" designID="6019">
      <Part refID="5" designID="6019" materials="26">
        <Bone refID="5" transformation="0,0,1.0000001192092896,0.96008133888244629,0.27972161769866943,0,-0.2797214686870575,0.96008133888244629,0,1.1856769323348999,2.7025630474090576,0">
        </Bone>
      </Part>
    </Brick>
    <Brick refID="6" designID="6019">
      <Part refID="6" designID="6019" materials="26">
        <Bone refID="6" transformation="0.70710599422454834,0,0.70710766315460205,0.67194008827209473,0.31144055724143982,-0.67193853855133057,-0.22022202610969543,0.95026570558547974,0.22022143006324768,0.85806310176849365,2.7025477886199951,-0.85806417465209961">
        </Bone>
      </Part>
    </Brick>
    <Brick refID="7" designID="6019">
      <Part refID="7" designID="6019" materials="26">
        <Bone refID="7" transformation="0.70710766315460205,0,-0.70710599422454834,-0.67193853855133057,0.31144076585769653,-0.67193996906280518,0.22022148966789246,0.95026558637619019,0.22022221982479095,-0.9146343469619751,2.7025516033172607,-0.80149459838867188">
        </Bone>
      </Part>
    </Brick>
    <Brick refID="8" designID="6019">
      <Part refID="8" designID="6019" materials="26">
        <Bone refID="8" transformation="-1,0,0,0,0.28640049695968628,0.95811009407043457,0,0.95811009407043457,-0.28640034794807434,0,2.7024867534637451,1.191509485244751">
        </Bone>
      </Part>
    </Brick>
    <Brick refID="9" designID="6019">
      <Part refID="9" designID="6019" materials="26">
        <Bone refID="9" transformation="1,0,0,0,0.28691622614860535,-0.95795565843582153,0,0.95795565843582153,0.28691622614860535,0,2.7024829387664795,-1.1919600963592529">
        </Bone>
      </Part>
    </Brick>
    <Brick refID="10" designID="30374">
      <Part refID="10" designID="30374" materials="199">
        <Bone refID="10" transformation="0.99999994039535522,0,0,0,0,-1,0,1,0,0,4.4900007247924805,0">
        </Bone>
      </Part>
    </Brick>
    <Brick refID="11" designID="3004">
      <Part refID="11" designID="3004" materials="192,0,0,0">
        <Bone refID="11" transformation="0,1.0000001192092896,0,0,0,-1.0000001192092896,-1.0000001192092896,0,0,-1.1999996900558472,4.2500009536743164,0.57999992370605469">
        </Bone>
      </Part>
    </Brick>
    <Brick refID="12" designID="3660">
      <Part refID="12" designID="3660" materials="192">
        <Bone refID="12" transformation="0,1.0000001192092896,0,0,0,-1.0000001192092896,-1.0000001192092896,0,0,-0.39999997615814209,4.2500009536743164,1.5399997234344482">
        </Bone>
      </Part>
    </Brick>
    <Brick refID="13" designID="3001">
      <Part refID="13" designID="3001" materials="5">
        <Bone refID="13" transformation="0.99999994039535522,0,0,0,0,-1,0,1,0,-1.1999996900558472,5.0500011444091797,-0.38000008463859558">
        </Bone>
      </Part>
    </Brick>
    <Brick refID="14" designID="32064">
      <Part refID="14" designID="32064" materials="26">
        <Bone refID="14" transformation="0.99999994039535522,0,0,0,0,-1,0,1,0,-0.39999982714653015,4.2500009536743164,0.57999992370605469">
        </Bone>
      </Part>
    </Brick>
    <Brick refID="15" designID="3004">
      <Part refID="15" designID="3004" materials="192,0,0,0">
        <Bone refID="15" transformation="0,1.0000001192092896,0,0,0,-1.0000001192092896,-1.0000001192092896,0,0,1.2000001668930054,4.2500009536743164,0.57999968528747559">
        </Bone>
      </Part>
    </Brick>
    <Brick refID="16" designID="3660">
      <Part refID="16" designID="3660" materials="192">
        <Bone refID="16" transformation="0,-1.0000001192092896,0,0,0,-1.0000001192092896,1.0000001192092896,0,0,0.40000024437904358,5.0500011444091797,1.5399997234344482">
        </Bone>
      </Part>
    </Brick>
    <Brick refID="17" designID="3040">
      <Part refID="17" designID="3040" materials="192">
        <Bone refID="17" transformation="0.99999994039535522,0,0,0,0,-1,0,1,0,-1.2000001668930054,4.2500009536743164,-1.3400000333786011">
        </Bone>
      </Part>
    </Brick>
    <Brick refID="18" designID="3040">
      <Part refID="18" designID="3040" materials="192">
        <Bone refID="18" transformation="0.99999994039535522,0,0,0,0,-1,0,1,0,1.1999998092651367,4.2500009536743164,-1.3400001525878906">
        </Bone>
      </Part>
    </Brick>
    <Brick refID="19" designID="3794">
      <Part refID="19" designID="3794" materials="26">
        <Bone refID="19" transformation="0.99999994039535522,0,0,0,0,-1,0,1,0,-0.40000006556510925,5.0500025749206543,-1.3400001525878906">
        </Bone>
      </Part>
    </Brick>
    <Brick refID="20" designID="3005">
      <Part refID="20" designID="3005" materials="26,0">
        <Bone refID="20" transformation="0.99999994039535522,0,0,0,0,-1,0,1,0,0,5.0500025749206543,-1.6600006818771362">
        </Bone>
      </Part>
    </Brick>
    <Brick refID="21" designID="3005">
      <Part refID="21" designID="3005" materials="26,0">
        <Bone refID="21" transformation="0.99999994039535522,0,0,0,0,-1,0,1,0,0,5.0500025749206543,-2.619999885559082">
        </Bone>
      </Part>
    </Brick>
    <Brick refID="22" designID="47905">
      <Part refID="22" designID="47905" materials="26">
        <Bone refID="22" transformation="0.99999994039535522,0,0,0,0,-1,0,1,0,0,5.0500030517578125,-3.5799999237060547">
        </Bone>
      </Part>
    </Brick>
    <Brick refID="23" designID="3005">
      <Part refID="23" designID="3005" materials="26,0">
        <Bone refID="23" transformation="0.99999994039535522,0,0,0,0,-1,0,1,0,0,5.0500030517578125,-4.5400009155273437">
        </Bone>
      </Part>
    </Brick>
    <Brick refID="24" designID="3005">
      <Part refID="24" designID="3005" materials="26,0">
        <Bone refID="24" transformation="0.99999994039535522,0,0,0,0,-1,0,1,0,0,5.0500030517578125,-5.5000004768371582">
        </Bone>
      </Part>
    </Brick>
    <Brick refID="25" designID="47905">
      <Part refID="25" designID="47905" materials="26">
        <Bone refID="25" transformation="0.99999994039535522,0,0,0,0,-1,0,1,0,0,5.0500030517578125,-6.4600000381469727">
        </Bone>
      </Part>
    </Brick>
    <Brick refID="26" designID="3660">
      <Part refID="26" designID="3660" materials="192">
        <Bone refID="26" transformation="-1,0,0,0,0,-1.0000001192092896,0,-1.0000001192092896,0,0.40000039339065552,4.2500019073486328,-1.3400002717971802">
        </Bone>
      </Part>
    </Brick>
    <Brick refID="27" designID="33291">
      <Part refID="27" designID="33291" materials="192">
        <Bone refID="27" transformation="-1,0,0,0,-1,0,0,0,1,0,3.9981381893157959,-3.1800010204315186">
        </Bone>
      </Part>
    </Brick>
    <Brick refID="28" designID="4070">
      <Part refID="28" designID="4070" materials="26">
        <Bone refID="28" transformation="-1,0,0,0,0,-1.0000001192092896,0,-1.0000001192092896,0,0,4.25,-2.6200003623962402">
        </Bone>
      </Part>
    </Brick>
    <Brick refID="29" designID="3794">
      <Part refID="29" designID="3794" materials="192">
        <Bone refID="29" transformation="0.99999994039535522,0,0,0,0,-1,0,1,0,-0.39999997615814209,4.25,-2.3000004291534424">
        </Bone>
      </Part>
    </Brick>
    <Brick refID="30" designID="3069">
      <Part refID="30" designID="3069" materials="192,0">
        <Bone refID="30" transformation="0.99999994039535522,0,0,0,0,-1,0,1,0,-0.40022274851799011,3.4500014781951904,-2.3000006675720215">
        </Bone>
      </Part>
    </Brick>
    <Brick refID="31" designID="32064">
      <Part refID="31" designID="32064" materials="26">
        <Bone refID="31" transformation="0.99999994039535522,0,0,0,0,-1,0,1,0,-0.39999973773956299,5.0500011444091797,0.57999968528747559">
        </Bone>
      </Part>
    </Brick>
    <Brick refID="32" designID="32062">
      <Part refID="32" designID="32062" materials="21">
        <Bone refID="32" transformation="0.99999994039535522,0,0,0,0,-1,0,1,0,0,6.2500009536743164,0">
        </Bone>
      </Part>
    </Brick>
    <Brick refID="33" designID="43898">
      <Part refID="33" designID="43898" materials="199">
        <Bone refID="33" transformation="-1,0,0,0,-1,0,0,0,1,0,2.2999980449676514,0">
        </Bone>
      </Part>
    </Brick>
    <Brick refID="34" designID="59900">
      <Part refID="34" designID="59900" materials="199">
        <Bone refID="34" transformation="1,0,0,0,1,0,0,0,1,0,0.63999843597412109,0">
        </Bone>
      </Part>
    </Brick>
    <Brick refID="35" designID="6141">
      <Part refID="35" designID="6141" materials="26">
        <Bone refID="35" transformation="1,0,0,0,1,0,0,0,1,0,0.31999874114990234,0">
        </Bone>
      </Part>
    </Brick>
    <Brick refID="36" designID="3023">
      <Part refID="36" designID="3023" materials="26">
        <Bone refID="36" transformation="0,0,1.0000001192092896,-1.0000001192092896,0,0,0,-1.0000001192092896,0,-1.7600003480911255,4.25,-1.8999998569488525">
        </Bone>
      </Part>
    </Brick>
    <Brick refID="37" designID="2436">
      <Part refID="37" designID="2436" materials="192">
        <Bone refID="37" transformation="0,1.0000001192092896,0,0,0,-1.0000001192092896,-1.0000001192092896,0,0,-1.2000001668930054,2.6499993801116943,-1.9800000190734863">
        </Bone>
      </Part>
    </Brick>
    <Brick refID="38" designID="60477">
      <Part refID="38" designID="60477" materials="192">
        <Bone refID="38" transformation="0.99999994039535522,0,0,0,0,-1,0,1,0,-1.1999999284744263,1.849998950958252,-2.2999999523162842">
        </Bone>
      </Part>
    </Brick>
    <Brick refID="39" designID="3710">
      <Part refID="39" designID="3710" materials="192">
        <Bone refID="39" transformation="0,1.0000001192092896,0,0,0,-1.0000001192092896,-1.0000001192092896,0,0,-1.1999994516372681,1.0499989986419678,-1.6600000858306885">
        </Bone>
      </Part>
    </Brick>
    <Brick refID="40" designID="3023">
      <Part refID="40" designID="3023" materials="192">
        <Bone refID="40" transformation="0,1.0000001192092896,0,0,0,-1.0000001192092896,-1.0000001192092896,0,0,-1.1999994516372681,1.0499989986419678,-1.9800000190734863">
        </Bone>
      </Part>
    </Brick>
    <Brick refID="41" designID="41770">
      <Part refID="41" designID="41770" materials="26">
        <Bone refID="41" transformation="0,1,0,-1,0,0,0,0,0.99999994039535522,-1.7600003480911255,1.0499989986419678,-1.8999998569488525">
        </Bone>
      </Part>
    </Brick>
    <Brick refID="42" designID="3957">
      <Part refID="42" designID="3957" materials="194">
        <Bone refID="42" transformation="-1,0,0,0,1,0,0,0,-1,-5.7600007057189941,2.5599992275238037,-1.9000000953674316">
        </Bone>
      </Part>
    </Brick>
    <Brick refID="43" designID="4349">
      <Part refID="43" designID="4349" materials="194">
        <Bone refID="43" transformation="-1,0,0,0,1,0,0,0,-1,-5.7600007057189941,1.849998950958252,-1.9000002145767212">
        </Bone>
      </Part>
    </Brick>
    <Brick refID="44" designID="4588">
      <Part refID="44" designID="4588" materials="194">
        <Bone refID="44" transformation="-1,0,0,0,1,0,0,0,-1,-5.7600007057189941,0,-1.9000004529953003">
        </Bone>
      </Part>
    </Brick>
    <Brick refID="45" designID="2340">
      <Part refID="45" designID="2340" materials="192">
        <Bone refID="45" transformation="0,1,0,-1,0,0,0,0,0.99999994039535522,-2.0799999237060547,1.8499999046325684,-1.8999999761581421">
        </Bone>
      </Part>
    </Brick>
    <Brick refID="46" designID="3659">
      <Part refID="46" designID="3659" materials="192">
        <Bone refID="46" transformation="0.99999994039535522,0,0,0,0,-1,0,1,0,-1.1999994516372681,1.0499992370605469,-2.2999999523162842">
        </Bone>
      </Part>
    </Brick>
    <Brick refID="47" designID="3710">
      <Part refID="47" designID="3710" materials="192">
        <Bone refID="47" transformation="0,1.0000001192092896,0,0,0,-1.0000001192092896,-1.0000001192092896,0,0,1.2000006437301636,1.0499992370605469,-1.6600000858306885">
        </Bone>
      </Part>
    </Brick>
    <Brick refID="48" designID="3023">
      <Part refID="48" designID="3023" materials="192">
        <Bone refID="48" transformation="0,1.0000001192092896,0,0,0,-1.0000001192092896,-1.0000001192092896,0,0,1.2000006437301636,1.0499992370605469,-1.9800000190734863">
        </Bone>
      </Part>
    </Brick>
    <Brick refID="49" designID="2436">
      <Part refID="49" designID="2436" materials="192">
        <Bone refID="49" transformation="0,-1.0000001192092896,0,0,0,-1.0000001192092896,1.0000001192092896,0,0,1.2000006437301636,3.450000524520874,-1.9800000190734863">
        </Bone>
      </Part>
    </Brick>
    <Brick refID="50" designID="60477">
      <Part refID="50" designID="60477" materials="192">
        <Bone refID="50" transformation="0.99999994039535522,0,0,0,0,-1,0,1,0,1.2000001668930054,1.8500001430511475,-2.2999999523162842">
        </Bone>
      </Part>
    </Brick>
    <Brick refID="51" designID="41769">
      <Part refID="51" designID="41769" materials="26">
        <Bone refID="51" transformation="0,1,0,1,0,0,0,0,-1,1.760000467300415,1.0500011444091797,-1.8999999761581421">
        </Bone>
      </Part>
    </Brick>
    <Brick refID="52" designID="3957">
      <Part refID="52" designID="3957" materials="194">
        <Bone refID="52" transformation="1,0,0,0,1,0,0,0,1,5.7600011825561523,2.5600011348724365,-1.8999999761581421">
        </Bone>
      </Part>
    </Brick>
    <Brick refID="53" designID="4349">
      <Part refID="53" designID="4349" materials="194">
        <Bone refID="53" transformation="1,0,0,0,1,0,0,0,1,5.7600011825561523,1.8500009775161743,-1.899999737739563">
        </Bone>
      </Part>
    </Brick>
    <Brick refID="54" designID="2340">
      <Part refID="54" designID="2340" materials="192">
        <Bone refID="54" transformation="0,1,0,1,0,0,0,0,-1,2.0799992084503174,1.8500010967254639,-1.899999737739563">
        </Bone>
      </Part>
    </Brick>
    <Brick refID="55" designID="4588">
      <Part refID="55" designID="4588" materials="194">
        <Bone refID="55" transformation="1,0,0,0,1,0,0,0,1,5.7600011825561523,0,-1.8999992609024048">
        </Bone>
      </Part>
    </Brick>
    <Brick refID="56" designID="3023">
      <Part refID="56" designID="3023" materials="26">
        <Bone refID="56" transformation="0,0,1.0000001192092896,1.0000001192092896,0,0,0,1.0000001192092896,0,1.7600007057189941,4.2500009536743164,-1.8999998569488525">
        </Bone>
      </Part>
    </Brick>
    <Brick refID="57" designID="63965">
      <Part refID="57" designID="63965" materials="26">
        <Bone refID="57" transformation="0,0,1.0000001192092896,-1.0000001192092896,0,0,0,-1.0000001192092896,0,2.4179990291595459,5.0500020980834961,-7.0200004577636719">
        </Bone>
      </Part>
    </Brick>
    <Brick refID="58" designID="2335">
      <Part refID="58" designID="2335" materials="1">
        <Bone refID="58" transformation="0,0,1.0000001192092896,-1.0000001192092896,0,0,0,-1.0000001192092896,0,-0.78200089931488037,5.0500020980834961,-7.0200004577636719">
        </Bone>
      </Part>
    </Brick>
    <Brick refID="59" designID="2335">
      <Part refID="59" designID="2335" materials="1">
        <Bone refID="59" transformation="0,0,1.0000001192092896,-1.0000001192092896,0,0,0,-1.0000001192092896,0,2.4179990291595459,5.0500020980834961,-7.0200004577636719">
        </Bone>
      </Part>
    </Brick>
    <Brick refID="60" designID="63965">
      <Part refID="60" designID="63965" materials="26">
        <Bone refID="60" transformation="0,0,1.0000001192092896,-1.0000001192092896,0,0,0,-1.0000001192092896,0,2.4179995059967041,5.0500020980834961,-4.1400003433227539">
        </Bone>
      </Part>
    </Brick>
    <Brick refID="61" designID="2335">
      <Part refID="61" designID="2335" materials="1">
        <Bone refID="61" transformation="0,0,1.0000001192092896,-1.0000001192092896,0,0,0,-1.0000001192092896,0,-0.78200089931488037,5.0500020980834961,-4.1400003433227539">
        </Bone>
      </Part>
    </Brick>
    <Brick refID="62" designID="2335">
      <Part refID="62" designID="2335" materials="1">
        <Bone refID="62" transformation="0,0,1.0000001192092896,-1.0000001192092896,0,0,0,-1.0000001192092896,0,2.4179995059967041,5.0500020980834961,-4.1400003433227539">
        </Bone>
      </Part>
    </Brick>
  </Bricks>
  <RigidSystems>
    <RigidSystem>
      <Rigid refID="0" transformation="1,0,0,0,1,0,0,0,1,0,2.9200007915496826,0" boneRefs="0"/>
      <Rigid refID="1" transformation="1,0,0,0,1,0,0,0,1,-0.40000113844871521,3.2400004863739014,0.40000033378601074" boneRefs="1"/>
      <Rigid refID="2" transformation="-0.70710599422454834,0,-0.70710760354995728,-0.67193996906280518,0.31144097447395325,0.67193877696990967,0.22022232413291931,0.95026576519012451,-0.22022128105163574,-0.85806620121002197,2.7025516033172607,0.85806441307067871" boneRefs="2"/>
      <Rigid refID="3" transformation="0,0,-1.0000001192092896,-0.96008133888244629,0.27972161769866943,0,0.2797214686870575,0.96008133888244629,0,-1.1856762170791626,2.7025630474090576,0" boneRefs="3"/>
      <Rigid refID="4" transformation="-0.70710742473602295,0,0.70710611343383789,0.67193877696990967,0.31144005060195923,0.6719401478767395,-0.220221146941185,0.95026588439941406,-0.22022140026092529,0.85806310176849365,2.7025516033172607,0.85806441307067871" boneRefs="4"/>
      <Rigid refID="5" transformation="0,0,1.0000001192092896,0.96008133888244629,0.27972161769866943,0,-0.2797214686870575,0.96008133888244629,0,1.1856769323348999,2.7025630474090576,0" boneRefs="5"/>
      <Rigid refID="6" transformation="0.70710599422454834,0,0.70710766315460205,0.67194008827209473,0.31144055724143982,-0.67193853855133057,-0.22022202610969543,0.95026570558547974,0.22022143006324768,0.85806310176849365,2.7025477886199951,-0.85806417465209961" boneRefs="6"/>
      <Rigid refID="7" transformation="0.70710766315460205,0,-0.70710599422454834,-0.67193853855133057,0.31144076585769653,-0.67193996906280518,0.22022148966789246,0.95026558637619019,0.22022221982479095,-0.9146343469619751,2.7025516033172607,-0.80149459838867188" boneRefs="7"/>
      <Rigid refID="8" transformation="-1,0,0,0,0.28640049695968628,0.95811009407043457,0,0.95811009407043457,-0.28640034794807434,0,2.7024867534637451,1.191509485244751" boneRefs="8"/>
      <Rigid refID="9" transformation="1,0,0,0,0.28691622614860535,-0.95795565843582153,0,0.95795565843582153,0.28691622614860535,0,2.7024829387664795,-1.1919600963592529" boneRefs="9"/>
      <Rigid refID="10" transformation="0.99999994039535522,0,0,0,0,-1,0,1,0,0,4.4900007247924805,0" boneRefs="10"/>
      <Rigid refID="11" transformation="0,1.0000001192092896,0,0,0,-1.0000001192092896,-1.0000001192092896,0,0,-1.1999996900558472,4.2500009536743164,0.57999992370605469" boneRefs="11,12,13,14,15,16,17,18,19,20,21,22,23,24,25,26,27,28,29,30,31,32"/>
      <Rigid refID="12" transformation="-1,0,0,0,-1,0,0,0,1,0,2.2999980449676514,0" boneRefs="33"/>
      <Rigid refID="13" transformation="1,0,0,0,1,0,0,0,1,0,0.63999843597412109,0" boneRefs="34,35"/>
      <Rigid refID="14" transformation="0,0,1.0000001192092896,-1.0000001192092896,0,0,0,-1.0000001192092896,0,-1.7600003480911255,4.25,-1.8999998569488525" boneRefs="36"/>
      <Rigid refID="15" transformation="0,1.0000001192092896,0,0,0,-1.0000001192092896,-1.0000001192092896,0,0,-1.2000001668930054,2.6499993801116943,-1.9800000190734863" boneRefs="37,38,39,40,41,42,43,44,45"/>
      <Rigid refID="16" transformation="0.99999994039535522,0,0,0,0,-1,0,1,0,-1.1999994516372681,1.0499992370605469,-2.2999999523162842" boneRefs="46"/>
      <Rigid refID="17" transformation="0,1.0000001192092896,0,0,0,-1.0000001192092896,-1.0000001192092896,0,0,1.2000006437301636,1.0499992370605469,-1.6600000858306885" boneRefs="47,48,49,50,51,52,53,54,55"/>
      <Rigid refID="18" transformation="0,0,1.0000001192092896,1.0000001192092896,0,0,0,1.0000001192092896,0,1.7600007057189941,4.2500009536743164,-1.8999998569488525" boneRefs="56"/>
      <Rigid refID="19" transformation="0,0,1.0000001192092896,-1.0000001192092896,0,0,0,-1.0000001192092896,0,2.4179990291595459,5.0500020980834961,-7.0200004577636719" boneRefs="57"/>
      <Rigid refID="20" transformation="0,0,1.0000001192092896,-1.0000001192092896,0,0,0,-1.0000001192092896,0,-0.78200089931488037,5.0500020980834961,-7.0200004577636719" boneRefs="58"/>
      <Rigid refID="21" transformation="0,0,1.0000001192092896,-1.0000001192092896,0,0,0,-1.0000001192092896,0,2.4179990291595459,5.0500020980834961,-7.0200004577636719" boneRefs="59"/>
      <Rigid refID="22" transformation="0,0,1.0000001192092896,-1.0000001192092896,0,0,0,-1.0000001192092896,0,2.4179995059967041,5.0500020980834961,-4.1400003433227539" boneRefs="60"/>
      <Rigid refID="23" transformation="0,0,1.0000001192092896,-1.0000001192092896,0,0,0,-1.0000001192092896,0,-0.78200089931488037,5.0500020980834961,-4.1400003433227539" boneRefs="61"/>
      <Rigid refID="24" transformation="0,0,1.0000001192092896,-1.0000001192092896,0,0,0,-1.0000001192092896,0,2.4179995059967041,5.0500020980834961,-4.1400003433227539" boneRefs="62"/>
      <Joint type="hinge">
        <RigidRef rigidRef="10" a="0,0,-1.0000001192092896" z="1.0000001192092896,0,0" t="0,0,-3.200000524520874"/>
        <RigidRef rigidRef="0" a="0,-1.0000001192092896,0" z="1,0,0" t="0,-1.6300005912780762,0"/>
      </Joint>
      <Joint type="hinge">
        <RigidRef rigidRef="1" a="0,1,0" z="0,0,1" t="0.40000000596046448,0,-0.40000003576278687"/>
        <RigidRef rigidRef="0" a="0,1,0" z="0,0,1" t="0,0.31999999284744263,0"/>
      </Joint>
      <Joint type="hinge">
        <RigidRef rigidRef="8" a="1.0000001192092896,0,0" z="0,1.0000001192092896,0" t="0.15999999642372131,0.24799999594688416,0.80000001192092896"/>
        <RigidRef rigidRef="1" a="-1.0000001192092896,0,0" z="0,0.28640055656433105,0.95811021327972412" t="0.24000109732151031,0.30000162124633789,0.80000019073486328"/>
      </Joint>
      <Joint type="hinge">
        <RigidRef rigidRef="5" a="1.0000001192092896,0,0" z="0,1.0000001192092896,0" t="0.15999999642372131,0.24799999594688416,0.80000001192092896"/>
        <RigidRef rigidRef="1" a="0,0,1.0000002384185791" z="0.96008145809173584,0.27972167730331421,0" t="1.6000010967254639,0.29999852180480957,-0.24000014364719391"/>
      </Joint>
      <Joint type="hinge">
        <RigidRef rigidRef="10" a="0,0,-1.0000001192092896" z="1.0000001192092896,0,0" t="0,0,-3.200000524520874"/>
        <RigidRef rigidRef="1" a="0,-1.0000001192092896,0" z="1,0,0" t="0.40000095963478088,-1.9500002861022949,-0.40000027418136597"/>
      </Joint>
      <Joint type="hinge">
        <RigidRef rigidRef="3" a="1.0000001192092896,0,0" z="0,1.0000001192092896,0" t="0.15999999642372131,0.24799999594688416,0.80000001192092896"/>
        <RigidRef rigidRef="1" a="0,0,-1.0000002384185791" z="-0.96008145809173584,0.27972167730331421,0" t="-0.79999804496765137,0.29999852180480957,-0.56000018119812012"/>
      </Joint>
      <Joint type="hinge">
        <RigidRef rigidRef="6" a="1.0000001192092896,0,0" z="0,1.0000001192092896,0" t="0.15999999642372131,0.24799999594688416,0.80000001192092896"/>
        <RigidRef rigidRef="1" a="0.70710605382919312,0,0.7071077823638916" z="0.6719401478767395,0.31144061684608459,-0.67193865776062012" t="1.3616646528244019,0.29999709129333496,-1.1353908777236938"/>
      </Joint>
      <Joint type="hinge">
        <RigidRef rigidRef="7" a="1.0000001192092896,0,0" z="0,1.0000001192092896,0" t="0.15999999642372131,0.24799999594688416,0.80000001192092896"/>
        <RigidRef rigidRef="1" a="0.7071077823638916,0,-0.70710605382919312" z="-0.67193865776062012,0.31144082546234131,-0.67194002866744995" t="-0.39195951819419861,0.30000090599060059,-1.3050951957702637"/>
      </Joint>
      <Joint type="hinge">
        <RigidRef rigidRef="4" a="1.0000001192092896,0,0" z="0,1.0000001192092896,0" t="0.15999999642372131,0.24799999594688416,0.80000001192092896"/>
        <RigidRef rigidRef="1" a="-0.7071075439453125,0,0.70710617303848267" z="0.67193889617919922,0.311440110206604,0.67194020748138428" t="1.1353909969329834,0.30000090599060059,0.56166505813598633"/>
      </Joint>
      <Joint type="hinge">
        <RigidRef rigidRef="2" a="1.0000001192092896,0,0" z="0,1.0000001192092896,0" t="0.15999999642372131,0.24799999594688416,0.80000001192092896"/>
        <RigidRef rigidRef="1" a="-0.70710605382919312,0,-0.70710772275924683" z="-0.67194002866744995,0.31144103407859802,0.67193889617919922" t="-0.56166529655456543,0.30000114440917969,0.33539062738418579"/>
      </Joint>
      <Joint type="hinge">
        <RigidRef rigidRef="9" a="1.0000001192092896,0,0" z="0,1.0000001192092896,0" t="0.15999999642372131,0.24799999594688416,0.80000001192092896"/>
        <RigidRef rigidRef="1" a="1.0000001192092896,0,0" z="0,0.28691628575325012,-0.95795577764511108" t="0.56000113487243652,0.30000209808349609,-1.6000005006790161"/>
      </Joint>
      <Joint type="hinge">
        <RigidRef rigidRef="13" a="0,0.99999994039535522,0" z="1,0,0" t="0,1.1380000114440918,0"/>
        <RigidRef rigidRef="10" a="0,0,0.99999994039535522" z="1.0000001192092896,0,0" t="0,0,-2.7120022773742676"/>
      </Joint>
      <Joint type="hinge">
        <RigidRef rigidRef="12" a="0,-0.99999994039535522,0" z="1,0,0" t="0,0.20999999344348907,0"/>
        <RigidRef rigidRef="10" a="0,0,0.99999994039535522" z="-1.0000001192092896,0,0" t="0,0,-2.4000027179718018"/>
      </Joint>
      <Joint type="hinge">
        <RigidRef rigidRef="11" a="1,0,0" z="0,0,-0.99999994039535522" t="0.39999991655349731,0.57999986410140991,-1.1999996900558472"/>
        <RigidRef rigidRef="10" a="0,0,1.0000001192092896" z="1.0000001192092896,0,0" t="0,0,0.16000032424926758"/>
      </Joint>
      <Joint type="hinge">
        <RigidRef rigidRef="15" a="0,0.99999988079071045,0" z="0.99999988079071045,0,0" t="1.5999993085861206,0.31999993324279785,0"/>
        <RigidRef rigidRef="11" a="0,0.99999988079071045,0" z="0.99999988079071045,0,0" t="0,2.8799996376037598,0"/>
      </Joint>
      <Joint type="hinge">
        <RigidRef rigidRef="22" a="0,-1,0" z="1.0000001192092896,0,0" t="0,1.0000002384185791,0"/>
        <RigidRef rigidRef="11" a="0,0,-1" z="0,-1.0000001192092896,0" t="0.80000096559524536,4.7199997901916504,-2.6179983615875244"/>
      </Joint>
      <Joint type="hinge">
        <RigidRef rigidRef="19" a="0,-1,0" z="1.0000001192092896,0,0" t="0,1.0000002384185791,0"/>
        <RigidRef rigidRef="11" a="0,0,-1" z="0,-1.0000001192092896,0" t="0.80000054836273193,7.599998950958252,-2.6179976463317871"/>
      </Joint>
      <Joint type="hinge">
        <RigidRef rigidRef="17" a="0,0.99999988079071045,0" z="0.99999988079071045,0,0" t="3.2000002861022949,0.63999968767166138,0"/>
        <RigidRef rigidRef="11" a="0,0.99999988079071045,0" z="0.99999988079071045,0,0" t="0,2.8799996376037598,-2.3999991416931152"/>
      </Joint>
      <Joint type="hinge">
        <RigidRef rigidRef="15" a="0,0,1" z="0,-1,0" t="1.5999997854232788,-0.080000013113021851,0.56000000238418579"/>
        <RigidRef rigidRef="14" a="0,1,0" z="0,0,1" t="0,0,0"/>
      </Joint>
      <Joint type="hinge">
        <RigidRef rigidRef="16" a="0,1,0" z="0,0,1" t="0,0,0"/>
        <RigidRef rigidRef="15" a="0,1,0" z="0,0,1" t="-1.6000001430511475,0.32000008225440979,0"/>
      </Joint>
      <Joint type="hinge">
        <RigidRef rigidRef="17" a="0,1,0" z="0,0,1" t="0,0.6399998664855957,0"/>
        <RigidRef rigidRef="16" a="0,1,0" z="0,0,1" t="2.3999998569488525,0,0"/>
      </Joint>
      <Joint type="hinge">
        <RigidRef rigidRef="18" a="0,1,0" z="0,0,1" t="0,0.31999999284744263,0"/>
        <RigidRef rigidRef="17" a="0,0,-0.99999988079071045" z="0,0.99999988079071045,0" t="3.2000012397766113,0.23999924957752228,-0.87999832630157471"/>
      </Joint>
      <Joint type="hinge">
        <RigidRef rigidRef="20" a="0,1,0" z="0,0,1" t="0,0.31999999284744263,0"/>
        <RigidRef rigidRef="19" a="0,1,0" z="0,0,1" t="0,3.5199995040893555,0"/>
      </Joint>
      <Joint type="hinge">
        <RigidRef rigidRef="21" a="0,-1,0" z="0,0,1" t="0,0,0"/>
        <RigidRef rigidRef="19" a="0,-1,0" z="0,0,1" t="0,0,0"/>
      </Joint>
      <Joint type="hinge">
        <RigidRef rigidRef="24" a="0,-1,0" z="0,0,1" t="0,0,0"/>
        <RigidRef rigidRef="22" a="0,-1,0" z="0,0,1" t="0,0,0"/>
      </Joint>
      <Joint type="hinge">
        <RigidRef rigidRef="23" a="0,1,0" z="0,0,1" t="0,0.31999999284744263,0"/>
        <RigidRef rigidRef="22" a="0,1,0" z="0,0,1" t="0,3.5199999809265137,0"/>
      </Joint>
    </RigidSystem>
  </RigidSystems>
  <GroupSystems>
    <GroupSystem>
    </GroupSystem>
  </GroupSystems>
  <BuildingInstructions>
  </BuildingInstructions>
</LXFML>
