<?xml version="1.0" encoding="UTF-8" standalone="no" ?>
<LXFML versionMajor="5" versionMinor="0">
  <Meta>
    <Application name="LEGO Universe" versionMajor="0" versionMinor="0"/>
    <Brand name="LEGOUniverse"/>
    <BrickSet version="330"/>
  </Meta>
  <Bricks>
    <Brick refID="0" designID="43900">
      <Part refID="0" designID="43900" materials="154">
        <Bone refID="0" transformation="0,-0.20539151132106781,0.97867995500564575,0,0.97868001461029053,0.20539151132106781,-1.0000001192092896,0,0,0.0050104260444641113,9.9756765365600586,2.8020093441009521">
        </Bone>
      </Part>
    </Brick>
    <Brick refID="1" designID="6133">
      <Part refID="1" designID="6133" materials="154">
        <Bone refID="1" transformation="-0.61283779144287109,0.68434107303619385,-0.39510473608970642,0,-0.50000011920928955,-0.86602538824081421,-0.79020911455154419,-0.53073281049728394,0.30641874670982361,-1.431143045425415,7.1058893203735352,2.6721341609954834">
        </Bone>
      </Part>
    </Brick>
    <Brick refID="2" designID="6028">
      <Part refID="2" designID="6028" materials="154">
        <Bone refID="2" transformation="-0.15780496597290039,0,0.98747032880783081,0,1,0,-0.98747032880783081,0,-0.15780496597290039,-0.54490107297897339,3.9483873844146729,-1.326496958732605">
        </Bone>
      </Part>
    </Brick>
    <Brick refID="3" designID="6128">
      <Part refID="3" designID="6128" materials="154">
        <Bone refID="3" transformation="0,0,1,0,0.99999994039535522,0,-1,0,0,0.1350591778755188,7.1128673553466797,3.4654386043548584">
        </Bone>
      </Part>
    </Brick>
    <Brick refID="4" designID="6127">
      <Part refID="4" designID="6127" materials="154">
        <Bone refID="4" transformation="0,0.37302398681640625,0.92782187461853027,0,-0.92782169580459595,0.37302398681640625,1.0000001192092896,0,0,-0.13804835081100464,7.1128664016723633,3.4654386043548584">
        </Bone>
      </Part>
    </Brick>
    <Brick refID="5" designID="87580">
      <Part refID="5" designID="87580" materials="199">
        <Bone refID="5" transformation="0,0,1,0,0.99999994039535522,0,-1,0,0,-1.1999990940093994,3.1999962329864502,2.0000016689300537">
        </Bone>
      </Part>
    </Brick>
    <Brick refID="6" designID="87079">
      <Part refID="6" designID="87079" materials="199">
        <Bone refID="6" transformation="1,0,0,0,1,0,0,0,1,-1.200002908706665,3.1999962329864502,1.1999986171722412">
        </Bone>
      </Part>
    </Brick>
    <Brick refID="7" designID="4216">
      <Part refID="7" designID="4216" materials="194">
        <Bone refID="7" transformation="-1,0,0,0,1,0,0,0,-1,0.39999562501907349,2.2399964332580566,0.39999938011169434">
        </Bone>
      </Part>
    </Brick>
    <Brick refID="8" designID="3678">
      <Part refID="8" designID="3678" materials="194,0,0" decoration="0,0">
        <Bone refID="8" transformation="-1,0,0,0,1,0,0,0,-1,0.39999562501907349,0.31999635696411133,0.39999938011169434">
        </Bone>
      </Part>
    </Brick>
    <Brick refID="9" designID="3958">
      <Part refID="9" designID="3958" materials="199">
        <Bone refID="9" transformation="0,0,1,0,0.99999994039535522,0,-1,0,0,-2.0000002384185791,0,-0.39999985694885254">
        </Bone>
      </Part>
    </Brick>
    <Brick refID="10" designID="3685">
      <Part refID="10" designID="3685" materials="199">
        <Bone refID="10" transformation="0,0,1,0,0.99999994039535522,0,-1,0,0,-1.2000048160552979,0.31900858879089355,0.40000128746032715">
        </Bone>
      </Part>
    </Brick>
    <Brick refID="11" designID="4216">
      <Part refID="11" designID="4216" materials="194">
        <Bone refID="11" transformation="0,0,1,0,0.99999994039535522,0,-1,0,0,-1.200002908706665,2.2399964332580566,1.2000024318695068">
        </Bone>
      </Part>
    </Brick>
    <Brick refID="12" designID="3678">
      <Part refID="12" designID="3678" materials="194,0,0" decoration="0,0">
        <Bone refID="12" transformation="0,0,1,0,0.99999994039535522,0,-1,0,0,-1.200002908706665,0.31999564170837402,1.2000024318695068">
        </Bone>
      </Part>
    </Brick>
    <Brick refID="13" designID="3685">
      <Part refID="13" designID="3685" materials="199">
        <Bone refID="13" transformation="-1,0,0,0,1,0,0,0,-1,1.1999983787536621,0.31899714469909668,0.39999938011169434">
        </Bone>
      </Part>
    </Brick>
    <Brick refID="14" designID="3685">
      <Part refID="14" designID="3685" materials="199">
        <Bone refID="14" transformation="1,0,0,0,1,0,0,0,1,-1.200002908706665,0.31899333000183105,2.8000028133392334">
        </Bone>
      </Part>
    </Brick>
    <Brick refID="15" designID="4216">
      <Part refID="15" designID="4216" materials="194">
        <Bone refID="15" transformation="0,0,-1,0,0.99999994039535522,0,1,0,0,1.1999986171722412,2.2399964332580566,1.9999997615814209">
        </Bone>
      </Part>
    </Brick>
    <Brick refID="16" designID="3678">
      <Part refID="16" designID="3678" materials="194,0,0" decoration="0,0">
        <Bone refID="16" transformation="0,0,-1,0,0.99999994039535522,0,1,0,0,1.1999986171722412,0.31999564170837402,1.9999997615814209">
        </Bone>
      </Part>
    </Brick>
    <Brick refID="17" designID="4216">
      <Part refID="17" designID="4216" materials="194">
        <Bone refID="17" transformation="1,0,0,0,1,0,0,0,1,-0.39999979734420776,2.2399957180023193,2.8000009059906006">
        </Bone>
      </Part>
    </Brick>
    <Brick refID="18" designID="3678">
      <Part refID="18" designID="3678" materials="194,0,0" decoration="0,0">
        <Bone refID="18" transformation="1,0,0,0,1,0,0,0,1,-0.39999979734420776,0.31999588012695313,2.8000009059906006">
        </Bone>
      </Part>
    </Brick>
    <Brick refID="19" designID="3685">
      <Part refID="19" designID="3685" materials="199">
        <Bone refID="19" transformation="0,0,-1,0,0.99999994039535522,0,1,0,0,1.1999995708465576,0.31899666786193848,2.7999997138977051">
        </Bone>
      </Part>
    </Brick>
    <Brick refID="20" designID="87580">
      <Part refID="20" designID="87580" materials="199">
        <Bone refID="20" transformation="0,0,1,0,0.99999994039535522,0,-1,0,0,0.39999943971633911,3.1989972591400146,1.9999997615814209">
        </Bone>
      </Part>
    </Brick>
    <Brick refID="21" designID="75174">
      <Part refID="21" designID="75174" materials="154">
        <Bone refID="21" transformation="0,0,1,0,0.99999994039535522,0,-1,0,0,-0.80000132322311401,3.5189971923828125,1.6000000238418579">
        </Bone>
      </Part>
    </Brick>
    <Brick refID="22" designID="6133">
      <Part refID="22" designID="6133" materials="154">
        <Bone refID="22" transformation="0.60617846250534058,0.68877488374710083,-0.3976643979549408,0,-0.49999994039535522,-0.86602556705474854,-0.79532873630523682,0.52496612071990967,-0.30308955907821655,1.238717794418335,7.2406835556030273,2.5943124294281006">
        </Bone>
      </Part>
    </Brick>
  </Bricks>
  <RigidSystems>
    <RigidSystem>
      <Rigid refID="0" transformation="0,-0.20539151132106781,0.97867995500564575,0,0.97868001461029053,0.20539151132106781,-1.0000001192092896,0,0,-0.79498958587646484,9.9756765365600586,1.2020093202590942" boneRefs="0"/>
      <Rigid refID="1" transformation="-0.61283779144287109,0.68434107303619385,-0.39510473608970642,0,-0.50000011920928955,-0.86602538824081421,-0.79020911455154419,-0.53073281049728394,0.30641874670982361,-2.2311429977416992,7.1058893203735352,1.0721341371536255" boneRefs="1"/>
      <Rigid refID="2" transformation="-0.15780496597290039,0,0.98747032880783081,0,1,0,-0.98747032880783081,0,-0.15780496597290039,-1.3449010848999023,3.9483873844146729,-2.9264969825744629" boneRefs="2"/>
      <Rigid refID="3" transformation="0,0,1,0,0.99999994039535522,0,-1,0,0,-0.66494083404541016,7.1128673553466797,1.8654385805130005" boneRefs="3"/>
      <Rigid refID="4" transformation="0,0.37302398681640625,0.92782187461853027,0,-0.92782169580459595,0.37302398681640625,1.0000001192092896,0,0,-0.93804836273193359,7.1128664016723633,1.8654385805130005" boneRefs="4"/>
      <Rigid refID="5" transformation="0,0,1,0,0.99999994039535522,0,-1,0,0,-1.9999990463256836,3.1999962329864502,0.4000016450881958" boneRefs="5,6,7,8,9,10,11,12,13,14,15,16,17,18,19,20,21"/>
      <Rigid refID="6" transformation="0.60617846250534058,0.68877488374710083,-0.3976643979549408,0,-0.49999994039535522,-0.86602556705474854,-0.79532873630523682,0.52496612071990967,-0.30308955907821655,0.43871778249740601,7.2406835556030273,0.99431240558624268" boneRefs="22"/>
      <Joint type="hinge">
        <RigidRef rigidRef="5" a="0,0,-1" z="1,0,0" t="0.80200839042663574,6.7756805419921875,-1.205007791519165"/>
        <RigidRef rigidRef="0" a="0,0,-1" z="-1,0,0" t="0,0,0"/>
      </Joint>
      <Joint type="hinge">
        <RigidRef rigidRef="5" a="-0.86602544784545898,-0.49999997019767761,0" z="0,0,1" t="0.5636933445930481,3.6433908939361572,-0.063007712364196777"/>
        <RigidRef rigidRef="1" a="0,1,0" z="0.61283743381500244,0,0.79020911455154419" t="-0.31706303358078003,0.22516220808029175,-0.12635055184364319"/>
      </Joint>
      <Joint type="hinge">
        <RigidRef rigidRef="5" a="0,-1,0" z="-1,0,0" t="-4.2014718055725098,1.3883910179138184,-1.1999976634979248"/>
        <RigidRef rigidRef="2" a="0,-1,0" z="-1,0,0" t="-0.94999998807907104,0.63999998569488525,-0.40000000596046448"/>
      </Joint>
      <Joint type="hinge">
        <RigidRef rigidRef="5" a="0,0,-1" z="0,1,0" t="1.4654383659362793,3.9128708839416504,-1.9970077276229858"/>
        <RigidRef rigidRef="3" a="0,0,-1" z="0,1,0" t="0,0,-0.6619495153427124"/>
      </Joint>
      <Joint type="hinge">
        <RigidRef rigidRef="5" a="0,0,1" z="0,-1,0" t="1.4654383659362793,3.9128708839416504,-0.39999771118164063"/>
        <RigidRef rigidRef="4" a="0,0,-1" z="-0.3730238676071167,0.92782175540924072,0" t="0,0,-0.6619529128074646"/>
      </Joint>
      <Joint type="hinge">
        <RigidRef rigidRef="5" a="-0.86602544784545898,-0.49999997019767761,0" z="0,0,1" t="0.5636933445930481,3.6433908939361572,-2.3470077514648437"/>
        <RigidRef rigidRef="6" a="0,1,0" z="-0.60617858171463013,0,0.79532855749130249" t="-0.3170643150806427,0.22516384720802307,-0.12634852528572083"/>
      </Joint>
    </RigidSystem>
  </RigidSystems>
  <GroupSystems>
    <GroupSystem>
    </GroupSystem>
  </GroupSystems>
</LXFML>
