<?xml version="1.0" encoding="UTF-8" standalone="no" ?>
<LXFML versionMajor="5" versionMinor="0">
  <Meta>
    <Application name="CCOP" versionMajor="0" versionMinor="0"/>
    <Brand name="LEGOUniverse"/>
    <BrickSet version="215"/>
  </Meta>
  <Bricks>
    <Brick refID="0" designID="87695">
      <Part refID="0" designID="87695" materials="199">
        <Bone refID="0" transformation="1,0,0,0,0.99727767705917358,0.073737606406211853,0,-0.073737606406211853,0.99727767705917358,0,8.4181947708129883,-4.845217227935791">
        </Bone>
      </Part>
    </Brick>
    <Brick refID="1" designID="30175">
      <Part refID="1" designID="30175" materials="199">
        <Bone refID="1" transformation="-1,0,0,0,0.99727773666381836,0.073739469051361084,0,0.073739469051361084,-0.99727755784988403,0,8.1428661346435547,-4.1887345314025879">
        </Bone>
      </Part>
    </Brick>
    <Brick refID="2" designID="3626">
      <Part refID="2" designID="3626" materials="199,0,0,0" decoration="0,0,0">
        <Bone refID="2" transformation="1,0,0,0,0.99727761745452881,0.073737598955631256,0,-0.073737598955631256,0.99727761745452881,0,7.1854801177978516,-4.2595257759094238">
        </Bone>
      </Part>
    </Brick>
    <Brick refID="3" designID="76382">
      <Part refID="3" designID="3814" materials="199,0,0" decoration="0,0">
        <Bone refID="3" transformation="-1,0,0,0,0.99727773666381836,0.073739469051361084,0,0.073739469051361084,-0.99727755784988403,0.40000343322753906,5.7593741416931152,-4.3649735450744629">
        </Bone>
      </Part>
      <Part refID="4" designID="3818" materials="199">
        <Bone refID="4" transformation="-0.9832492470741272,-0.18176788091659546,-0.013468777760863304,-0.17915248870849609,0.95020925998687744,0.25496548414230347,-0.033546373248100281,0.25310757756233215,-0.96685636043548584,0.62000465393066406,6.6668968200683594,-4.2978730201721191">
        </Bone>
      </Part>
      <Part refID="5" designID="3819" materials="199">
        <Bone refID="5" transformation="-0.98325437307357788,0.18174245953559875,0.013434854336082935,0.16920635104179382,0.93783396482467651,-0.3030456006526947,-0.067675918340682983,-0.2956976592540741,-0.9528813362121582,-0.61999320983886719,6.6668968200683594,-4.2978730201721191">
        </Bone>
      </Part>
      <Part refID="6" designID="3820" materials="199">
        <Bone refID="6" transformation="-0.87269985675811768,-0.47891291975975037,-0.095064997673034668,-0.48710140585899353,0.84058445692062378,0.23696047067642212,-0.033573277294635773,0.253101646900177,-0.96685695648193359,0.85420799255371094,6.6092324256896973,-5.0273842811584473">
        </Bone>
      </Part>
      <Part refID="7" designID="3820" materials="199">
        <Bone refID="7" transformation="-0.9940798282623291,-0.061383608728647232,0.089650921523571014,-0.085000723600387573,0.95330798625946045,-0.28979092836380005,-0.067676521837711334,-0.2956957221031189,-0.95288187265396118,-0.92050552368164063,6.238102912902832,-4.8601136207580566">
        </Bone>
      </Part>
    </Brick>
    <Brick refID="4" designID="30174">
      <Part refID="8" designID="30174" materials="199">
        <Bone refID="8" transformation="1,0,0,0,0.99727761745452881,0.073737598955631256,0,-0.073737598955631256,0.99727761745452881,0,7.0358891487121582,-4.2705864906311035">
        </Bone>
      </Part>
    </Brick>
    <Brick refID="5" designID="73200">
      <Part refID="9" designID="3815" materials="199">
        <Bone refID="9" transformation="-1,0,0,0,0.99727773666381836,0.073739469051361084,0,0.073739469051361084,-0.99727755784988403,0.40000319480895996,5.7593741416931152,-4.3649740219116211">
        </Bone>
      </Part>
      <Part refID="10" designID="3816" materials="199">
        <Bone refID="10" transformation="-1,0,0,0,0.99999880790710449,0.0015868066111579537,0,0.0015868066111579537,-0.99999874830245972,0.39999008178710938,4.1605310440063477,-4.4007821083068848">
        </Bone>
      </Part>
      <Part refID="11" designID="3817" materials="199">
        <Bone refID="11" transformation="-1,0,0,0,1,0,0,0,-1,-0.39999771118164063,4.1606659889221191,-4.4000000953674316">
        </Bone>
      </Part>
    </Brick>
    <Brick refID="6" designID="30173">
      <Part refID="12" designID="30173" materials="199">
        <Bone refID="12" transformation="0.028953259810805321,-0.0085196308791637421,-0.99954444169998169,-0.47920197248458862,0.87744468450546265,-0.02135971374809742,0.87722694873809814,0.47960212826728821,0.021322255954146385,1.2671737670898437,5.9304132461547852,-5.3985886573791504">
        </Bone>
      </Part>
    </Brick>
    <Brick refID="7" designID="4150">
      <Part refID="13" designID="4150" materials="24,0" decoration="0">
        <Bone refID="13" transformation="-1,0,0,0,8.662157051730901E-005,-1,0,-1,-8.6517691670451313E-005,0.39700126647949219,2.9606776237487793,-4.9600615501403809">
        </Bone>
      </Part>
    </Brick>
    <Brick refID="8" designID="44728">
      <Part refID="14" designID="44728" materials="199">
        <Bone refID="14" transformation="-1,0,0,0,1,8.6588130216114223E-005,0,8.6588130216114223E-005,-1,0.39999961853027344,3.8406293392181396,-4.3999848365783691">
        </Bone>
      </Part>
    </Brick>
    <Brick refID="9" designID="4286">
      <Part refID="15" designID="4286" materials="199">
        <Bone refID="15" transformation="0,-8.6588173871859908E-005,1,0,0.99999994039535522,8.6588173871859908E-005,-1,0,0,-0.39999961853027344,2.8806266784667969,-4.4000658988952637">
        </Bone>
      </Part>
    </Brick>
    <Brick refID="10" designID="4216">
      <Part refID="16" designID="4216" materials="194">
        <Bone refID="16" transformation="-1,0,0,0,1,8.6588137492071837E-005,0,8.6588137492071837E-005,-1,-0.39999595284461975,1.9206269979476929,-4.400148868560791">
        </Bone>
      </Part>
    </Brick>
    <Brick refID="11" designID="4286">
      <Part refID="17" designID="4286" materials="199">
        <Bone refID="17" transformation="0,8.6588173871859908E-005,-1,0,0.99999994039535522,8.6588173871859908E-005,1,0,0,0.40000152587890625,2.880629301071167,-4.4000697135925293">
        </Bone>
      </Part>
    </Brick>
    <Brick refID="12" designID="4216">
      <Part refID="18" designID="4216" materials="194">
        <Bone refID="18" transformation="-1,0,0,0,1,8.6588137492071837E-005,0,8.6588137492071837E-005,-1,1.2000043392181396,1.9206322431564331,-4.4001526832580566">
        </Bone>
      </Part>
    </Brick>
    <Brick refID="13" designID="4216">
      <Part refID="19" designID="4216" materials="194">
        <Bone refID="19" transformation="-1,0,0,0,1,8.6588130216114223E-005,0,8.6588130216114223E-005,-1,-1.1999912261962891,0.96062421798706055,-4.4002289772033691">
        </Bone>
      </Part>
    </Brick>
    <Brick refID="14" designID="4216">
      <Part refID="20" designID="4216" materials="194">
        <Bone refID="20" transformation="-1,0,0,0,1,8.6588130216114223E-005,0,8.6588130216114223E-005,-1,0.40000724792480469,0.96062952280044556,-4.4002327919006348">
        </Bone>
      </Part>
    </Brick>
    <Brick refID="15" designID="4216">
      <Part refID="21" designID="4216" materials="194">
        <Bone refID="21" transformation="-1,0,0,0,1,8.6588130216114223E-005,0,8.6588130216114223E-005,-1,2.0000095367431641,0.96063482761383057,-4.4002366065979004">
        </Bone>
      </Part>
    </Brick>
    <Brick refID="16" designID="58181">
      <Part refID="22" designID="58181" materials="199">
        <Bone refID="22" transformation="0,-8.6588115664198995E-005,1,0,0.99999994039535522,8.6588115664198995E-005,-1,0,0,-1.9999980926513672,1.9206253290176392,-4.4001450538635254">
        </Bone>
      </Part>
    </Brick>
    <Brick refID="17" designID="4161">
      <Part refID="23" designID="4161" materials="199">
        <Bone refID="23" transformation="0,-8.6588115664198995E-005,1,0,0.99999994039535522,8.6588115664198995E-005,-1,0,0,-3.5999965667724609,0.96062004566192627,-4.4002251625061035">
        </Bone>
      </Part>
    </Brick>
    <Brick refID="18" designID="4216">
      <Part refID="24" designID="4216" materials="194">
        <Bone refID="24" transformation="-1,0,0,0,1,8.6588195699732751E-005,0,8.6588195699732751E-005,-1,-3.599992036819458,0.00061997753800824285,-4.4003143310546875">
        </Bone>
      </Part>
    </Brick>
    <Brick refID="19" designID="3005">
      <Part refID="25" designID="3005" materials="194,0" decoration="0">
        <Bone refID="25" transformation="-1,0,0,0,1,8.6588188423775136E-005,0,8.6588188423775136E-005,-1,-2.7999911308288574,0.96061885356903076,-4.4002275466918945">
        </Bone>
      </Part>
    </Brick>
    <Brick refID="20" designID="4216">
      <Part refID="26" designID="4216" materials="194">
        <Bone refID="26" transformation="-1,0,0,0,1,8.6588137492071837E-005,0,8.6588137492071837E-005,-1,-1.9999884366989136,0.00062152929604053497,-4.4003129005432129">
        </Bone>
      </Part>
    </Brick>
    <Brick refID="21" designID="4216">
      <Part refID="27" designID="4216" materials="194">
        <Bone refID="27" transformation="-1,0,0,0,1,8.6588130216114223E-005,0,8.6588130216114223E-005,-1,-0.39999008178710938,0.00062685314333066344,-4.4003129005432129">
        </Bone>
      </Part>
    </Brick>
    <Brick refID="22" designID="4216">
      <Part refID="28" designID="4216" materials="194">
        <Bone refID="28" transformation="-1,0,0,0,1,8.6588130216114223E-005,0,8.6588130216114223E-005,-1,1.2000112533569336,0.00063217879505828023,-4.4003167152404785">
        </Bone>
      </Part>
    </Brick>
    <Brick refID="23" designID="58181">
      <Part refID="29" designID="58181" materials="199">
        <Bone refID="29" transformation="0,8.6588115664198995E-005,-1,0,0.99999994039535522,8.6588115664198995E-005,1,0,0,2.0000123977661133,1.9202922582626343,-0.40015256404876709">
        </Bone>
      </Part>
    </Brick>
    <Brick refID="24" designID="4161">
      <Part refID="30" designID="4161" materials="199">
        <Bone refID="30" transformation="0,8.6588115664198995E-005,-1,0,0.99999994039535522,8.6588115664198995E-005,1,0,0,3.600010871887207,0.96050161123275757,-2.8002419471740723">
        </Bone>
      </Part>
    </Brick>
    <Brick refID="25" designID="4216">
      <Part refID="31" designID="4216" materials="194">
        <Bone refID="31" transformation="-1,0,0,0,1,8.6588195699732751E-005,0,8.6588195699732751E-005,-1,4.4000124931335449,0.00064270664006471634,-4.4003305435180664">
        </Bone>
      </Part>
    </Brick>
    <Brick refID="26" designID="3005">
      <Part refID="32" designID="3005" materials="194,0" decoration="0">
        <Bone refID="32" transformation="-1,0,0,0,1,8.6588188423775136E-005,0,8.6588188423775136E-005,-1,2.8000087738037109,0.96063750982284546,-4.4002351760864258">
        </Bone>
      </Part>
    </Brick>
    <Brick refID="27" designID="4216">
      <Part refID="33" designID="4216" materials="194">
        <Bone refID="33" transformation="-1,0,0,0,1,8.6588137492071837E-005,0,8.6588137492071837E-005,-1,2.8000121116638184,0.00063750334084033966,-4.4003205299377441">
        </Bone>
      </Part>
    </Brick>
    <Brick refID="28" designID="50746">
      <Part refID="34" designID="50746" materials="308">
        <Bone refID="34" transformation="0,8.6588173871859908E-005,-1,0,0.99999994039535522,8.6588173871859908E-005,1,0,0,-4.4000282287597656,12.160201072692871,0.40075457096099854">
        </Bone>
      </Part>
    </Brick>
    <Brick refID="29" designID="41763">
      <Part refID="35" designID="41763" materials="308">
        <Bone refID="35" transformation="-1,0,0,0,1,8.6588253907393664E-005,0,8.6588253907393664E-005,-1,-0.4000244140625,11.200214385986328,0.40066409111022949">
        </Bone>
      </Part>
    </Brick>
    <Brick refID="30" designID="4162">
      <Part refID="36" designID="4162" materials="308">
        <Bone refID="36" transformation="1,0,0,0,1.0000001192092896,0,0,0,1,-3.600024938583374,12.16020393371582,0.40075182914733887">
        </Bone>
      </Part>
    </Brick>
    <Brick refID="31" designID="41763">
      <Part refID="37" designID="41763" materials="308">
        <Bone refID="37" transformation="1,0,0,0,1.0000001192092896,0,0,0,1,0.3999791145324707,11.200218200683594,0.40066039562225342">
        </Bone>
      </Part>
    </Brick>
    <Brick refID="32" designID="50746">
      <Part refID="38" designID="50746" materials="308">
        <Bone refID="38" transformation="0,-8.6588188423775136E-005,1,0,1,8.6588195699732751E-005,-1,0,0,4.3999824523925781,12.16023063659668,0.40073800086975098">
        </Bone>
      </Part>
    </Brick>
    <Brick refID="33" designID="3069">
      <Part refID="39" designID="3069" materials="308,0" decoration="0">
        <Bone refID="39" transformation="1,0,0,0,1.0000001192092896,0,0,0,1,2.7997550964355469,12.160224914550781,0.4007418155670166">
        </Bone>
      </Part>
    </Brick>
    <Brick refID="34" designID="30136">
      <Part refID="40" designID="30136" materials="1">
        <Bone refID="40" transformation="1,0,0,0,1.0000001192092896,0,0,0,1,-0.40002155303955078,10.240214347839355,0.40058302879333496">
        </Bone>
      </Part>
    </Brick>
    <Brick refID="35" designID="3023">
      <Part refID="41" designID="3023" materials="308">
        <Bone refID="41" transformation="1,0,0,0,1,0,0,0,1,-0.40001788735389709,9.9202136993408203,0.40055203437805176">
        </Bone>
      </Part>
    </Brick>
    <Brick refID="36" designID="4477">
      <Part refID="42" designID="4477" materials="308">
        <Bone refID="42" transformation="1,0,0,0,1,0,0,0,1,-3.6000206470489502,9.6002035140991211,0.40053296089172363">
        </Bone>
      </Part>
    </Brick>
    <Brick refID="37" designID="3062">
      <Part refID="43" designID="3062" materials="1">
        <Bone refID="43" transformation="1,0,0,0,1,0,0,0,1,-2.8000202178955078,10.240207672119141,0.40058398246765137">
        </Bone>
      </Part>
    </Brick>
    <Brick refID="38" designID="3024">
      <Part refID="44" designID="3024" materials="308">
        <Bone refID="44" transformation="1,0,0,0,1,0,0,0,1,-2.8000175952911377,9.9202060699462891,0.40055632591247559">
        </Bone>
      </Part>
    </Brick>
    <Brick refID="39" designID="3062">
      <Part refID="45" designID="3062" materials="1">
        <Bone refID="45" transformation="1,0,0,0,1,0,0,0,1,2.799983024597168,10.240225791931152,0.40057253837585449">
        </Bone>
      </Part>
    </Brick>
    <Brick refID="40" designID="3024">
      <Part refID="46" designID="3024" materials="308">
        <Bone refID="46" transformation="1,0,0,0,1,0,0,0,1,2.7999873161315918,9.9202241897583008,0.40054488182067871">
        </Bone>
      </Part>
    </Brick>
    <Brick refID="41" designID="3070">
      <Part refID="47" designID="3070" materials="308">
        <Bone refID="47" transformation="1,0,0,0,1,0,0,0,1,-3.600017786026001,9.9202041625976563,0.40055727958679199">
        </Bone>
      </Part>
    </Brick>
    <Brick refID="42" designID="3069">
      <Part refID="48" designID="3069" materials="308,0" decoration="0">
        <Bone refID="48" transformation="-1,0,0,0,1,8.6588195699732751E-005,0,8.6588195699732751E-005,-1,-1.1997929811477661,9.9202117919921875,0.40055346488952637">
        </Bone>
      </Part>
    </Brick>
    <Brick refID="43" designID="3069">
      <Part refID="49" designID="3069" materials="308,0" decoration="0">
        <Bone refID="49" transformation="-1,0,0,0,1,8.6588195699732751E-005,0,8.6588195699732751E-005,-1,2.0002057552337646,9.920222282409668,0.40054583549499512">
        </Bone>
      </Part>
    </Brick>
    <Brick refID="44" designID="3070">
      <Part refID="50" designID="3070" materials="308">
        <Bone refID="50" transformation="1,0,0,0,1,0,0,0,1,3.5999832153320312,9.9202280044555664,0.40054202079772949">
        </Bone>
      </Part>
    </Brick>
    <Brick refID="45" designID="2431">
      <Part refID="51" designID="2431" materials="199,0" decoration="0">
        <Bone refID="51" transformation="-1,0,0,0,1,8.6588195699732751E-005,0,8.6588195699732751E-005,-1,1.20000159740448,2.5605649948120117,-3.6000990867614746">
        </Bone>
      </Part>
    </Brick>
    <Brick refID="46" designID="3020">
      <Part refID="52" designID="3020" materials="21">
        <Bone refID="52" transformation="-1,0,0,0,1,8.6588210251647979E-005,0,8.6588210251647979E-005,-1,1.2000021934509277,2.2405650615692139,-3.600125789642334">
        </Bone>
      </Part>
    </Brick>
    <Brick refID="47" designID="6179">
      <Part refID="53" designID="6179" materials="199">
        <Bone refID="53" transformation="-1,0,0,0,1,8.6588261183351278E-005,0,8.6588261183351278E-005,-1,1.2000031471252441,2.560495138168335,-2.8000974655151367">
        </Bone>
      </Part>
    </Brick>
    <Brick refID="48" designID="4161">
      <Part refID="54" designID="4161" materials="199">
        <Bone refID="54" transformation="-1,0,0,0,1,8.6588261183351278E-005,0,8.6588261183351278E-005,-1,-0.39999336004257202,2.8801431655883789,1.199937105178833">
        </Bone>
      </Part>
    </Brick>
    <Brick refID="49" designID="4161">
      <Part refID="55" designID="4161" materials="199">
        <Bone refID="55" transformation="-1,0,0,0,1,8.6588202975690365E-005,0,8.6588202975690365E-005,-1,2.0000102519989014,2.8801512718200684,1.1999341249465942">
        </Bone>
      </Part>
    </Brick>
    <Brick refID="50" designID="3008">
      <Part refID="56" designID="3008" materials="1">
        <Bone refID="56" transformation="1,0,0,0,1,0,0,0,1,-2.7999897003173828,1.9202054738998413,0.399863600730896">
        </Bone>
      </Part>
    </Brick>
    <Brick refID="51" designID="43888">
      <Part refID="57" designID="43888" materials="1">
        <Bone refID="57" transformation="1,0,0,0,1,0,0,0,1,-2.7999954223632813,3.8402054309844971,0.40003132820129395">
        </Bone>
      </Part>
    </Brick>
    <Brick refID="52" designID="3005">
      <Part refID="58" designID="3005" materials="1,0" decoration="0">
        <Bone refID="58" transformation="-1,0,0,0,1,8.6588202975690365E-005,0,8.6588202975690365E-005,-1,-2.7999932765960693,2.8802051544189453,0.39994716644287109">
        </Bone>
      </Part>
    </Brick>
    <Brick refID="53" designID="43888">
      <Part refID="59" designID="43888" materials="1">
        <Bone refID="59" transformation="1,0,0,0,1,0,0,0,1,2.8000063896179199,3.840224027633667,0.40001988410949707">
        </Bone>
      </Part>
    </Brick>
    <Brick refID="54" designID="3005">
      <Part refID="60" designID="3005" materials="1,0" decoration="0">
        <Bone refID="60" transformation="-1,0,0,0,1,8.6588202975690365E-005,0,8.6588202975690365E-005,-1,2.8000097274780273,2.8802237510681152,0.39993572235107422">
        </Bone>
      </Part>
    </Brick>
    <Brick refID="55" designID="58181">
      <Part refID="61" designID="58181" materials="199">
        <Bone refID="61" transformation="-1,0,0,0,1,8.6588195699732751E-005,0,8.6588195699732751E-005,-1,2.0000095367431641,3.8400123119354248,2.8000211715698242">
        </Bone>
      </Part>
    </Brick>
    <Brick refID="56" designID="58181">
      <Part refID="62" designID="58181" materials="199">
        <Bone refID="62" transformation="-1,0,0,0,1,8.6588195699732751E-005,0,8.6588195699732751E-005,-1,2.0000102519989014,4.7998766899108887,4.400111198425293">
        </Bone>
      </Part>
    </Brick>
    <Brick refID="57" designID="58181">
      <Part refID="63" designID="58181" materials="199">
        <Bone refID="63" transformation="-1,0,0,0,1,8.6588137492071837E-005,0,8.6588137492071837E-005,-1,2.0000112056732178,5.7597379684448242,6.0001926422119141">
        </Bone>
      </Part>
    </Brick>
    <Brick refID="58" designID="4216">
      <Part refID="64" designID="4216" materials="194">
        <Bone refID="64" transformation="0,-8.6588181147817522E-005,1,0,1,8.6588188423775136E-005,-1,0,0,-1.9999825954437256,0.96020704507827759,0.39978194236755371">
        </Bone>
      </Part>
    </Brick>
    <Brick refID="59" designID="4216">
      <Part refID="65" designID="4216" materials="194">
        <Bone refID="65" transformation="0,8.6588181147817522E-005,-1,0,1,8.6588188423775136E-005,1,0,0,2.0000190734863281,0.96015304327011108,1.1997730731964111">
        </Bone>
      </Part>
    </Brick>
    <Brick refID="60" designID="4216">
      <Part refID="66" designID="4216" materials="194">
        <Bone refID="66" transformation="0,-8.6588115664198995E-005,1,0,0.99999994039535522,8.6588115664198995E-005,-1,0,0,-1.9999828338623047,1.9201385974884033,1.1998611688613892">
        </Bone>
      </Part>
    </Brick>
    <Brick refID="61" designID="3005">
      <Part refID="67" designID="3005" materials="194,0" decoration="0">
        <Bone refID="67" transformation="-1,0,0,0,1,8.6588195699732751E-005,0,8.6588195699732751E-005,-1,-1.999976634979248,0.96006965637207031,1.9997715950012207">
        </Bone>
      </Part>
    </Brick>
    <Brick refID="62" designID="4216">
      <Part refID="68" designID="4216" materials="194">
        <Bone refID="68" transformation="0,-8.6588181147817522E-005,1,0,1,8.6588188423775136E-005,-1,0,0,-1.9999747276306152,0.00013836938887834549,1.1996916532516479">
        </Bone>
      </Part>
    </Brick>
    <Brick refID="63" designID="4216">
      <Part refID="69" designID="4216" materials="194">
        <Bone refID="69" transformation="0,8.6588115664198995E-005,-1,0,0.99999994039535522,8.6588115664198995E-005,1,0,0,2.0000181198120117,1.9200844764709473,1.9998527765274048">
        </Bone>
      </Part>
    </Brick>
    <Brick refID="64" designID="3005">
      <Part refID="70" designID="3005" materials="194,0" decoration="0">
        <Bone refID="70" transformation="-1,0,0,0,1,8.6588195699732751E-005,0,8.6588195699732751E-005,-1,2.0000214576721191,0.96008479595184326,1.9997665882110596">
        </Bone>
      </Part>
    </Brick>
    <Brick refID="65" designID="4216">
      <Part refID="71" designID="4216" materials="194">
        <Bone refID="71" transformation="0,8.6588181147817522E-005,-1,0,1,8.6588188423775136E-005,1,0,0,2.0000243186950684,8.4367289673537016E-005,1.9996864795684814">
        </Bone>
      </Part>
    </Brick>
    <Brick refID="66" designID="58181">
      <Part refID="72" designID="58181" materials="199">
        <Bone refID="72" transformation="0,-8.6588115664198995E-005,1,0,0.99999994039535522,8.6588115664198995E-005,-1,0,0,-5.1999912261962891,0.00061469076899811625,-4.4003052711486816">
        </Bone>
      </Part>
    </Brick>
    <Brick refID="67" designID="4161">
      <Part refID="73" designID="4161" materials="199">
        <Bone refID="73" transformation="0,-8.6588115664198995E-005,1,0,0.99999994039535522,8.6588115664198995E-005,-1,0,0,-3.5999908447265625,0.96041220426559448,-2.0002236366271973">
        </Bone>
      </Part>
    </Brick>
    <Brick refID="68" designID="3005">
      <Part refID="74" designID="3005" materials="194,0" decoration="0">
        <Bone refID="74" transformation="-1,0,0,0,1,8.6588195699732751E-005,0,8.6588195699732751E-005,-1,-4.3999838829040527,0.0002706740633584559,-0.400307297706604">
        </Bone>
      </Part>
    </Brick>
    <Brick refID="69" designID="4161">
      <Part refID="75" designID="4161" materials="199">
        <Bone refID="75" transformation="0,8.6588115664198995E-005,-1,0,0.99999994039535522,8.6588115664198995E-005,1,0,0,3.6000165939331055,0.96029764413833618,-0.40024030208587646">
        </Bone>
      </Part>
    </Brick>
    <Brick refID="70" designID="3005">
      <Part refID="76" designID="3005" materials="194,0" decoration="0">
        <Bone refID="76" transformation="-1,0,0,0,1,8.6588195699732751E-005,0,8.6588195699732751E-005,-1,4.4000191688537598,0.00030025758314877748,-0.4003220796585083">
        </Bone>
      </Part>
    </Brick>
    <Brick refID="71" designID="58181">
      <Part refID="77" designID="58181" materials="199">
        <Bone refID="77" transformation="0,8.6588115664198995E-005,-1,0,0.99999994039535522,8.6588115664198995E-005,1,0,0,5.2000198364257812,0.00030295521719381213,-0.40032422542572021">
        </Bone>
      </Part>
    </Brick>
    <Brick refID="72" designID="4216">
      <Part refID="78" designID="4216" materials="194">
        <Bone refID="78" transformation="0,-8.6588115664198995E-005,1,0,0.99999994039535522,8.6588115664198995E-005,-1,0,0,-1.9999847412109375,2.8800692558288574,1.9999443292617798">
        </Bone>
      </Part>
    </Brick>
    <Brick refID="73" designID="4216">
      <Part refID="79" designID="4216" materials="194">
        <Bone refID="79" transformation="1,0,0,0,1,0,0,0,1,-3.5999813079833984,0.00027175602735951543,-0.40030133724212646">
        </Bone>
      </Part>
    </Brick>
    <Brick refID="74" designID="4216">
      <Part refID="80" designID="4216" materials="194">
        <Bone refID="80" transformation="1,0,0,0,1,0,0,0,1,-2.7999839782714844,0.96027445793151855,-0.40021741390228271">
        </Bone>
      </Part>
    </Brick>
    <Brick refID="75" designID="4216">
      <Part refID="81" designID="4216" materials="194">
        <Bone refID="81" transformation="0,8.6588115664198995E-005,-1,0,0.99999994039535522,8.6588115664198995E-005,1,0,0,2.0000162124633789,2.8800148963928223,2.7999320030212402">
        </Bone>
      </Part>
    </Brick>
    <Brick refID="76" designID="4216">
      <Part refID="82" designID="4216" materials="194">
        <Bone refID="82" transformation="0,-8.6588115664198995E-005,1,0,0.99999994039535522,8.6588115664198995E-005,-1,0,0,-1.9999790191650391,0.00027714128373190761,-0.40030133724212646">
        </Bone>
      </Part>
    </Brick>
    <Brick refID="77" designID="4216">
      <Part refID="83" designID="4216" materials="194">
        <Bone refID="83" transformation="1,0,0,0,1,0,0,0,1,2.800018310546875,0.0002949064364656806,-0.40031278133392334">
        </Bone>
      </Part>
    </Brick>
    <Brick refID="78" designID="4216">
      <Part refID="84" designID="4216" materials="194">
        <Bone refID="84" transformation="1,0,0,0,1,0,0,0,1,2.0000200271606445,0.96029239892959595,-0.40023648738861084">
        </Bone>
      </Part>
    </Brick>
    <Brick refID="79" designID="4216">
      <Part refID="85" designID="4216" materials="194">
        <Bone refID="85" transformation="0,8.6588115664198995E-005,-1,0,0.99999994039535522,8.6588115664198995E-005,1,0,0,2.0000228881835937,0.00022309337509796023,0.39967501163482666">
        </Bone>
      </Part>
    </Brick>
    <Brick refID="80" designID="2449">
      <Part refID="86" designID="2449" materials="194">
        <Bone refID="86" transformation="1,0,0,0,1,0,0,0,1,-1.9999732971191406,0,2.7996954917907715">
        </Bone>
      </Part>
    </Brick>
    <Brick refID="81" designID="3660">
      <Part refID="87" designID="3660" materials="194">
        <Bone refID="87" transformation="1,0,0,0,1,0,0,0,1,-1.1999819278717041,3.8398642539978027,4.4000205993652344">
        </Bone>
      </Part>
    </Brick>
    <Brick refID="82" designID="3660">
      <Part refID="88" designID="3660" materials="194">
        <Bone refID="88" transformation="1,0,0,0,1,0,0,0,1,-1.9999865293502808,4.7997927665710449,5.200103759765625">
        </Bone>
      </Part>
    </Brick>
    <Brick refID="83" designID="2431">
      <Part refID="89" designID="2431" materials="194,0" decoration="0">
        <Bone refID="89" transformation="-1,0,0,0,1,8.6588188423775136E-005,0,8.6588188423775136E-005,-1,1.2000141143798828,5.7597341537475586,6.0001845359802246">
        </Bone>
      </Part>
    </Brick>
    <Brick refID="84" designID="3660">
      <Part refID="90" designID="3660" materials="194">
        <Bone refID="90" transformation="1,0,0,0,1,0,0,0,1,-0.39998465776443481,4.7997980117797852,5.2001042366027832">
        </Bone>
      </Part>
    </Brick>
    <Brick refID="85" designID="3009">
      <Part refID="91" designID="3009" materials="194">
        <Bone refID="91" transformation="-1,0,0,0,1,8.6588195699732751E-005,0,8.6588195699732751E-005,-1,2.0000150203704834,3.8399441242218018,3.6000103950500488">
        </Bone>
      </Part>
    </Brick>
    <Brick refID="86" designID="3660">
      <Part refID="92" designID="3660" materials="194">
        <Bone refID="92" transformation="1,0,0,0,1,0,0,0,1,-1.9999849796295166,2.8799307346343994,3.5999417304992676">
        </Bone>
      </Part>
    </Brick>
    <Brick refID="87" designID="3660">
      <Part refID="93" designID="3660" materials="194">
        <Bone refID="93" transformation="1,0,0,0,1,0,0,0,1,-0.39998316764831543,2.8799362182617187,3.599937915802002">
        </Bone>
      </Part>
    </Brick>
    <Brick refID="88" designID="3660">
      <Part refID="94" designID="3660" materials="194">
        <Bone refID="94" transformation="1,0,0,0,1,0,0,0,1,1.2000181674957275,2.879941463470459,3.5999350547790527">
        </Bone>
      </Part>
    </Brick>
    <Brick refID="89" designID="3665">
      <Part refID="95" designID="3665" materials="194">
        <Bone refID="95" transformation="1,0,0,0,1,0,0,0,1,-1.9999846220016479,3.8398616313934326,4.4000244140625">
        </Bone>
      </Part>
    </Brick>
    <Brick refID="90" designID="3660">
      <Part refID="96" designID="3660" materials="194">
        <Bone refID="96" transformation="1,0,0,0,1,0,0,0,1,0.40001833438873291,3.839869499206543,4.4000167846679687">
        </Bone>
      </Part>
    </Brick>
    <Brick refID="91" designID="3660">
      <Part refID="97" designID="3660" materials="194">
        <Bone refID="97" transformation="1,0,0,0,1,0,0,0,1,1.2000157833099365,4.7998032569885254,5.2000999450683594">
        </Bone>
      </Part>
    </Brick>
    <Brick refID="92" designID="3665">
      <Part refID="98" designID="3665" materials="194">
        <Bone refID="98" transformation="1,0,0,0,1,0,0,0,1,2.0000159740447998,3.8398756980895996,4.4000139236450195">
        </Bone>
      </Part>
    </Brick>
    <Brick refID="93" designID="2449">
      <Part refID="99" designID="2449" materials="194">
        <Bone refID="99" transformation="1,0,0,0,1,0,0,0,1,-1.1999740600585937,0,2.7996916770935059">
        </Bone>
      </Part>
    </Brick>
    <Brick refID="94" designID="2449">
      <Part refID="100" designID="2449" materials="194">
        <Bone refID="100" transformation="1,0,0,0,1,0,0,0,1,-0.39997482299804688,0,2.7996916770935059">
        </Bone>
      </Part>
    </Brick>
    <Brick refID="95" designID="2449">
      <Part refID="101" designID="2449" materials="194">
        <Bone refID="101" transformation="1,0,0,0,1,0,0,0,1,0.4000244140625,0,2.7996878623962402">
        </Bone>
      </Part>
    </Brick>
    <Brick refID="96" designID="2449">
      <Part refID="102" designID="2449" materials="194">
        <Bone refID="102" transformation="1,0,0,0,1,0,0,0,1,1.2000265121459961,1.0651652701199055E-005,2.7996840476989746">
        </Bone>
      </Part>
    </Brick>
    <Brick refID="97" designID="2449">
      <Part refID="103" designID="2449" materials="194">
        <Bone refID="103" transformation="1,0,0,0,1,0,0,0,1,2.0000276565551758,1.3314187526702881E-005,2.7996840476989746">
        </Bone>
      </Part>
    </Brick>
  </Bricks>
  <RigidSystems>
    <RigidSystem>
      <Rigid refID="0" transformation="1,0,0,0,0.99727767705917358,0.073737606406211853,0,-0.073737606406211853,0.99727767705917358,0,8.4182901382446289,-6.4452171325683594" boneRefs="0"/>
      <Rigid refID="1" transformation="-1,0,0,0,0.99727773666381836,0.073739469051361084,0,0.073739469051361084,-0.99727755784988403,0,8.1429615020751953,-5.7887344360351563" boneRefs="1,2"/>
      <Rigid refID="2" transformation="-1,0,0,0,0.99727773666381836,0.073739469051361084,0,0.073739469051361084,-0.99727755784988403,0.40000343322753906,5.7594690322875977,-5.9649734497070313" boneRefs="3,8,9"/>
      <Rigid refID="3" transformation="-0.9832492470741272,-0.18176788091659546,-0.013468777760863304,-0.17915248870849609,0.95020925998687744,0.25496548414230347,-0.033546373248100281,0.25310757756233215,-0.96685636043548584,0.62000465393066406,6.6669917106628418,-5.8978729248046875" boneRefs="4"/>
      <Rigid refID="4" transformation="-0.98325437307357788,0.18174245953559875,0.013434854336082935,0.16920635104179382,0.93783396482467651,-0.3030456006526947,-0.067675918340682983,-0.2956976592540741,-0.9528813362121582,-0.61999320983886719,6.6669917106628418,-5.8978729248046875" boneRefs="5"/>
      <Rigid refID="5" transformation="-0.87269985675811768,-0.47891291975975037,-0.095064997673034668,-0.48710140585899353,0.84058445692062378,0.23696047067642212,-0.033573277294635773,0.253101646900177,-0.96685695648193359,0.85420799255371094,6.6093273162841797,-6.6273841857910156" boneRefs="6"/>
      <Rigid refID="6" transformation="-0.9940798282623291,-0.061383608728647232,0.089650921523571014,-0.085000723600387573,0.95330798625946045,-0.28979092836380005,-0.067676521837711334,-0.2956957221031189,-0.95288187265396118,-0.92050552368164063,6.2381978034973145,-6.460113525390625" boneRefs="7"/>
      <Rigid refID="7" transformation="-1,0,0,0,0.99999880790710449,0.0015868066111579537,0,0.0015868066111579537,-0.99999874830245972,0.39999008178710938,4.1606259346008301,-6.0007820129394531" boneRefs="10"/>
      <Rigid refID="8" transformation="-1,0,0,0,1,0,0,0,-1,-0.39999771118164063,4.1607608795166016,-6" boneRefs="11"/>
      <Rigid refID="9" transformation="0.028953259810805321,-0.0085196308791637421,-0.99954444169998169,-0.47920197248458862,0.87744468450546265,-0.02135971374809742,0.87722694873809814,0.47960212826728821,0.021322255954146385,1.2671737670898437,5.9305081367492676,-6.9985885620117187" boneRefs="12"/>
      <Rigid refID="10" transformation="-1,0,0,0,8.662157051730901E-005,-1,0,-1,-8.6517691670451313E-005,0.39700126647949219,2.9607727527618408,-6.5600614547729492" boneRefs="13,14"/>
      <Rigid refID="11" transformation="0,-8.6588173871859908E-005,1,0,0.99999994039535522,8.6588173871859908E-005,-1,0,0,-0.39999961853027344,2.8807218074798584,-6.000065803527832" boneRefs="15,16"/>
      <Rigid refID="12" transformation="0,8.6588173871859908E-005,-1,0,0.99999994039535522,8.6588173871859908E-005,1,0,0,0.40000152587890625,2.8807244300842285,-6.0000696182250977" boneRefs="17,18"/>
      <Rigid refID="13" transformation="-1,0,0,0,1,8.6588130216114223E-005,0,8.6588130216114223E-005,-1,-1.1999912261962891,0.96071922779083252,-6.0002288818359375" boneRefs="19"/>
      <Rigid refID="14" transformation="-1,0,0,0,1,8.6588130216114223E-005,0,8.6588130216114223E-005,-1,0.40000724792480469,0.96072453260421753,-6.0002326965332031" boneRefs="20"/>
      <Rigid refID="15" transformation="-1,0,0,0,1,8.6588130216114223E-005,0,8.6588130216114223E-005,-1,2.0000095367431641,0.96072983741760254,-6.0002365112304687" boneRefs="21"/>
      <Rigid refID="16" transformation="0,-8.6588115664198995E-005,1,0,0.99999994039535522,8.6588115664198995E-005,-1,0,0,-1.9999980926513672,1.9207203388214111,-6.0001449584960938" boneRefs="22"/>
      <Rigid refID="17" transformation="0,-8.6588115664198995E-005,1,0,0.99999994039535522,8.6588115664198995E-005,-1,0,0,-3.5999965667724609,0.96071505546569824,-6.0002250671386719" boneRefs="23,24"/>
      <Rigid refID="18" transformation="-1,0,0,0,1,8.6588188423775136E-005,0,8.6588188423775136E-005,-1,-2.7999911308288574,0.96071386337280273,-6.0002274513244629" boneRefs="25,26"/>
      <Rigid refID="19" transformation="-1,0,0,0,1,8.6588130216114223E-005,0,8.6588130216114223E-005,-1,-0.39999008178710938,0.0007218910614028573,-6.0003128051757812" boneRefs="27"/>
      <Rigid refID="20" transformation="-1,0,0,0,1,8.6588130216114223E-005,0,8.6588130216114223E-005,-1,1.2000112533569336,0.00072721671313047409,-6.0003166198730469" boneRefs="28"/>
      <Rigid refID="21" transformation="0,8.6588115664198995E-005,-1,0,0.99999994039535522,8.6588115664198995E-005,1,0,0,2.0000123977661133,1.9203872680664063,-2.000152587890625" boneRefs="29"/>
      <Rigid refID="22" transformation="0,8.6588115664198995E-005,-1,0,0.99999994039535522,8.6588115664198995E-005,1,0,0,3.600010871887207,0.96059662103652954,-4.4002418518066406" boneRefs="30,31"/>
      <Rigid refID="23" transformation="-1,0,0,0,1,8.6588188423775136E-005,0,8.6588188423775136E-005,-1,2.8000087738037109,0.96073251962661743,-6.0002350807189941" boneRefs="32,33"/>
      <Rigid refID="24" transformation="0,8.6588173871859908E-005,-1,0,0.99999994039535522,8.6588173871859908E-005,1,0,0,-4.4000282287597656,12.160296440124512,-1.1992454528808594" boneRefs="34,35,36,37,38,39,40,41,42,43,44,45,46,47,48,49,50,51,52,53,54,55,56,57,58,59,60,61,62,63,64,65"/>
      <Rigid refID="25" transformation="0,-8.6588115664198995E-005,1,0,0.99999994039535522,8.6588115664198995E-005,-1,0,0,-1.9999828338623047,1.9202336072921753,-0.40013885498046875" boneRefs="66,67,68"/>
      <Rigid refID="26" transformation="0,8.6588115664198995E-005,-1,0,0.99999994039535522,8.6588115664198995E-005,1,0,0,2.0000181198120117,1.9201794862747192,0.39985275268554688" boneRefs="69,70,71"/>
      <Rigid refID="27" transformation="0,-8.6588115664198995E-005,1,0,0.99999994039535522,8.6588115664198995E-005,-1,0,0,-5.1999912261962891,0.00070972868707031012,-6.00030517578125" boneRefs="72"/>
      <Rigid refID="28" transformation="0,-8.6588115664198995E-005,1,0,0.99999994039535522,8.6588115664198995E-005,-1,0,0,-3.5999908447265625,0.96050721406936646,-3.6002235412597656" boneRefs="73,74"/>
      <Rigid refID="29" transformation="0,8.6588115664198995E-005,-1,0,0.99999994039535522,8.6588115664198995E-005,1,0,0,3.6000165939331055,0.96039265394210815,-2.0002403259277344" boneRefs="75,76"/>
      <Rigid refID="30" transformation="0,8.6588115664198995E-005,-1,0,0.99999994039535522,8.6588115664198995E-005,1,0,0,5.2000198364257812,0.00039799313526600599,-2.0003242492675781" boneRefs="77"/>
      <Rigid refID="31" transformation="0,-8.6588115664198995E-005,1,0,0.99999994039535522,8.6588115664198995E-005,-1,0,0,-1.9999847412109375,2.8801643848419189,0.39994430541992188" boneRefs="78"/>
      <Rigid refID="32" transformation="1,0,0,0,1,0,0,0,1,-3.5999813079833984,0.00036679394543170929,-2.0003013610839844" boneRefs="79"/>
      <Rigid refID="33" transformation="1,0,0,0,1,0,0,0,1,-2.7999839782714844,0.96036946773529053,-2.0002174377441406" boneRefs="80"/>
      <Rigid refID="34" transformation="0,8.6588115664198995E-005,-1,0,0.99999994039535522,8.6588115664198995E-005,1,0,0,2.0000162124633789,2.8801100254058838,1.1999320983886719" boneRefs="81"/>
      <Rigid refID="35" transformation="0,-8.6588115664198995E-005,1,0,0.99999994039535522,8.6588115664198995E-005,-1,0,0,-1.9999790191650391,0.00037217920180410147,-2.0003013610839844" boneRefs="82"/>
      <Rigid refID="36" transformation="1,0,0,0,1,0,0,0,1,2.800018310546875,0.00038994435453787446,-2.0003128051757813" boneRefs="83"/>
      <Rigid refID="37" transformation="1,0,0,0,1,0,0,0,1,2.0000200271606445,0.96038740873336792,-2.0002365112304687" boneRefs="84"/>
      <Rigid refID="38" transformation="0,8.6588115664198995E-005,-1,0,0.99999994039535522,8.6588115664198995E-005,1,0,0,2.0000228881835937,0.00031813129317015409,-1.2003250122070312" boneRefs="85"/>
      <Rigid refID="39" transformation="1,0,0,0,1,0,0,0,1,-1.9999732971191406,9.5037918072193861E-005,1.1996955871582031" boneRefs="86"/>
      <Rigid refID="40" transformation="1,0,0,0,1,0,0,0,1,-1.1999819278717041,3.8399593830108643,2.800020694732666" boneRefs="87,88,89,90,91,92,93,94,95,96,97,98"/>
      <Rigid refID="41" transformation="1,0,0,0,1,0,0,0,1,-1.1999740600585937,9.7700743936002254E-005,1.1996917724609375" boneRefs="99"/>
      <Rigid refID="42" transformation="1,0,0,0,1,0,0,0,1,-0.39997482299804688,0.00010036356979981065,1.1996917724609375" boneRefs="100"/>
      <Rigid refID="43" transformation="1,0,0,0,1,0,0,0,1,0.4000244140625,0.00010302639566361904,1.1996879577636719" boneRefs="101"/>
