<?xml version="1.0" encoding="UTF-8" standalone="no" ?>
<LXFML versionMajor="5" versionMinor="0">
  <Meta>
    <Application name="CCOP" versionMajor="0" versionMinor="0"/>
    <Brand name="LEGOUniverse"/>
    <BrickSet version="215"/>
  </Meta>
  <Bricks>
    <Brick refID="0" designID="64727">
      <Part refID="0" designID="64727" materials="131">
        <Bone refID="0" transformation="0,0,1,1,0,0,0,1,0,6.9984250068664551,1.2000021934509277,0.58042871952056885">
        </Bone>
      </Part>
    </Brick>
    <Brick refID="1" designID="4589">
      <Part refID="1" designID="4589" materials="135">
        <Bone refID="1" transformation="0,0,-1,1,0,0,0,-1,0,5.8604254722595215,1.2000020742416382,0.58042871952056885">
        </Bone>
      </Part>
    </Brick>
    <Brick refID="2" designID="6141">
      <Part refID="2" designID="6141" materials="131">
        <Bone refID="2" transformation="0,0,-1,1,0,0,0,-1,0,5.5404257774353027,1.2000020742416382,0.58042800426483154">
        </Bone>
      </Part>
    </Brick>
    <Brick refID="3" designID="6141">
      <Part refID="3" designID="6141" materials="131">
        <Bone refID="3" transformation="0,0,-1,1,0,0,0,-1,0,5.220426082611084,1.2000020742416382,0.58042800426483154">
        </Bone>
      </Part>
    </Brick>
    <Brick refID="4" designID="3710">
      <Part refID="4" designID="3710" materials="26">
        <Bone refID="4" transformation="0,0,-1,1,0,0,0,-1,0,4.9004263877868652,1.2000020742416382,1.3804291486740112">
        </Bone>
      </Part>
    </Brick>
    <Brick refID="5" designID="6141">
      <Part refID="5" designID="6141" materials="131">
        <Bone refID="5" transformation="0,0,-1,1,0,0,0,-1,0,5.2204270362854004,1.2000019550323486,-0.21958722174167633">
        </Bone>
      </Part>
    </Brick>
    <Brick refID="6" designID="4589">
      <Part refID="6" designID="4589" materials="135">
        <Bone refID="6" transformation="0,0,-1,1,0,0,0,-1,0,5.8604254722595215,1.2000019550323486,-0.21957123279571533">
        </Bone>
      </Part>
    </Brick>
    <Brick refID="7" designID="6141">
      <Part refID="7" designID="6141" materials="131">
        <Bone refID="7" transformation="0,0,-1,1,0,0,0,-1,0,5.5404267311096191,1.2000019550323486,-0.21958716213703156">
        </Bone>
      </Part>
    </Brick>
    <Brick refID="8" designID="4589">
      <Part refID="8" designID="4589" materials="135">
        <Bone refID="8" transformation="0,0,-1,1,0,0,0,-1,0,5.220426082611084,1.2000019550323486,-1.0195800065994263">
        </Bone>
      </Part>
    </Brick>
    <Brick refID="9" designID="4589">
      <Part refID="9" designID="4589" materials="135">
        <Bone refID="9" transformation="0,0,-1,1,0,0,0,-1,0,5.220426082611084,1.2000020742416382,1.3804291486740112">
        </Bone>
      </Part>
    </Brick>
    <Brick refID="10" designID="44301">
      <Part refID="10" designID="44301" materials="26">
        <Bone refID="10" transformation="0,0,-1.0000001192092896,1.0000001192092896,0,0,0,-1.0000001192092896,0,4.5804214477539062,1.2000037431716919,1.3804367780685425">
        </Bone>
      </Part>
    </Brick>
    <Brick refID="11" designID="49668">
      <Part refID="11" designID="49668" materials="131">
        <Bone refID="11" transformation="0,0,1,1,0,0,0,1,0,4.2604212760925293,1.2000037431716919,1.3804367780685425">
        </Bone>
      </Part>
    </Brick>
    <Brick refID="12" designID="49668">
      <Part refID="12" designID="49668" materials="131">
        <Bone refID="12" transformation="0,0,1.0000001192092896,1.0000001192092896,0,0,0,1.0000001192092896,0,4.2604274749755859,1.2000021934509277,-0.21957693994045258">
        </Bone>
      </Part>
    </Brick>
    <Brick refID="13" designID="44302">
      <Part refID="13" designID="44302" materials="26">
        <Bone refID="13" transformation="0,0,1.0000001192092896,1.0000001192092896,0,0,0,1.0000001192092896,0,4.5804257392883301,1.2000021934509277,-1.0195753574371338">
        </Bone>
      </Part>
    </Brick>
    <Brick refID="14" designID="49668">
      <Part refID="14" designID="49668" materials="131">
        <Bone refID="14" transformation="0,0,1,1,0,0,0,1,0,3.9404230117797852,1.2000038623809814,0.58043372631072998">
        </Bone>
      </Part>
    </Brick>
    <Brick refID="15" designID="49668">
      <Part refID="15" designID="49668" materials="131">
        <Bone refID="15" transformation="0,0,-1.0000001192092896,1.0000001192092896,0,0,0,-1.0000001192092896,0,4.2604241371154785,1.2000038623809814,0.58043783903121948">
        </Bone>
      </Part>
    </Brick>
    <Brick refID="16" designID="49668">
      <Part refID="16" designID="49668" materials="131">
        <Bone refID="16" transformation="0,0,1,1,0,0,0,1,0,3.9404258728027344,1.2000021934509277,-1.0195810794830322">
        </Bone>
      </Part>
    </Brick>
    <Brick refID="17" designID="49668">
      <Part refID="17" designID="49668" materials="131">
        <Bone refID="17" transformation="0,0,-1,1,0,0,0,-1,0,4.2604269981384277,1.2000021934509277,-1.0195791721343994">
        </Bone>
      </Part>
    </Brick>
    <Brick refID="18" designID="49668">
      <Part refID="18" designID="49668" materials="131">
        <Bone refID="18" transformation="0,0,-1.0000001192092896,1.0000001192092896,0,0,0,-1.0000001192092896,0,3.9404211044311523,1.2000037431716919,1.3804386854171753">
        </Bone>
      </Part>
    </Brick>
    <Brick refID="19" designID="49668">
      <Part refID="19" designID="49668" materials="131">
        <Bone refID="19" transformation="0,0,-1,1,0,0,0,-1,0,3.9404268264770508,1.2000021934509277,-0.21957504749298096">
        </Bone>
      </Part>
    </Brick>
    <Brick refID="20" designID="44658">
      <Part refID="20" designID="44658" materials="131">
        <Bone refID="20" transformation="0,0,-1.0000001192092896,1.0000001192092896,0,0,0,-1.0000001192092896,0,6.258425235748291,1.2000020742416382,-0.21957242488861084">
        </Bone>
      </Part>
    </Brick>
    <Brick refID="21" designID="64727">
      <Part refID="21" designID="64727" materials="131">
        <Bone refID="21" transformation="0,0,1.0000001192092896,1.0000001192092896,0,0,0,1.0000001192092896,0,6.3584256172180176,1.2000020742416382,-1.0195726156234741">
        </Bone>
      </Part>
    </Brick>
    <Brick refID="22" designID="44658">
      <Part refID="22" designID="44658" materials="131">
        <Bone refID="22" transformation="0,0,-1.0000001192092896,1.0000001192092896,0,0,0,-1.0000001192092896,0,5.6184258460998535,1.2000021934509277,1.3804279565811157">
        </Bone>
      </Part>
    </Brick>
    <Brick refID="23" designID="44658">
      <Part refID="23" designID="44658" materials="131">
        <Bone refID="23" transformation="0.70710760354995728,0,-0.70710599422454834,0.70710599422454834,0,0.70710760354995728,0,-1,0,4.708214282989502,1.2000032663345337,4.3229670524597168">
        </Bone>
      </Part>
    </Brick>
    <Brick refID="24" designID="4589">
      <Part refID="24" designID="4589" materials="135">
        <Bone refID="24" transformation="0.70710748434066772,0,-0.70710611343383789,0.70710611343383789,0,0.70710748434066772,0,-1,0,4.4267864227294922,1.2000032663345337,4.0415377616882324">
        </Bone>
      </Part>
    </Brick>
    <Brick refID="25" designID="6141">
      <Part refID="25" designID="6141" materials="131">
        <Bone refID="25" transformation="0.70710748434066772,0,-0.70710611343383789,0.70710611343383789,0,0.70710748434066772,0,-1,0,4.2005181312561035,1.2000032663345337,3.8152651786804199">
        </Bone>
      </Part>
    </Brick>
    <Brick refID="26" designID="6141">
      <Part refID="26" designID="6141" materials="131">
        <Bone refID="26" transformation="0.70710748434066772,0,-0.70710611343383789,0.70710611343383789,0,0.70710748434066772,0,-1,0,3.9742441177368164,1.2000032663345337,3.5889906883239746">
        </Bone>
      </Part>
    </Brick>
    <Brick refID="27" designID="3710">
      <Part refID="27" designID="3710" materials="26">
        <Bone refID="27" transformation="0.70710748434066772,0,-0.70710611343383789,0.70710611343383789,0,0.70710748434066772,0,-1,0,2.6165986061096191,1.2000032663345337,4.494086742401123">
        </Bone>
      </Part>
    </Brick>
    <Brick refID="28" designID="4589">
      <Part refID="28" designID="4589" materials="135">
        <Bone refID="28" transformation="0.70710748434066772,0,-0.70710611343383789,0.70710611343383789,0,0.70710748434066772,0,-1,0,4.5399298667907715,1.2000035047531128,3.0233054161071777">
        </Bone>
      </Part>
    </Brick>
    <Brick refID="29" designID="44302">
      <Part refID="29" designID="44302" materials="26">
        <Bone refID="29" transformation="-0.70710700750350952,0,0.70710659027099609,0.70710659027099609,0,0.70710700750350952,0,1,0,4.0873808860778809,1.2000036239624023,2.570756196975708">
        </Bone>
      </Part>
    </Brick>
    <Brick refID="30" designID="49668">
      <Part refID="30" designID="49668" materials="131">
        <Bone refID="30" transformation="-0.70710688829421997,0,0.70710670948028564,0.70710676908493042,0,0.70710700750350952,0,1.0000001192092896,0,3.2954220771789551,1.2000035047531128,2.9101676940917969">
        </Bone>
      </Part>
    </Brick>
    <Brick refID="31" designID="6141">
      <Part refID="31" designID="6141" materials="131">
        <Bone refID="31" transformation="0.70710748434066772,0,-0.70710611343383789,0.70710611343383789,0,0.70710748434066772,0,-1,0,3.4085581302642822,1.2000032663345337,4.1546759605407715">
        </Bone>
      </Part>
    </Brick>
    <Brick refID="32" designID="6141">
      <Part refID="32" designID="6141" materials="131">
        <Bone refID="32" transformation="0.70710748434066772,0,-0.70710611343383789,0.70710611343383789,0,0.70710748434066772,0,-1,0,3.6348323822021484,1.2000032663345337,4.380948543548584">
        </Bone>
      </Part>
    </Brick>
    <Brick refID="33" designID="4589">
      <Part refID="33" designID="4589" materials="135">
        <Bone refID="33" transformation="0.70710748434066772,0,-0.70710611343383789,0.70710611343383789,0,0.70710748434066772,0,-1,0,3.8611059188842773,1.2000032663345337,4.6072230339050293">
        </Bone>
      </Part>
    </Brick>
    <Brick refID="34" designID="49668">
      <Part refID="34" designID="49668" materials="131">
        <Bone refID="34" transformation="-0.70710694789886475,0,0.70710664987564087,0.70710664987564087,0,0.7071070671081543,0,1.0000001192092896,0,3.6348319053649902,1.2000036239624023,2.1182072162628174">
        </Bone>
      </Part>
    </Brick>
    <Brick refID="35" designID="49668">
      <Part refID="35" designID="49668" materials="131">
        <Bone refID="35" transformation="0.70710748434066772,0,-0.70710605382919312,0.70710605382919312,0,0.70710748434066772,0,-1,0,3.8611044883728027,1.2000033855438232,2.3444838523864746">
        </Bone>
      </Part>
    </Brick>
    <Brick refID="36" designID="4589">
      <Part refID="36" designID="4589" materials="135">
        <Bone refID="36" transformation="0.70710748434066772,0,-0.70710611343383789,0.70710611343383789,0,0.70710748434066772,0,-1,0,2.8428716659545898,1.2000031471252441,4.7203593254089355">
        </Bone>
      </Part>
    </Brick>
    <Brick refID="37" designID="49668">
      <Part refID="37" designID="49668" materials="131">
        <Bone refID="37" transformation="0.70710748434066772,0,-0.70710611343383789,0.70710611343383789,0,0.70710748434066772,0,-1,0,3.0691463947296143,1.2000035047531128,2.6838924884796143">
        </Bone>
      </Part>
    </Brick>
    <Brick refID="38" designID="44301">
      <Part refID="38" designID="44301" materials="26">
        <Bone refID="38" transformation="0.70710748434066772,0,-0.70710611343383789,0.70710611343383789,0,0.70710748434066772,0,-1,0,2.3903231620788574,1.2000086307525635,4.2678103446960449">
        </Bone>
      </Part>
    </Brick>
    <Brick refID="39" designID="49668">
      <Part refID="39" designID="49668" materials="131">
        <Bone refID="39" transformation="-0.70710736513137817,0,0.70710629224777222,0.70710629224777222,0,0.70710736513137817,0,0.99999994039535522,0,2.1640372276306152,1.2000046968460083,4.0415434837341309">
        </Bone>
      </Part>
    </Brick>
    <Brick refID="40" designID="49668">
      <Part refID="40" designID="49668" materials="131">
        <Bone refID="40" transformation="-0.70710736513137817,0,0.70710629224777222,0.70710629224777222,0,0.70710736513137817,0,0.99999994039535522,0,2.5034511089324951,1.200005054473877,3.2495818138122559">
        </Bone>
      </Part>
    </Brick>
    <Brick refID="41" designID="49668">
      <Part refID="41" designID="49668" materials="131">
        <Bone refID="41" transformation="0.70710831880569458,0,-0.70710539817810059,0.70710545778274536,0,0.70710831880569458,0,-1.0000001192092896,0,2.7297210693359375,1.2000043392181396,3.4758598804473877">
        </Bone>
      </Part>
    </Brick>
    <Brick refID="42" designID="49668">
      <Part refID="42" designID="49668" materials="131">
        <Bone refID="42" transformation="0.70710837841033936,0,-0.70710539817810059,0.70710539817810059,0,0.70710831880569458,0,-1.0000001192092896,0,1.9377608299255371,1.2000046968460083,3.8152711391448975">
        </Bone>
      </Part>
    </Brick>
    <Brick refID="43" designID="64727">
      <Part refID="43" designID="64727" materials="131">
        <Bone refID="43" transformation="-0.70710694789886475,0,0.70710664987564087,0.70710664987564087,0,0.7071070671081543,0,1.0000001192092896,0,4.6657867431640625,1.2000032663345337,5.4119105339050293">
        </Bone>
      </Part>
    </Brick>
    <Brick refID="44" designID="64727">
      <Part refID="44" designID="64727" materials="131">
        <Bone refID="44" transformation="-0.70710688829421997,0,0.70710670948028564,0.70710670948028564,0,0.70710694789886475,0,1.0000001192092896,0,5.3446106910705566,1.2000033855438232,3.8279929161071777">
        </Bone>
      </Part>
    </Brick>
    <Brick refID="45" designID="64727">
      <Part refID="45" designID="64727" materials="131">
        <Bone refID="45" transformation="0.70710676908493042,0,0.70710694789886475,0.70710694789886475,0,-0.70710670948028564,0,1.0000001192092896,0,5.2314772605895996,1.2000089883804321,-4.4853634834289551">
        </Bone>
      </Part>
    </Brick>
    <Brick refID="46" designID="4589">
      <Part refID="46" designID="4589" materials="135">
        <Bone refID="46" transformation="-0.7071068286895752,0,-0.70710670948028564,0.70710670948028564,0,-0.7071068286895752,0,-1,0,4.4267892837524414,1.2000089883804321,-3.6806769371032715">
        </Bone>
      </Part>
    </Brick>
    <Brick refID="47" designID="6141">
      <Part refID="47" designID="6141" materials="131">
        <Bone refID="47" transformation="-0.7071068286895752,0,-0.70710670948028564,0.70710670948028564,0,-0.7071068286895752,0,-1,0,4.2005119323730469,1.2000089883804321,-3.4544038772583008">
        </Bone>
      </Part>
    </Brick>
    <Brick refID="48" designID="6141">
      <Part refID="48" designID="6141" materials="131">
        <Bone refID="48" transformation="-0.7071068286895752,0,-0.70710670948028564,0.70710670948028564,0,-0.7071068286895752,0,-1,0,3.9742379188537598,1.2000089883804321,-3.2281303405761719">
        </Bone>
      </Part>
    </Brick>
    <Brick refID="49" designID="3710">
      <Part refID="49" designID="3710" materials="26">
        <Bone refID="49" transformation="-0.7071068286895752,0,-0.70710688829421997,0.7071068286895752,0,-0.70710688829421997,0,-1.0000001192092896,0,4.3136501312255859,1.2000091075897217,-2.4361710548400879">
        </Bone>
      </Part>
    </Brick>
    <Brick refID="50" designID="4589">
      <Part refID="50" designID="4589" materials="135">
        <Bone refID="50" transformation="-0.7071068286895752,0,-0.70710670948028564,0.70710670948028564,0,-0.7071068286895752,0,-1,0,4.5399227142333984,1.2000091075897217,-2.6624441146850586">
        </Bone>
      </Part>
    </Brick>
    <Brick refID="51" designID="44301">
      <Part refID="51" designID="44301" materials="26">
        <Bone refID="51" transformation="-0.7071077823638916,0,-0.70710593461990356,0.70710587501525879,0,-0.70710784196853638,0,-1.0000001192092896,0,4.0873770713806152,1.2000023126602173,-2.209895133972168">
        </Bone>
      </Part>
    </Brick>
    <Brick refID="52" designID="49668">
      <Part refID="52" designID="49668" materials="131">
        <Bone refID="52" transformation="0.70710611343383789,0,0.70710760354995728,0.70710760354995728,0,-0.70710611343383789,0,1,0,3.8611059188842773,1.2000105381011963,-1.9836070537567139">
        </Bone>
      </Part>
    </Brick>
    <Brick refID="53" designID="6141">
      <Part refID="53" designID="6141" materials="131">
        <Bone refID="53" transformation="-0.7071068286895752,0,-0.70710670948028564,0.70710670948028564,0,-0.7071068286895752,0,-1,0,3.4085519313812256,1.2000088691711426,-3.7938156127929687">
        </Bone>
      </Part>
    </Brick>
    <Brick refID="54" designID="6141">
      <Part refID="54" designID="6141" materials="131">
        <Bone refID="54" transformation="-0.7071068286895752,0,-0.70710670948028564,0.70710670948028564,0,-0.7071068286895752,0,-1,0,3.6348276138305664,1.2000088691711426,-4.0200929641723633">
        </Bone>
      </Part>
    </Brick>
    <Brick refID="55" designID="4589">
      <Part refID="55" designID="4589" materials="135">
        <Bone refID="55" transformation="-0.7071068286895752,0,-0.70710670948028564,0.70710670948028564,0,-0.7071068286895752,0,-1,0,3.8610997200012207,1.2000088691711426,-4.246363639831543">
        </Bone>
      </Part>
    </Brick>
    <Brick refID="56" designID="49668">
      <Part refID="56" designID="49668" materials="131">
        <Bone refID="56" transformation="-0.70710581541061401,0,-0.70710784196853638,0.70710784196853638,0,-0.70710587501525879,0,-1.0000001192092896,0,3.6348319053649902,1.2000106573104858,-1.7573306560516357">
        </Bone>
      </Part>
    </Brick>
    <Brick refID="57" designID="4589">
      <Part refID="57" designID="4589" materials="135">
        <Bone refID="57" transformation="-0.7071068286895752,0,-0.70710670948028564,0.70710670948028564,0,-0.7071068286895752,0,-1,0,2.8428661823272705,1.2000088691711426,-4.3595008850097656">
        </Bone>
      </Part>
    </Brick>
    <Brick refID="58" designID="49668">
      <Part refID="58" designID="49668" materials="131">
        <Bone refID="58" transformation="0.70710611343383789,0,0.70710760354995728,0.70710760354995728,0,-0.70710611343383789,0,1,0,3.0691437721252441,1.2000106573104858,-2.3230206966400146">
        </Bone>
      </Part>
    </Brick>
    <Brick refID="59" designID="49668">
      <Part refID="59" designID="49668" materials="131">
        <Bone refID="59" transformation="-0.70710629224777222,0,-0.70710742473602295,0.70710748434066772,0,-0.70710641145706177,0,-1,0,3.2954225540161133,1.2000106573104858,-2.5492949485778809">
        </Bone>
      </Part>
    </Brick>
    <Brick refID="60" designID="44301">
      <Part refID="60" designID="44301" materials="26">
        <Bone refID="60" transformation="0.70710676908493042,0,0.70710688829421997,0.70710688829421997,0,-0.70710676908493042,0,1.0000001192092896,0,2.390317440032959,1.2000091075897217,-3.906951904296875">
        </Bone>
      </Part>
    </Brick>
    <Brick refID="61" designID="49668">
      <Part refID="61" designID="49668" materials="131">
        <Bone refID="61" transformation="0.70710676908493042,0,0.70710688829421997,0.70710688829421997,0,-0.70710676908493042,0,1.0000001192092896,0,2.7297277450561523,1.2000089883804321,-3.1149930953979492">
        </Bone>
      </Part>
    </Brick>
    <Brick refID="62" designID="49668">
      <Part refID="62" designID="49668" materials="131">
        <Bone refID="62" transformation="-0.70710664987564087,0,-0.70710700750350952,0.70710700750350952,0,-0.70710670948028564,0,-1.0000001192092896,0,2.5034542083740234,1.2000089883804321,-2.8887186050415039">
        </Bone>
      </Part>
    </Brick>
    <Brick refID="63" designID="49668">
      <Part refID="63" designID="49668" materials="131">
        <Bone refID="63" transformation="0.70710676908493042,0,0.70710688829421997,0.70710688829421997,0,-0.70710676908493042,0,1.0000001192092896,0,1.9377679824829102,1.2000089883804321,-3.4544034004211426">
        </Bone>
      </Part>
    </Brick>
    <Brick refID="64" designID="49668">
      <Part refID="64" designID="49668" materials="131">
        <Bone refID="64" transformation="-0.70710676908493042,0,-0.70710676908493042,0.7071068286895752,0,-0.70710688829421997,0,-1,0,2.1640450954437256,1.2000088691711426,-3.6806764602661133">
        </Bone>
      </Part>
    </Brick>
    <Brick refID="65" designID="44658">
      <Part refID="65" designID="44658" materials="131">
        <Bone refID="65" transformation="-0.70710653066635132,0,-0.70710712671279907,0.70710712671279907,0,-0.70710659027099609,0,-1.0000001192092896,0,4.8213553428649902,1.2000091075897217,-2.9438719749450684">
        </Bone>
      </Part>
    </Brick>
    <Brick refID="66" designID="44658">
      <Part refID="66" designID="44658" materials="131">
        <Bone refID="66" transformation="0.70710760354995728,0,-0.70710599422454834,0.70710599422454834,0,0.70710760354995728,0,-1,0,3.1242952346801758,1.2000031471252441,5.0017886161804199">
        </Bone>
      </Part>
    </Brick>
    <Brick refID="67" designID="44658">
      <Part refID="67" designID="44658" materials="131">
        <Bone refID="67" transformation="-0.70710653066635132,0,-0.70710712671279907,0.70710712671279907,0,-0.70710659027099609,0,-1.0000001192092896,0,4.1425323486328125,1.2000089883804321,-4.5277905464172363">
        </Bone>
      </Part>
    </Brick>
    <Brick refID="68" designID="64727">
      <Part refID="68" designID="64727" materials="131">
        <Bone refID="68" transformation="0.70710670948028564,0,0.70710694789886475,0.70710694789886475,0,-0.70710664987564087,0,1,0,3.6475582122802734,1.2000089883804321,-5.164186954498291">
        </Bone>
      </Part>
    </Brick>
    <Brick refID="69" designID="64727">
      <Part refID="69" designID="64727" materials="131">
        <Bone refID="69" transformation="-1,0,0,0,0,1.0000001192092896,0,1.0000001192092896,0,1.199994683265686,1.2000095844268799,6.538856029510498">
        </Bone>
      </Part>
    </Brick>
    <Brick refID="70" designID="6141">
      <Part refID="70" designID="6141" materials="131">
        <Bone refID="70" transformation="0.99999994039535522,0,0,0,0,1,0,-1,0,0.39999580383300781,1.2000095844268799,5.4008550643920898">
        </Bone>
      </Part>
    </Brick>
    <Brick refID="71" designID="6141">
      <Part refID="71" designID="6141" materials="131">
        <Bone refID="71" transformation="0.99999994039535522,0,0,0,0,1,0,-1,0,0.39999425411224365,1.2000095844268799,5.7208590507507324">
        </Bone>
      </Part>
    </Brick>
    <Brick refID="72" designID="4589">
      <Part refID="72" designID="4589" materials="135">
        <Bone refID="72" transformation="0.99999994039535522,0,0,0,0,1,0,-1,0,0.39999425411224365,1.2000094652175903,6.040860652923584">
        </Bone>
      </Part>
    </Brick>
    <Brick refID="73" designID="4589">
      <Part refID="73" designID="4589" materials="135">
        <Bone refID="73" transformation="0.99999994039535522,0,0,0,0,1,0,-1,0,1.1999952793121338,1.200009822845459,5.4008593559265137">
        </Bone>
      </Part>
    </Brick>
    <Brick refID="74" designID="3710">
      <Part refID="74" designID="3710" materials="26">
        <Bone refID="74" transformation="0.99999994039535522,0,0,0,0,1,0,-1,0,-1.2000051736831665,1.2000085115432739,5.0808601379394531">
        </Bone>
      </Part>
    </Brick>
    <Brick refID="75" designID="44302">
      <Part refID="75" designID="44302" materials="26">
        <Bone refID="75" transformation="-1,0,0,0,0,1,0,1,0,1.1999959945678711,1.2000083923339844,4.7608575820922852">
        </Bone>
      </Part>
    </Brick>
    <Brick refID="76" designID="49668">
      <Part refID="76" designID="49668" materials="131">
        <Bone refID="76" transformation="-1,0,0,0,0,1,0,1,0,0.40001094341278076,1.2000081539154053,4.4408597946166992">
        </Bone>
      </Part>
    </Brick>
    <Brick refID="77" designID="49668">
      <Part refID="77" designID="49668" materials="131">
        <Bone refID="77" transformation="-1,0,0,0,0,1,0,1,0,1.200009822845459,1.2000082731246948,4.120856761932373">
        </Bone>
      </Part>
    </Brick>
    <Brick refID="78" designID="49668">
      <Part refID="78" designID="49668" materials="131">
        <Bone refID="78" transformation="1,0,0,0,0,1,0,-1,0,1.2000079154968262,1.2000082731246948,4.4408578872680664">
        </Bone>
      </Part>
    </Brick>
    <Brick refID="79" designID="49668">
      <Part refID="79" designID="49668" materials="131">
        <Bone refID="79" transformation="0.99999994039535522,0,0,0,0,1,0,-1,0,0.40001034736633301,1.2000081539154053,4.1208581924438477">
        </Bone>
      </Part>
    </Brick>
    <Brick refID="80" designID="6141">
      <Part refID="80" designID="6141" materials="131">
        <Bone refID="80" transformation="0.99999994039535522,0,0,0,0,1,0,-1,0,-0.40000569820404053,1.2000094652175903,5.400853157043457">
        </Bone>
      </Part>
    </Brick>
    <Brick refID="81" designID="6141">
      <Part refID="81" designID="6141" materials="131">
        <Bone refID="81" transformation="0.99999994039535522,0,0,0,0,1,0,-1,0,-0.40000593662261963,1.2000094652175903,5.7208528518676758">
        </Bone>
      </Part>
    </Brick>
    <Brick refID="82" designID="4589">
      <Part refID="82" designID="4589" materials="135">
        <Bone refID="82" transformation="0.99999994039535522,0,0,0,0,1,0,-1,0,-0.40000545978546143,1.2000094652175903,6.0408525466918945">
        </Bone>
      </Part>
    </Brick>
    <Brick refID="83" designID="49668">
      <Part refID="83" designID="49668" materials="131">
        <Bone refID="83" transformation="-1,0,0,0,0,1,0,1,0,-0.39999997615814209,1.200009822845459,4.120854377746582">
        </Bone>
      </Part>
    </Brick>
    <Brick refID="84" designID="49668">
      <Part refID="84" designID="49668" materials="131">
        <Bone refID="84" transformation="1,0,0,0,0,1,0,-1,0,-0.40000379085540771,1.2000097036361694,4.4408540725708008">
        </Bone>
      </Part>
    </Brick>
    <Brick refID="85" designID="44302">
      <Part refID="85" designID="44302" materials="26">
        <Bone refID="85" transformation="1,0,0,0,0,1,0,-1,0,-1.2000042200088501,1.2000095844268799,4.7608537673950195">
        </Bone>
      </Part>
    </Brick>
    <Brick refID="86" designID="49668">
      <Part refID="86" designID="49668" materials="131">
        <Bone refID="86" transformation="-1,0,0,0,0,1,0,1,0,-1.200003981590271,1.2000097036361694,4.4408540725708008">
        </Bone>
      </Part>
    </Brick>
    <Brick refID="87" designID="4589">
      <Part refID="87" designID="4589" materials="135">
        <Bone refID="87" transformation="0.99999994039535522,0,0,0,0,1,0,-1,0,-1.2000044584274292,1.2000093460083008,5.400853157043457">
        </Bone>
      </Part>
    </Brick>
    <Brick refID="88" designID="49668">
      <Part refID="88" designID="49668" materials="131">
        <Bone refID="88" transformation="0.99999994039535522,0,0,0,0,1,0,-1,0,-1.2000046968460083,1.2000097036361694,4.1208562850952148">
        </Bone>
      </Part>
    </Brick>
    <Brick refID="89" designID="44658">
      <Part refID="89" designID="44658" materials="131">
        <Bone refID="89" transformation="0.99999994039535522,0,0,0,0,1,0,-1,0,0.39999473094940186,1.2000094652175903,6.4388537406921387">
        </Bone>
      </Part>
    </Brick>
    <Brick refID="90" designID="44658">
      <Part refID="90" designID="44658" materials="131">
        <Bone refID="90" transformation="-1,0,0,0,0,-1.0000001192092896,0,-1.0000001192092896,0,1.1999984979629517,1.2000092267990112,-5.4380002021789551">
        </Bone>
      </Part>
    </Brick>
    <Brick refID="91" designID="6141">
      <Part refID="91" designID="6141" materials="131">
        <Bone refID="91" transformation="-1,0,0,0,0,-1.0000001192092896,0,-1.0000001192092896,0,0.39999890327453613,1.2000092267990112,-5.0400004386901855">
        </Bone>
      </Part>
    </Brick>
    <Brick refID="92" designID="6141">
      <Part refID="92" designID="6141" materials="131">
        <Bone refID="92" transformation="-1,0,0,0,0,-1.0000001192092896,0,-1.0000001192092896,0,0.39999890327453613,1.2000091075897217,-5.3600001335144043">
        </Bone>
      </Part>
    </Brick>
    <Brick refID="93" designID="4589">
      <Part refID="93" designID="4589" materials="135">
        <Bone refID="93" transformation="-1,0,0,0,0,-1.0000001192092896,0,-1.0000001192092896,0,0.39999961853027344,1.2000091075897217,-5.679999828338623">
        </Bone>
      </Part>
    </Brick>
    <Brick refID="94" designID="4589">
      <Part refID="94" designID="4589" materials="135">
        <Bone refID="94" transformation="-1,0,0,0,0,-1.0000001192092896,0,-1.0000001192092896,0,1.200000524520874,1.2000091075897217,-5.0400004386901855">
        </Bone>
      </Part>
    </Brick>
    <Brick refID="95" designID="3710">
      <Part refID="95" designID="3710" materials="26">
        <Bone refID="95" transformation="-1,0,0,0,0,-1.0000001192092896,0,-1.0000001192092896,0,1.2000000476837158,1.2000091075897217,-4.7199997901916504">
        </Bone>
      </Part>
    </Brick>
    <Brick refID="96" designID="49668">
      <Part refID="96" designID="49668" materials="131">
        <Bone refID="96" transformation="0.99999994039535522,0,0,0,0,-1,0,1,0,1.1999999284744263,1.2000091075897217,-4.0800013542175293">
        </Bone>
      </Part>
    </Brick>
    <Brick refID="97" designID="44302">
      <Part refID="97" designID="44302" materials="26">
        <Bone refID="97" transformation="-1.0000001192092896,0,0,0,0,-1.0000001192092896,0,-1.0000001192092896,0,1.2000000476837158,1.2000092267990112,-4.399998664855957">
        </Bone>
      </Part>
    </Brick>
    <Brick refID="98" designID="49668">
      <Part refID="98" designID="49668" materials="131">
        <Bone refID="98" transformation="-1,0,0,0,0,-1.0000001192092896,0,-1.0000001192092896,0,1.2000019550323486,1.2000091075897217,-3.7600023746490479">
        </Bone>
      </Part>
    </Brick>
    <Brick refID="99" designID="49668">
      <Part refID="99" designID="49668" materials="131">
        <Bone refID="99" transformation="0.99999994039535522,0,0,0,0,-1,0,1,0,0.39999747276306152,1.2000091075897217,-3.760000467300415">
        </Bone>
      </Part>
    </Brick>
    <Brick refID="100" designID="49668">
      <Part refID="100" designID="49668" materials="131">
        <Bone refID="100" transformation="-1.0000001192092896,0,0,0,0,-1.0000001192092896,0,-1.0000001192092896,0,0.40000021457672119,1.2000092267990112,-4.0800004005432129">
        </Bone>
      </Part>
    </Brick>
    <Brick refID="101" designID="6141">
      <Part refID="101" designID="6141" materials="131">
        <Bone refID="101" transformation="-1,0,0,0,0,-1.0000001192092896,0,-1.0000001192092896,0,-0.40000045299530029,1.2000091075897217,-5.040001392364502">
        </Bone>
      </Part>
    </Brick>
    <Brick refID="102" designID="6141">
      <Part refID="102" designID="6141" materials="131">
        <Bone refID="102" transformation="-1,0,0,0,0,-1.0000001192092896,0,-1.0000001192092896,0,-0.40000045299530029,1.2000091075897217,-5.3600010871887207">
        </Bone>
      </Part>
    </Brick>
    <Brick refID="103" designID="4589">
      <Part refID="103" designID="4589" materials="135">
        <Bone refID="103" transformation="-1,0,0,0,0,-1.0000001192092896,0,-1.0000001192092896,0,-0.39999961853027344,1.2000091075897217,-5.679999828338623">
        </Bone>
      </Part>
    </Brick>
    <Brick refID="104" designID="49668">
      <Part refID="104" designID="49668" materials="131">
        <Bone refID="104" transformation="1,0,0,0,0,-1,0,1,0,-0.40001380443572998,1.2000073194503784,-4.0800051689147949">
        </Bone>
      </Part>
    </Brick>
    <Brick refID="105" designID="49668">
      <Part refID="105" designID="49668" materials="131">
        <Bone refID="105" transformation="-1,0,0,0,0,-1.0000001192092896,0,-1.0000001192092896,0,-0.40001428127288818,1.200007438659668,-3.7600023746490479">
        </Bone>
      </Part>
    </Brick>
    <Brick refID="106" designID="44302">
      <Part refID="106" designID="44302" materials="26">
        <Bone refID="106" transformation="0.99999994039535522,0,0,0,0,-1,0,1,0,-1.2000006437301636,1.2000076770782471,-4.3999991416931152">
        </Bone>
      </Part>
    </Brick>
    <Brick refID="107" designID="4589">
      <Part refID="107" designID="4589" materials="135">
        <Bone refID="107" transformation="-1,0,0,0,0,-1.0000001192092896,0,-1.0000001192092896,0,-1.2000008821487427,1.2000091075897217,-5.0400004386901855">
        </Bone>
      </Part>
    </Brick>
    <Brick refID="108" designID="49668">
      <Part refID="108" designID="49668" materials="131">
        <Bone refID="108" transformation="1,0,0,0,0,-1,0,1,0,-1.2000137567520142,1.2000073194503784,-3.7600014209747314">
        </Bone>
      </Part>
    </Brick>
    <Brick refID="109" designID="49668">
      <Part refID="109" designID="49668" materials="131">
        <Bone refID="109" transformation="-1,0,0,0,0,-1.0000001192092896,0,-1.0000001192092896,0,-1.2000123262405396,1.2000069618225098,-4.0800018310546875">
        </Bone>
      </Part>
    </Brick>
    <Brick refID="110" designID="64727">
      <Part refID="110" designID="64727" materials="131">
        <Bone refID="110" transformation="0.99999994039535522,0,0,0,0,-1,0,1,0,0.39999973773956299,1.2000091075897217,-6.8179993629455566">
        </Bone>
      </Part>
    </Brick>
    <Brick refID="111" designID="64727">
      <Part refID="111" designID="64727" materials="131">
        <Bone refID="111" transformation="-1,0,0,0,0,1.0000001192092896,0,1.0000001192092896,0,-0.40000617504119873,1.2000092267990112,7.1788516044616699">
        </Bone>
      </Part>
    </Brick>
    <Brick refID="112" designID="44658">
      <Part refID="112" designID="44658" materials="131">
        <Bone refID="112" transformation="-1,0,0,0,0,-1.0000001192092896,0,-1.0000001192092896,0,-0.4000016450881958,1.2000091075897217,-6.0779995918273926">
        </Bone>
      </Part>
    </Brick>
    <Brick refID="113" designID="44658">
      <Part refID="113" designID="44658" materials="131">
        <Bone refID="113" transformation="0.99999994039535522,0,0,0,0,1,0,-1,0,-1.2000044584274292,1.2000093460083008,5.7988543510437012">
        </Bone>
      </Part>
    </Brick>
    <Brick refID="114" designID="64727">
      <Part refID="114" designID="64727" materials="131">
        <Bone refID="114" transformation="0.99999994039535522,0,0,0,0,-1,0,1,0,-1.20000159740448,1.2000092267990112,-6.1779999732971191">
        </Bone>
      </Part>
    </Brick>
    <Brick refID="115" designID="49668">
      <Part refID="115" designID="49668" materials="131">
        <Bone refID="115" transformation="-0.70710569620132446,0,-0.70710796117782593,-0.70710796117782593,0,0.70710569620132446,0,1,0,-2.729738712310791,1.2000093460083008,3.4758448600769043">
        </Bone>
      </Part>
    </Brick>
    <Brick refID="116" designID="44301">
      <Part refID="116" designID="44301" materials="26">
        <Bone refID="116" transformation="-0.70710569620132446,0,-0.70710796117782593,-0.70710796117782593,0,0.70710569620132446,0,1,0,-2.3903288841247559,1.2000093460083008,4.2678041458129883">
        </Bone>
      </Part>
    </Brick>
    <Brick refID="117" designID="49668">
      <Part refID="117" designID="49668" materials="131">
        <Bone refID="117" transformation="-0.70710575580596924,0,-0.70710790157318115,-0.70710796117782593,0,0.70710587501525879,0,1.0000001192092896,0,-1.9377797842025757,1.2000093460083008,3.8152551651000977">
        </Bone>
      </Part>
    </Brick>
    <Brick refID="118" designID="49668">
      <Part refID="118" designID="49668" materials="131">
        <Bone refID="118" transformation="0.70710623264312744,0,0.70710742473602295,-0.70710742473602295,0,0.70710623264312744,0,-1,0,-2.1640548706054687,1.2000095844268799,4.0415263175964355">
        </Bone>
      </Part>
    </Brick>
    <Brick refID="119" designID="49668">
      <Part refID="119" designID="49668" materials="131">
        <Bone refID="119" transformation="0.70710623264312744,0,0.70710742473602295,-0.70710742473602295,0,0.70710623264312744,0,-1,0,-2.5034656524658203,1.2000093460083008,3.2495698928833008">
        </Bone>
      </Part>
    </Brick>
    <Brick refID="120" designID="4589">
      <Part refID="120" designID="4589" materials="135">
        <Bone refID="120" transformation="0.70710611343383789,0,0.70710742473602295,-0.70710748434066772,0,0.70710623264312744,0,-1,0,-2.8428759574890137,1.2000092267990112,4.7203516960144043">
        </Bone>
      </Part>
    </Brick>
    <Brick refID="121" designID="3710">
      <Part refID="121" designID="3710" materials="26">
        <Bone refID="121" transformation="0.70710629224777222,0,0.70710736513137817,-0.70710748434066772,0,0.70710635185241699,0,-1.0000001192092896,0,-4.3136587142944336,1.2000094652175903,2.7970192432403564">
        </Bone>
      </Part>
    </Brick>
    <Brick refID="122" designID="6141">
      <Part refID="122" designID="6141" materials="131">
        <Bone refID="122" transformation="0.70710635185241699,0,0.70710742473602295,-0.70710748434066772,0,0.70710635185241699,0,-1.0000001192092896,0,-3.4085640907287598,1.2000091075897217,4.1546659469604492">
        </Bone>
      </Part>
    </Brick>
    <Brick refID="123" designID="6141">
      <Part refID="123" designID="6141" materials="131">
        <Bone refID="123" transformation="0.70710635185241699,0,0.70710742473602295,-0.70710748434066772,0,0.70710635185241699,0,-1.0000001192092896,0,-3.6348371505737305,1.2000089883804321,4.3809385299682617">
        </Bone>
      </Part>
    </Brick>
    <Brick refID="124" designID="6141">
      <Part refID="124" designID="6141" materials="131">
        <Bone refID="124" transformation="0.70710635185241699,0,0.70710742473602295,-0.70710748434066772,0,0.70710635185241699,0,-1.0000001192092896,0,-3.9742474555969238,1.2000091075897217,3.5889787673950195">
        </Bone>
      </Part>
    </Brick>
    <Brick refID="125" designID="44301">
      <Part refID="125" designID="44301" materials="26">
        <Bone refID="125" transformation="0.70710641145706177,0,0.70710736513137817,-0.70710742473602295,0,0.70710641145706177,0,-1.0000001192092896,0,-4.0873837471008301,1.2000024318695068,2.5707464218139648">
        </Bone>
      </Part>
    </Brick>
    <Brick refID="126" designID="49668">
      <Part refID="126" designID="49668" materials="131">
        <Bone refID="126" transformation="-0.7071043848991394,0,-0.70710921287536621,-0.70710921287536621,0,0.7071043848991394,0,1,0,-3.0691542625427246,1.2000110149383545,2.683873176574707">
        </Bone>
      </Part>
    </Brick>
    <Brick refID="127" designID="49668">
      <Part refID="127" designID="49668" materials="131">
        <Bone refID="127" transformation="0.70710569620132446,0,0.70710813999176025,-0.70710813999176025,0,0.70710563659667969,0,-1.0000001192092896,0,-3.2954320907592773,1.2000116109848022,2.9101452827453613">
        </Bone>
      </Part>
    </Brick>
    <Brick refID="128" designID="49668">
      <Part refID="128" designID="49668" materials="131">
        <Bone refID="128" transformation="-0.7071043848991394,0,-0.70710921287536621,-0.70710921287536621,0,0.7071043848991394,0,1,0,-3.8611159324645996,1.2000107765197754,2.3444583415985107">
        </Bone>
      </Part>
    </Brick>
    <Brick refID="129" designID="4589">
