<?xml version="1.0" encoding="UTF-8" standalone="no" ?>
<LXFML versionMajor="5" versionMinor="0">
  <Meta>
    <Application name="LEGO Universe" versionMajor="0" versionMinor="0"/>
    <Brand name="LEGOUniverse"/>
    <BrickSet version="330"/>
  </Meta>
  <Bricks>
    <Brick refID="0" designID="59230">
      <Part refID="0" designID="59230" materials="127">
        <Bone refID="0" transformation="-0.98480665683746338,0.17365412414073944,-0.00022878930030856282,0.10696021467447281,0.60554152727127075,-0.78859353065490723,-0.13680393993854523,-0.77663666009902954,-0.61491489410400391,-0.76495075225830078,3.5827739238739014,-1.2025861740112305">
        </Bone>
      </Part>
    </Brick>
    <Brick refID="1" designID="60115">
      <Part refID="1" designID="60115" materials="127">
        <Bone refID="1" transformation="1,0,0,0,1,0,0,0,1,-0.40003752708435059,2.0800008773803711,-1.2010622024536133">
        </Bone>
      </Part>
    </Brick>
    <Brick refID="2" designID="48493">
      <Part refID="2" designID="48493" materials="127">
        <Bone refID="2" transformation="1,0,0,0,1,0,0,0,1,-2.0742416381835938E-005,4.8000965118408203,-1.2037510871887207">
        </Bone>
      </Part>
    </Brick>
    <Brick refID="3" designID="3626">
      <Part refID="3" designID="3626" materials="127,0,0,0" decoration="0,0,0">
        <Bone refID="3" transformation="1,0,0,0,1,0,0,0,1,-2.6702880859375E-005,3.8400974273681641,-1.202791690826416">
        </Bone>
      </Part>
    </Brick>
    <Brick refID="4" designID="30374">
      <Part refID="4" designID="30374" materials="127">
        <Bone refID="4" transformation="0.98841232061386108,-0.065795943140983582,-0.13679201900959015,-0.065778598189353943,0.62650418281555176,-0.7766374945640564,0.1368003636598587,0.77663600444793701,0.61491644382476807,-0.82664990425109863,3.2352118492126465,0.55110263824462891">
        </Bone>
      </Part>
    </Brick>
    <Brick refID="5" designID="87747">
      <Part refID="5" designID="87747" materials="127">
        <Bone refID="5" transformation="0.083498641848564148,-0.62758380174636841,0.77405864000320435,0.13679991662502289,0.77663600444793701,0.61491668224334717,-0.98707342147827148,0.054546475410461426,0.15070146322250366,-0.78721880912780762,3.4590706825256348,0.7283482551574707">
        </Bone>
      </Part>
    </Brick>
    <Brick refID="6" designID="4589">
      <Part refID="6" designID="4589" materials="127">
        <Bone refID="6" transformation="-0.98707306385040283,0.054546233266592026,0.15070311725139618,0.13680076599121094,0.77663618326187134,0.61491614580154419,-0.083500124514102936,0.62758350372314453,-0.77405858039855957,-0.88817739486694336,2.8859133720397949,0.27453994750976563">
        </Bone>
      </Part>
    </Brick>
    <Brick refID="7" designID="59230">
      <Part refID="7" designID="59230" materials="127">
        <Bone refID="7" transformation="0.98480874300003052,0.17364245653152466,-0.00010815844143508002,-0.17198427021503448,0.97548991441726685,0.13726198673248291,0.023940013721585274,-0.13515819609165192,0.99053478240966797,0.7643280029296875,3.5827646255493164,-1.2024831771850586">
        </Bone>
      </Part>
    </Brick>
    <Brick refID="8" designID="6266">
      <Part refID="8" designID="6266" materials="127">
        <Bone refID="8" transformation="1,0,0,0,1,0,0,0,1,-0.4000089168548584,2.0803167819976807,-1.2008557319641113">
        </Bone>
      </Part>
    </Brick>
    <Brick refID="9" designID="6266">
      <Part refID="9" designID="6266" materials="127">
        <Bone refID="9" transformation="1,0,0,0,1,0,0,0,1,0.39996218681335449,2.0799965858459473,-1.2010173797607422">
        </Bone>
      </Part>
    </Brick>
    <Brick refID="10" designID="3023">
      <Part refID="10" designID="3023" materials="26">
        <Bone refID="10" transformation="1,0,0,0,1,0,0,0,1,-0.40004229545593262,0.63999968767166138,-1.1995820999145508">
        </Bone>
      </Part>
    </Brick>
    <Brick refID="11" designID="32028">
      <Part refID="11" designID="32028" materials="26">
        <Bone refID="11" transformation="1,0,0,0,1,0,0,0,1,-0.40004348754882813,0.3199998140335083,-1.1992621421813965">
        </Bone>
      </Part>
    </Brick>
    <Brick refID="12" designID="3022">
      <Part refID="12" designID="3022" materials="26">
        <Bone refID="12" transformation="1,0,0,0,1,0,0,0,1,-0.40004444122314453,0,-1.1989421844482422">
        </Bone>
      </Part>
    </Brick>
    <Brick refID="13" designID="53451">
      <Part refID="13" designID="53451" materials="1">
        <Bone refID="13" transformation="0,-0.99999964237213135,0.00099938968196511269,-0.99999964237213135,0,-0.00099951296579092741,0.00099951331503689289,-0.00099938933271914721,-0.99999898672103882,-0.81703758239746094,0.87920147180557251,-1.9998230934143066">
        </Bone>
      </Part>
    </Brick>
    <Brick refID="14" designID="87087">
      <Part refID="14" designID="87087" materials="26">
        <Bone refID="14" transformation="0,0.00099951319862157106,0.9999995231628418,0,0.9999995231628418,-0.00099951319862157106,-1,0,0,-0.4000396728515625,0.31920036673545837,-1.9992613792419434">
        </Bone>
      </Part>
    </Brick>
    <Brick refID="15" designID="53451">
      <Part refID="15" designID="53451" materials="1">
        <Bone refID="15" transformation="3.3177762816194445E-005,-0.99999988079071045,0.00042460905387997627,-0.99999988079071045,-3.3414253266528249E-005,-0.0004247185424901545,0.00042473268695175648,-0.0004245949094183743,-0.99999982118606567,-0.25822758674621582,3.4395966529846191,-2.0007777214050293">
        </Bone>
      </Part>
    </Brick>
    <Brick refID="16" designID="47905">
      <Part refID="16" designID="47905" materials="26">
        <Bone refID="16" transformation="1,0,0,0,1,0,0,0,1,-0.00020813941955566406,2.8796055316925049,-2.0005669593811035">
        </Bone>
      </Part>
    </Brick>
    <Brick refID="17" designID="3794">
      <Part refID="17" designID="3794" materials="26">
        <Bone refID="17" transformation="1,0,0,0,1,0,0,0,1,-0.40004205703735352,2.5592010021209717,-2.001497745513916">
        </Bone>
      </Part>
    </Brick>
    <Brick refID="18" designID="4070">
      <Part refID="18" designID="4070" materials="26">
        <Bone refID="18" transformation="0,0.00099951319862157106,0.9999995231628418,0,0.99999946355819702,-0.00099951319862157106,-1,0,0,-0.40003442764282227,1.5991992950439453,-2.0005412101745605">
        </Bone>
      </Part>
    </Brick>
    <Brick refID="19" designID="4070">
      <Part refID="19" designID="4070" materials="26">
        <Bone refID="19" transformation="0,-0.00099951319862157106,-0.9999995231628418,0,0.99999946355819702,-0.00099951319862157106,1,0,0,0.39996576309204102,1.5991966724395752,-2.0005369186401367">
        </Bone>
      </Part>
    </Brick>
    <Brick refID="20" designID="3023">
      <Part refID="20" designID="3023" materials="26">
        <Bone refID="20" transformation="1,0,0,0,1,0,0,0,1,-0.40003585815429688,1.2791991233825684,-2.000220775604248">
        </Bone>
      </Part>
    </Brick>
    <Brick refID="21" designID="53451">
      <Part refID="21" designID="53451" materials="1">
        <Bone refID="21" transformation="3.3524320315336809E-005,-0.99999994039535522,0.00042473265784792602,1,3.3479616831755266E-005,-0.00010526110418140888,0.000105246901512146,0.00042473617941141129,1,0.25777268409729004,3.4396140575408936,-2.0008320808410645">
        </Bone>
      </Part>
    </Brick>
    <Brick refID="22" designID="53451">
      <Part refID="22" designID="53451" materials="1">
        <Bone refID="22" transformation="0,-0.99999964237213135,0.00099938956554979086,-0.99999964237213135,0,-0.00099951284937560558,0.00099951319862157106,-0.00099938921630382538,-0.99999898672103882,-0.50892186164855957,2.1592001914978027,-2.0011014938354492">
        </Bone>
      </Part>
    </Brick>
    <Brick refID="23" designID="53451">
      <Part refID="23" designID="53451" materials="1">
        <Bone refID="23" transformation="0,-0.9999995231628418,0.00099951296579092741,1,0,0,0,0.00099951296579092741,0.99999946355819702,0.50885820388793945,2.1591970920562744,-2.0010957717895508">
        </Bone>
      </Part>
    </Brick>
    <Brick refID="24" designID="53451">
      <Part refID="24" designID="53451" materials="1">
        <Bone refID="24" transformation="0,-0.9999995231628418,0.00099955662153661251,1,0,0,0,0.00099955662153661251,0.9999995231628418,0.79996299743652344,0.8791964054107666,-1.9998135566711426">
        </Bone>
      </Part>
    </Brick>
    <Brick refID="25" designID="87087">
      <Part refID="25" designID="87087" materials="26">
        <Bone refID="25" transformation="0,-0.00099951319862157106,-0.9999995231628418,0,0.9999995231628418,-0.00099951319862157106,1,0,0,0.39996051788330078,0.31919798254966736,-1.9992570877075195">
        </Bone>
      </Part>
    </Brick>
  </Bricks>
  <RigidSystems>
    <RigidSystem>
      <Rigid refID="0" transformation="-0.98480665683746338,0.17365412414073944,-0.00022878930030856282,0.10696021467447281,0.60554152727127075,-0.78859353065490723,-0.13680393993854523,-0.77663666009902954,-0.61491489410400391,2.435049295425415,3.6527910232543945,-6.0025863647460938" boneRefs="0"/>
      <Rigid refID="1" transformation="1,0,0,0,1,0,0,0,1,2.7999625205993652,2.1500179767608643,-6.0010623931884766" boneRefs="1"/>
      <Rigid refID="2" transformation="1,0,0,0,1,0,0,0,1,3.199979305267334,4.8701138496398926,-6.003751277923584" boneRefs="2,3"/>
      <Rigid refID="3" transformation="0.98841232061386108,-0.065795943140983582,-0.13679201900959015,-0.065778598189353943,0.62650418281555176,-0.7766374945640564,0.1368003636598587,0.77663600444793701,0.61491644382476807,2.3733501434326172,3.3052289485931396,-4.2488975524902344" boneRefs="4"/>
      <Rigid refID="4" transformation="0.083498641848564148,-0.62758380174636841,0.77405864000320435,0.13679991662502289,0.77663600444793701,0.61491668224334717,-0.98707342147827148,0.054546475410461426,0.15070146322250366,2.4127812385559082,3.5290877819061279,-4.0716519355773926" boneRefs="5"/>
      <Rigid refID="5" transformation="-0.98707306385040283,0.054546233266592026,0.15070311725139618,0.13680076599121094,0.77663618326187134,0.61491614580154419,-0.083500124514102936,0.62758350372314453,-0.77405858039855957,2.3118226528167725,2.9559304714202881,-4.5254602432250977" boneRefs="6"/>
      <Rigid refID="6" transformation="0.98480874300003052,0.17364245653152466,-0.00010815844143508002,-0.17198427021503448,0.97548991441726685,0.13726198673248291,0.023940013721585274,-0.13515819609165192,0.99053478240966797,3.9643280506134033,3.6527817249298096,-6.0024833679199219" boneRefs="7"/>
      <Rigid refID="7" transformation="1,0,0,0,1,0,0,0,1,2.7999911308288574,2.1503338813781738,-6.0008559226989746" boneRefs="8"/>
      <Rigid refID="8" transformation="1,0,0,0,1,0,0,0,1,3.5999622344970703,2.1500136852264404,-6.0010175704956055" boneRefs="9"/>
      <Rigid refID="9" transformation="1,0,0,0,1,0,0,0,1,2.7999577522277832,0.71001684665679932,-5.9995822906494141" boneRefs="10,11,12"/>
      <Rigid refID="10" transformation="0,-0.99999964237213135,0.00099938968196511269,-0.99999964237213135,0,-0.00099951296579092741,0.00099951331503689289,-0.00099938933271914721,-0.99999898672103882,2.3829624652862549,0.94921863079071045,-6.7998232841491699" boneRefs="13"/>
      <Rigid refID="11" transformation="0,0.00099951319862157106,0.9999995231628418,0,0.9999995231628418,-0.00099951319862157106,-1,0,0,2.7999603748321533,0.38921752572059631,-6.7992615699768066" boneRefs="14"/>
      <Rigid refID="12" transformation="3.3177762816194445E-005,-0.99999988079071045,0.00042460905387997627,-0.99999988079071045,-3.3414253266528249E-005,-0.0004247185424901545,0.00042473268695175648,-0.0004245949094183743,-0.99999982118606567,2.9417724609375,3.5096137523651123,-6.8007779121398926" boneRefs="15"/>
      <Rigid refID="13" transformation="1,0,0,0,1,0,0,0,1,3.1997919082641602,2.949622631072998,-6.8005671501159668" boneRefs="16,17,18,19,20"/>
      <Rigid refID="14" transformation="3.3524320315336809E-005,-0.99999994039535522,0.00042473265784792602,1,3.3479616831755266E-005,-0.00010526110418140888,0.000105246901512146,0.00042473617941141129,1,3.4577727317810059,3.5096311569213867,-6.8008322715759277" boneRefs="21"/>
      <Rigid refID="15" transformation="0,-0.99999964237213135,0.00099938956554979086,-0.99999964237213135,0,-0.00099951284937560558,0.00099951319862157106,-0.00099938921630382538,-0.99999898672103882,2.6910781860351563,2.2292172908782959,-6.8011016845703125" boneRefs="22"/>
      <Rigid refID="16" transformation="0,-0.9999995231628418,0.00099951296579092741,1,0,0,0,0.00099951296579092741,0.99999946355819702,3.7088582515716553,2.2292141914367676,-6.8010959625244141" boneRefs="23"/>
      <Rigid refID="17" transformation="0,-0.9999995231628418,0.00099955662153661251,1,0,0,0,0.00099955662153661251,0.9999995231628418,3.9999630451202393,0.94921356439590454,-6.7998137474060059" boneRefs="24"/>
      <Rigid refID="18" transformation="0,-0.00099951319862157106,-0.9999995231628418,0,0.9999995231628418,-0.00099951319862157106,1,0,0,3.5999605655670166,0.3892151415348053,-6.7992572784423828" boneRefs="25"/>
      <Joint type="hinge">
        <RigidRef rigidRef="1" a="0.98480790853500366,-0.17364723980426788,0" z="0,0,-1" t="-0.20787599682807922,1.4750800132751465,0"/>
        <RigidRef rigidRef="0" a="-1,0.00018477007688488811,0.00013518243213184178" z="0.00022881328186485916,0.78859323263168335,0.61491525173187256" t="-0.15946070849895477,-0.00117439532186836,-0.00091298448387533426"/>
      </Joint>
      <Joint type="hinge">
        <RigidRef rigidRef="3" a="0,0,-1" z="1,0,0" t="0,0,-3.200000524520874"/>
        <RigidRef rigidRef="0" a="0,0,1" z="-0.98478949069976807,0.17375180125236511,0" t="0,-1.6000030040740967,2.4000005722045898"/>
      </Joint>
      <Joint type="hinge">
        <RigidRef rigidRef="2" a="0,-1,0" z="0,0,1" t="0,-0.95999932289123535,0.0009593963623046875"/>
        <RigidRef rigidRef="1" a="0,-1,0" z="0,0,1" t="0.40000000596046448,1.7601000070571899,0"/>
      </Joint>
      <Joint type="hinge">
        <RigidRef rigidRef="6" a="-1,0,0" z="0,0,1" t="-0.15997900068759918,0,0"/>
        <RigidRef rigidRef="1" a="-0.98480886220932007,-0.17364242672920227,0.00010816445865202695" z="0.023940015584230423,-0.13515819609165192,0.99053484201431274" t="1.0068168640136719,1.4749846458435059,-0.00140380859375"/>
      </Joint>
      <Joint type="hinge">
        <RigidRef rigidRef="7" a="-1,0,0" z="0,0,1" t="-0.15999999642372131,0,0"/>
        <RigidRef rigidRef="1" a="-1,0,0" z="0,0,1" t="-0.15997147560119629,0.00031590461730957031,0.00020647048950195313"/>
      </Joint>
      <Joint type="hinge">
        <RigidRef rigidRef="8" a="-1,0,0" z="0,0,1" t="-0.15999999642372131,0,0"/>
        <RigidRef rigidRef="1" a="-1,0,0" z="0,0,1" t="0.6399996280670166,0,4.482269287109375E-005"/>
      </Joint>
      <Joint type="hinge">
        <RigidRef rigidRef="3" a="0,0,1" z="1,0,0" t="0,0,0"/>
        <RigidRef rigidRef="5" a="0,1,0" z="-0.99983912706375122,0,-0.017940016463398933" t="0,0.44975769519805908,0"/>
      </Joint>
      <Joint type="hinge">
        <RigidRef rigidRef="5" a="0,-1,0" z="1,0,0" t="0,0.5,0"/>
        <RigidRef rigidRef="4" a="0,-1,0" z="0,0,1" t="0,-0.23800000548362732,0"/>
      </Joint>
      <Joint type="hinge">
        <RigidRef rigidRef="9" a="0,1,0" z="0,0,1" t="0,0.31999999284744263,0"/>
        <RigidRef rigidRef="7" a="0,1,0" z="0,0,1" t="0,-1.1200000047683716,0"/>
      </Joint>
      <Joint type="hinge">
        <RigidRef rigidRef="9" a="0,1,0" z="0,0,1" t="0.80000007152557373,0.31999999284744263,0"/>
        <RigidRef rigidRef="8" a="0,1,0" z="0,0,1" t="0,-1.1200000047683716,0"/>
      </Joint>
      <Joint type="hinge">
        <RigidRef rigidRef="11" a="0,1,0" z="0,0,1" t="0,0,0"/>
        <RigidRef rigidRef="9" a="0,1,0" z="0,0,1" t="0,-0.31999969482421875,-0.79936015605926514"/>
      </Joint>
      <Joint type="hinge">
        <RigidRef rigidRef="18" a="0,1,0" z="0,0,1" t="0,0,0"/>
        <RigidRef rigidRef="9" a="0,1,0" z="0,0,1" t="0.79999792575836182,-0.31999969482421875,-0.79936015605926514"/>
      </Joint>
      <Joint type="hinge">
        <RigidRef rigidRef="11" a="0,0,1" z="0,-1,0" t="0,0.55999994277954102,0.39999997615814209"/>
        <RigidRef rigidRef="10" a="0,1,0" z="0,0,1" t="0,0,0"/>
      </Joint>
      <Joint type="hinge">
        <RigidRef rigidRef="11" a="0,1,0" z="0,0,1" t="0,0.95999997854232788,0"/>
        <RigidRef rigidRef="13" a="0,1,0" z="0,0,1" t="-0.39982771873474121,-1.6004064083099365,0.00034618377685546875"/>
      </Joint>
      <Joint type="hinge">
        <RigidRef rigidRef="13" a="1,0,0" z="0,0,-1" t="0.57800000905990601,0.56000000238418579,0"/>
        <RigidRef rigidRef="12" a="3.3368247386533767E-005,-0.99999988079071045,0.00042479459079913795" z="-0.00042454729555174708,0.00042478041723370552,0.99999988079071045" t="1.9120776414638385E-005,-0.83601963520050049,0.00014409076538868248"/>
      </Joint>
      <Joint type="hinge">
        <RigidRef rigidRef="14" a="0,1,0" z="0,0,1" t="0,0.31999999284744263,0"/>
        <RigidRef rigidRef="13" a="1,3.3479616831755266E-005,-0.00010526110418140888" z="0.00010524688696023077,0.00042473612120375037,0.99999988079071045" t="0.57798075675964355,0.56001925468444824,-0.00029897689819335938"/>
      </Joint>
      <Joint type="hinge">
        <RigidRef rigidRef="15" a="0,1,0" z="0,0,1" t="0,0.31999999284744263,0"/>
        <RigidRef rigidRef="13" a="-0.9999995231628418,0,-0.00099951261654496193" z="0.00099951319862157106,-0.00099938921630382538,-0.99999898672103882" t="-0.82871353626251221,-0.72040557861328125,-0.00085446500452235341"/>
      </Joint>
      <Joint type="hinge">
        <RigidRef rigidRef="16" a="0,1,0" z="0,0,1" t="0,0.31999999284744263,0"/>
        <RigidRef rigidRef="13" a="1,0,0" z="0,0.00099951308220624924,0.99999958276748657" t="0.82906615734100342,-0.72040849924087524,-0.00052886671619489789"/>
      </Joint>
      <Joint type="hinge">
        <RigidRef rigidRef="18" a="0,1,0" z="0,0,1" t="0,0.95999997854232788,0"/>
        <RigidRef rigidRef="13" a="0,1,0" z="0,0,1" t="0.40017235279083252,-1.6004064083099365,0.00034618377685546875"/>
      </Joint>
      <Joint type="hinge">
        <RigidRef rigidRef="18" a="0,0,1" z="0,-1,0" t="0,0.55999994277954102,0.39999997615814209"/>
        <RigidRef rigidRef="17" a="0,1,0" z="0,0,1" t="0,0,0"/>
      </Joint>
    </RigidSystem>
  </RigidSystems>
  <GroupSystems>
    <GroupSystem>
    </GroupSystem>
  </GroupSystems>
</LXFML>
