<?xml version="1.0" encoding="UTF-8" standalone="no" ?>
<LXFML versionMajor="5" versionMinor="0">
  <Meta>
    <Application name="CCOP" versionMajor="0" versionMinor="0"/>
    <Brand name="LEGOUniverse"/>
    <BrickSet version="228"/>
  </Meta>
  <Bricks>
    <Brick refID="0" designID="87079">
      <Part refID="0" designID="87079" materials="26">
        <Bone refID="0" transformation="-1,0,0,0,0.95105659961700439,-0.30901703238487244,0,-0.30901703238487244,-0.95105648040771484,1.1849997043609619,8.0167503356933594,-3.5350232124328613">
        </Bone>
      </Part>
    </Brick>
    <Brick refID="1" designID="3010">
      <Part refID="1" designID="3010" materials="26">
        <Bone refID="1" transformation="-1,0,0,0,0.95105654001235962,-0.30901700258255005,0,-0.30901700258255005,-0.95105642080307007,1.1849997043609619,7.3509492874145508,-2.4775214195251465">
        </Bone>
      </Part>
    </Brick>
    <Brick refID="2" designID="6556">
      <Part refID="2" designID="6556" materials="26">
        <Bone refID="2" transformation="-1,0,0,0,0.95105654001235962,-0.30901697278022766,0,-0.30901697278022766,-0.95105648040771484,1.1849997043609619,5.2777070999145508,-2.6450543403625488">
        </Bone>
      </Part>
    </Brick>
    <Brick refID="3" designID="4034">
      <Part refID="3" designID="4034" materials="23">
        <Bone refID="3" transformation="-1,0,0,0,0.95105654001235962,-0.30901700258255005,0,-0.30901700258255005,-0.95105642080307007,1.1849997043609619,5.2777070999145508,-2.6450543403625488">
        </Bone>
      </Part>
    </Brick>
    <Brick refID="4" designID="3010">
      <Part refID="4" designID="3010" materials="26">
        <Bone refID="4" transformation="-1,0,0,0,0.95105654001235962,-0.30901700258255005,0,-0.30901700258255005,-0.95105642080307007,1.1849997043609619,6.437934398651123,-2.1808648109436035">
        </Bone>
      </Part>
    </Brick>
    <Brick refID="5" designID="3710">
      <Part refID="5" designID="3710" materials="26">
        <Bone refID="5" transformation="-1,0,0,0,0.95105654001235962,-0.30901700258255005,0,-0.30901700258255005,-0.95105642080307007,1.1849997043609619,6.1335964202880859,-2.0819802284240723">
        </Bone>
      </Part>
    </Brick>
    <Brick refID="6" designID="3710">
      <Part refID="6" designID="3710" materials="26">
        <Bone refID="6" transformation="-1,0,0,0,0.95105654001235962,-0.30901700258255005,0,-0.30901700258255005,-0.95105642080307007,1.1849997043609619,5.8292579650878906,-1.9830946922302246">
        </Bone>
      </Part>
    </Brick>
    <Brick refID="7" designID="3024">
      <Part refID="7" designID="3024" materials="26">
        <Bone refID="7" transformation="-1,0,0,0,0.95105654001235962,-0.30901700258255005,0,-0.30901700258255005,-0.95105642080307007,1.1849997043609619,5.5249199867248535,-1.884209156036377">
        </Bone>
      </Part>
    </Brick>
    <Brick refID="8" designID="48336">
      <Part refID="8" designID="48336" materials="26">
        <Bone refID="8" transformation="1,0,0,0,0.95105659961700439,-0.30901670455932617,0,0.30901670455932617,0.95105654001235962,-0.41500073671340942,5.5249204635620117,-1.884209156036377">
        </Bone>
      </Part>
    </Brick>
    <Brick refID="9" designID="3020">
      <Part refID="9" designID="3020" materials="26">
        <Bone refID="9" transformation="-1,0,0,0,0.95105654001235962,-0.30901700258255005,0,-0.30901700258255005,-0.95105642080307007,1.1849997043609619,4.9733686447143555,-2.5461688041687012">
        </Bone>
      </Part>
    </Brick>
    <Brick refID="10" designID="3024">
      <Part refID="10" designID="3024" materials="26">
        <Bone refID="10" transformation="-1,0,0,0,0.95105654001235962,-0.30901700258255005,0,-0.30901700258255005,-0.95105642080307007,-1.215001106262207,5.5249204635620117,-1.884209156036377">
        </Bone>
      </Part>
    </Brick>
    <Brick refID="11" designID="3068">
      <Part refID="11" designID="3068" materials="194,0" decoration="0">
        <Bone refID="11" transformation="1,0,0,0,1,0,0,0,1,-0.40000039339065552,8.3199958801269531,0.40000009536743164">
        </Bone>
      </Part>
    </Brick>
    <Brick refID="12" designID="3022">
      <Part refID="12" designID="3022" materials="26">
        <Bone refID="12" transformation="1,0,0,0,1,0,0,0,1,-0.40000039339065552,7.9999957084655762,0.40000009536743164">
        </Bone>
      </Part>
    </Brick>
    <Brick refID="13" designID="3003">
      <Part refID="13" designID="3003" materials="26,0,0" decoration="0,0">
        <Bone refID="13" transformation="1,0,0,0,1,0,0,0,1,-0.40000039339065552,7.0399966239929199,0.40000009536743164">
        </Bone>
      </Part>
    </Brick>
    <Brick refID="14" designID="3003">
      <Part refID="14" designID="3003" materials="26,0,0" decoration="0,0">
        <Bone refID="14" transformation="1,0,0,0,1,0,0,0,1,-0.40000039339065552,6.0799965858459473,0.40000009536743164">
        </Bone>
      </Part>
    </Brick>
    <Brick refID="15" designID="60470">
      <Part refID="15" designID="60470" materials="26">
        <Bone refID="15" transformation="-1,0,0,0,1,0,0,0,-1,0.39999979734420776,5.7599964141845703,-0.40000009536743164">
        </Bone>
      </Part>
    </Brick>
    <Brick refID="16" designID="60470">
      <Part refID="16" designID="60470" materials="26">
        <Bone refID="16" transformation="1,0,0,0,1,0,0,0,1,-0.39999943971633911,5.7599964141845703,0.40000104904174805">
        </Bone>
      </Part>
    </Brick>
    <Brick refID="17" designID="2454">
      <Part refID="17" designID="2454" materials="26">
        <Bone refID="17" transformation="1,0,0,0,1,0,0,0,1,-0.39999943971633911,0.95999622344970703,-0.39999914169311523">
        </Bone>
      </Part>
    </Brick>
    <Brick refID="18" designID="2454">
      <Part refID="18" designID="2454" materials="26">
        <Bone refID="18" transformation="1,0,0,0,1,0,0,0,1,-0.39999943971633911,0.95999622344970703,0.40000104904174805">
        </Bone>
      </Part>
    </Brick>
    <Brick refID="19" designID="3003">
      <Part refID="19" designID="3003" materials="194,0,0" decoration="0,0">
        <Bone refID="19" transformation="1,0,0,0,1,0,0,0,1,-0.39999943971633911,0,0.40000104904174805">
        </Bone>
      </Part>
    </Brick>
    <Brick refID="20" designID="87079">
      <Part refID="20" designID="87079" materials="26">
        <Bone refID="20" transformation="1,0,0,0,0.95105648040771484,0.3090171217918396,0,-0.3090171217918396,0.95105648040771484,-1.2149999141693115,8.0167503356933594,3.5350251197814941">
        </Bone>
      </Part>
    </Brick>
    <Brick refID="21" designID="3010">
      <Part refID="21" designID="3010" materials="26">
        <Bone refID="21" transformation="1,0,0,0,0.95105659961700439,0.30901673436164856,0,-0.30901673436164856,0.95105659961700439,-1.2149999141693115,7.3509511947631836,2.4775228500366211">
        </Bone>
      </Part>
    </Brick>
    <Brick refID="22" designID="3010">
      <Part refID="22" designID="3010" materials="26">
        <Bone refID="22" transformation="1,0,0,0,0.95105648040771484,0.3090171217918396,0,-0.3090171217918396,0.95105648040771484,-1.2149999141693115,6.4379363059997559,2.1808671951293945">
        </Bone>
      </Part>
    </Brick>
    <Brick refID="23" designID="3710">
      <Part refID="23" designID="3710" materials="26">
        <Bone refID="23" transformation="1,0,0,0,0.95105648040771484,0.3090171217918396,0,-0.3090171217918396,0.95105648040771484,-1.2149999141693115,6.1335983276367187,2.0819816589355469">
        </Bone>
      </Part>
    </Brick>
    <Brick refID="24" designID="6556">
      <Part refID="24" designID="6556" materials="26">
        <Bone refID="24" transformation="1,0,0,0,0.95105648040771484,0.3090171217918396,0,-0.3090171217918396,0.95105648040771484,-1.2149999141693115,5.2777099609375,2.6450557708740234">
        </Bone>
      </Part>
    </Brick>
    <Brick refID="25" designID="3710">
      <Part refID="25" designID="3710" materials="26">
        <Bone refID="25" transformation="1,0,0,0,0.95105648040771484,0.3090171217918396,0,-0.3090171217918396,0.95105648040771484,-1.2149999141693115,5.8292603492736816,1.9830961227416992">
        </Bone>
      </Part>
    </Brick>
    <Brick refID="26" designID="3024">
      <Part refID="26" designID="3024" materials="26">
        <Bone refID="26" transformation="1,0,0,0,0.95105648040771484,0.3090171217918396,0,-0.3090171217918396,0.95105648040771484,1.1850006580352783,5.5249223709106445,1.8842105865478516">
        </Bone>
      </Part>
    </Brick>
    <Brick refID="27" designID="4034">
      <Part refID="27" designID="4034" materials="23">
        <Bone refID="27" transformation="1,0,0,0,0.95105648040771484,0.3090171217918396,0,-0.3090171217918396,0.95105648040771484,-1.2149999141693115,5.2777099609375,2.6450557708740234">
        </Bone>
      </Part>
    </Brick>
    <Brick refID="28" designID="48336">
      <Part refID="28" designID="48336" materials="26">
        <Bone refID="28" transformation="-1,0,0,0,0.95105689764022827,0.30901703238487244,0,0.30901703238487244,-0.95105648040771484,0.38500040769577026,5.5249223709106445,1.8842105865478516">
        </Bone>
      </Part>
    </Brick>
    <Brick refID="29" designID="3020">
      <Part refID="29" designID="3020" materials="26">
        <Bone refID="29" transformation="1,0,0,0,0.95105648040771484,0.3090171217918396,0,-0.3090171217918396,0.95105648040771484,-1.2149999141693115,4.9733700752258301,2.5461711883544922">
        </Bone>
      </Part>
    </Brick>
    <Brick refID="30" designID="3024">
      <Part refID="30" designID="3024" materials="26">
        <Bone refID="30" transformation="1,0,0,0,0.95105648040771484,0.3090171217918396,0,-0.3090171217918396,0.95105648040771484,-1.2149999141693115,5.5249223709106445,1.8842105865478516">
        </Bone>
      </Part>
    </Brick>
  </Bricks>
  <RigidSystems>
    <RigidSystem>
      <Rigid refID="0" transformation="-1,0,0,0,0.95105659961700439,-0.30901703238487244,0,-0.30901703238487244,-0.95105648040771484,1.9849996566772461,8.0167503356933594,-1.1350231170654297" boneRefs="0,1,2,3,4,5,6,7,8,9,10"/>
      <Rigid refID="1" transformation="1,0,0,0,1,0,0,0,1,0.39999961853027344,8.3199958801269531,2.8000001907348633" boneRefs="11,12,13,14,15,16,17,18,19"/>
      <Rigid refID="2" transformation="1,0,0,0,0.95105648040771484,0.3090171217918396,0,-0.3090171217918396,0.95105648040771484,-0.41499996185302734,8.0167503356933594,5.9350252151489258" boneRefs="20,21,22,23,24,25,26,27,28,29,30"/>
      <Joint type="hinge">
        <RigidRef rigidRef="1" a="-1.0000001192092896,0,0" z="0,-1.0000001192092896,0" t="0.6400001049041748,-2.3119995594024658,-1.6000001430511475"/>
        <RigidRef rigidRef="0" a="1.0000001192092896,0,0" z="0,-0.95105654001235962,0.30901706218719482" t="0.94500011205673218,-2.6319999694824219,-1.5999999046325684"/>
      </Joint>
      <Joint type="hinge">
        <RigidRef rigidRef="2" a="-1,0,0" z="0,0,-0.99999994039535522" t="0.62500035762786865,-2.6319992542266846,-1.6000001430511475"/>
        <RigidRef rigidRef="1" a="-1,0,0" z="0,0.30901700258255005,-0.95105642080307007" t="-0.18999922275543213,-2.3119978904724121,0.80000162124633789"/>
      </Joint>
    </RigidSystem>
  </RigidSystems>
  <GroupSystems>
    <GroupSystem>
    </GroupSystem>
  </GroupSystems>
</LXFML>
