<?xml version="1.0" encoding="UTF-8" standalone="no" ?>
<LXFML versionMajor="5" versionMinor="0">
  <Meta>
    <Application name="CCOP" versionMajor="0" versionMinor="0"/>
    <Brand name="LEGOUniverse"/>
    <BrickSet version="215"/>
  </Meta>
  <Bricks>
    <Brick refID="0" designID="4032">
      <Part refID="0" designID="4032" materials="21">
        <Bone refID="0" transformation="1,0,0,0,1,0,0,0,1,-0.40000000596046448,0.98024231195449829,-0.25999990105628967">
        </Bone>
      </Part>
    </Brick>
    <Brick refID="1" designID="3062">
      <Part refID="1" designID="3062" materials="26">
        <Bone refID="1" transformation="1,0,0,0,1,0,0,0,1,0,0.020242342725396156,-0.6600000262260437">
        </Bone>
      </Part>
    </Brick>
    <Brick refID="2" designID="48729">
      <Part refID="2" designID="48729" materials="194">
        <Bone refID="2" transformation="-0.92387950420379639,0.38268348574638367,0,-0.38268348574638367,-0.92387950420379639,0,0,0,1,-1.5407798290252686,1.9288977384567261,-1.4600001573562622">
        </Bone>
      </Part>
    </Brick>
    <Brick refID="3" designID="4150">
      <Part refID="3" designID="4150" materials="1,0" decoration="0">
        <Bone refID="3" transformation="0.92387950420379639,-0.38268348574638367,0,0.38268348574638367,0.92387950420379639,0,0,0,1,-1.8797169923782349,2.1558816432952881,-1.0600000619888306">
        </Bone>
      </Part>
    </Brick>
    <Brick refID="4" designID="4032">
      <Part refID="4" designID="4032" materials="26">
        <Bone refID="4" transformation="0.92387950420379639,-0.38268348574638367,0,0.38268348574638367,0.92387950420379639,0,0,0,1,-2.0021758079528809,1.86024010181427,-1.0600000619888306">
        </Bone>
      </Part>
    </Brick>
    <Brick refID="5" designID="4032">
      <Part refID="5" designID="4032" materials="26">
        <Bone refID="5" transformation="0.92387950420379639,-0.38268348574638367,0,0.38268348574638367,0.92387950420379639,0,0,0,1,-2.1246345043182373,1.564598560333252,-1.0600000619888306">
        </Bone>
      </Part>
    </Brick>
    <Brick refID="6" designID="4599">
      <Part refID="6" designID="4599" materials="194">
        <Bone refID="6" transformation="1,0,0,0,1,0,0,0,1,-2.001530647277832,0.016556844115257263,-1.8650003671646118">
        </Bone>
      </Part>
    </Brick>
    <Brick refID="7" designID="4740">
      <Part refID="7" designID="4740" materials="194">
        <Bone refID="7" transformation="1,0,0,0,1,0,0,0,1,-2.7999999523162842,3.2202425003051758,-0.6600000262260437">
        </Bone>
      </Part>
    </Brick>
    <Brick refID="8" designID="3957">
      <Part refID="8" designID="3957" materials="194">
        <Bone refID="8" transformation="1,0,0,0,1,0,0,0,1,-2.7999999523162842,0.020242342725396156,-0.6600000262260437">
        </Bone>
      </Part>
    </Brick>
    <Brick refID="9" designID="4740">
      <Part refID="9" designID="4740" materials="194">
        <Bone refID="9" transformation="1,0,0,0,-1,0,0,0,-1,-2.7999999523162842,3.0902423858642578,-0.6600000262260437">
        </Bone>
      </Part>
    </Brick>
    <Brick refID="10" designID="4735">
      <Part refID="10" designID="4735" materials="194">
        <Bone refID="10" transformation="-0.70710676908493042,0,-0.70710676908493042,0,1,0,0.70710676908493042,0,-0.70710676908493042,-1.6686291694641113,3.1802425384521484,2.871370792388916">
        </Bone>
      </Part>
    </Brick>
    <Brick refID="11" designID="4740">
      <Part refID="11" designID="4740" materials="194">
        <Bone refID="11" transformation="-0.70710676908493042,0,-0.70710676908493042,0,1,0,0.70710676908493042,0,-0.70710676908493042,-1.6686291694641113,3.8202424049377441,2.871370792388916">
        </Bone>
      </Part>
    </Brick>
    <Brick refID="12" designID="4735">
      <Part refID="12" designID="4735" materials="194">
        <Bone refID="12" transformation="0.38268342614173889,0,0.92387950420379639,0,1,0,-0.92387950420379639,0,0.38268342614173889,-3.4122934341430664,3.5002424716949463,0.26179274916648865">
        </Bone>
      </Part>
    </Brick>
    <Brick refID="13" designID="4740">
      <Part refID="13" designID="4740" materials="194">
        <Bone refID="13" transformation="0.38268345594406128,0,0.92387962341308594,0,1,0,-0.92387962341308594,0,0.38268345594406128,-3.4122934341430664,4.1402420997619629,0.26179260015487671">
        </Bone>
      </Part>
    </Brick>
    <Brick refID="14" designID="4735">
      <Part refID="14" designID="4735" materials="194">
        <Bone refID="14" transformation="-0.70710676908493042,0,0.70710676908493042,0,1,0,-0.70710676908493042,0,-0.70710676908493042,-1.6686291694641113,0.98024231195449829,0.60862904787063599">
        </Bone>
      </Part>
    </Brick>
    <Brick refID="15" designID="4032">
      <Part refID="15" designID="4032" materials="26">
        <Bone refID="15" transformation="-0.70710676908493042,0,0.70710676908493042,0,1,0,-0.70710676908493042,0,-0.70710676908493042,-1.6686291694641113,1.6202423572540283,0.042943801730871201">
        </Bone>
      </Part>
    </Brick>
    <Brick refID="16" designID="4032">
      <Part refID="16" designID="4032" materials="26">
        <Bone refID="16" transformation="-0.70710676908493042,0,0.70710676908493042,0,1,0,-0.70710676908493042,0,-0.70710676908493042,-1.6686291694641113,1.9402422904968262,0.042943846434354782">
        </Bone>
      </Part>
    </Brick>
    <Brick refID="17" designID="4150">
      <Part refID="17" designID="4150" materials="1,0" decoration="0">
        <Bone refID="17" transformation="-0.70710676908493042,0,0.70710676908493042,0,1,0,-0.70710676908493042,0,-0.70710676908493042,-1.6686291694641113,2.2602424621582031,0.042943846434354782">
        </Bone>
      </Part>
    </Brick>
    <Brick refID="18" designID="4740">
      <Part refID="18" designID="4740" materials="194">
        <Bone refID="18" transformation="0.92387950420379639,0,0.38268348574638367,0,1,0,-0.38268348574638367,0,0.92387950420379639,-2.7999999523162842,4.6402420997619629,1.7400000095367432">
        </Bone>
      </Part>
    </Brick>
    <Brick refID="19" designID="63965">
      <Part refID="19" designID="63965" materials="194">
        <Bone refID="19" transformation="0.92387962341308594,0,0.38268357515335083,0,-1,0,0.38268357515335083,0,-0.92387950420379639,-2.7999999523162842,5.1402420997619629,1.7400000095367432">
        </Bone>
      </Part>
    </Brick>
    <Brick refID="20" designID="4589">
      <Part refID="20" designID="4589" materials="194">
        <Bone refID="20" transformation="1,0,0,0,1,0,0,0,1,-2.7999999523162842,0.00024200230836868286,1.7399996519088745">
        </Bone>
      </Part>
    </Brick>
    <Brick refID="21" designID="48729">
      <Part refID="21" designID="48729" materials="194">
        <Bone refID="21" transformation="-0.92387950420379639,-0.38268348574638367,0,0.38268348574638367,-0.92387950420379639,0,0,0,1,1.5407798290252686,1.9288977384567261,-1.4600001573562622">
        </Bone>
      </Part>
    </Brick>
    <Brick refID="22" designID="4150">
      <Part refID="22" designID="4150" materials="1,0" decoration="0">
        <Bone refID="22" transformation="0.92387950420379639,0.38268348574638367,0,-0.38268348574638367,0.92387950420379639,0,0,0,1,1.1406134366989136,1.8497347831726074,-1.0600000619888306">
        </Bone>
      </Part>
    </Brick>
    <Brick refID="23" designID="4032">
      <Part refID="23" designID="4032" materials="26">
        <Bone refID="23" transformation="0.92387950420379639,0.38268348574638367,0,-0.38268348574638367,0.92387950420379639,0,0,0,1,1.26307213306427,1.5540933609008789,-1.0600000619888306">
        </Bone>
      </Part>
    </Brick>
    <Brick refID="24" designID="4032">
      <Part refID="24" designID="4032" materials="26">
        <Bone refID="24" transformation="0.92387950420379639,0.38268348574638367,0,-0.38268348574638367,0.92387950420379639,0,0,0,1,1.3855308294296265,1.2584518194198608,-1.0600000619888306">
        </Bone>
      </Part>
    </Brick>
    <Brick refID="25" designID="4599">
      <Part refID="25" designID="4599" materials="194">
        <Bone refID="25" transformation="1,0,0,0,1,0,0,0,1,2.001530647277832,0.016556825488805771,-1.9450002908706665">
        </Bone>
      </Part>
    </Brick>
    <Brick refID="26" designID="4735">
      <Part refID="26" designID="4735" materials="194">
        <Bone refID="26" transformation="-0.38268363475799561,0,0.92387944459915161,0,1,0,-0.92387944459915161,0,-0.38268363475799561,3.4122934341430664,3.1802425384521484,0.26179274916648865">
        </Bone>
      </Part>
    </Brick>
    <Brick refID="27" designID="4740">
      <Part refID="27" designID="4740" materials="194">
        <Bone refID="27" transformation="-0.38268363475799561,0,0.92387944459915161,0,1,0,-0.92387944459915161,0,-0.38268363475799561,3.4122934341430664,3.8202424049377441,0.26179271936416626">
        </Bone>
      </Part>
    </Brick>
    <Brick refID="28" designID="4735">
      <Part refID="28" designID="4735" materials="194">
        <Bone refID="28" transformation="0.70710676908493042,0,-0.70710676908493042,0,1,0,0.70710676908493042,0,0.70710676908493042,1.6686291694641113,3.5002424716949463,2.871370792388916">
        </Bone>
      </Part>
    </Brick>
    <Brick refID="29" designID="4740">
      <Part refID="29" designID="4740" materials="194">
        <Bone refID="29" transformation="0.70710676908493042,0,-0.70710676908493042,0,1,0,0.70710676908493042,0,0.70710676908493042,1.6686291694641113,4.1402420997619629,2.871370792388916">
        </Bone>
      </Part>
    </Brick>
    <Brick refID="30" designID="4735">
      <Part refID="30" designID="4735" materials="194">
        <Bone refID="30" transformation="0.70710676908493042,0,0.70710676908493042,0,1,0,-0.70710676908493042,0,0.70710676908493042,1.6686291694641113,0.98024231195449829,0.60862904787063599">
        </Bone>
      </Part>
    </Brick>
    <Brick refID="31" designID="4032">
      <Part refID="31" designID="4032" materials="26">
        <Bone refID="31" transformation="0.70710676908493042,0,0.70710676908493042,0,1,0,-0.70710676908493042,0,0.70710676908493042,1.1029437780380249,1.6202423572540283,0.60862904787063599">
        </Bone>
      </Part>
    </Brick>
    <Brick refID="32" designID="4032">
      <Part refID="32" designID="4032" materials="26">
        <Bone refID="32" transformation="0.70710676908493042,0,0.70710676908493042,0,1,0,-0.70710676908493042,0,0.70710676908493042,1.1029437780380249,1.9402422904968262,0.60862904787063599">
        </Bone>
      </Part>
    </Brick>
    <Brick refID="33" designID="4150">
      <Part refID="33" designID="4150" materials="1,0" decoration="0">
        <Bone refID="33" transformation="0.70710676908493042,0,0.70710676908493042,0,1,0,-0.70710676908493042,0,0.70710676908493042,1.1029437780380249,2.2602424621582031,0.60862904787063599">
        </Bone>
      </Part>
    </Brick>
    <Brick refID="34" designID="4740">
      <Part refID="34" designID="4740" materials="194">
        <Bone refID="34" transformation="0,0,-1,0,0.99999994039535522,0,1,0,0,2.7999999523162842,4.6402420997619629,1.7400000095367432">
        </Bone>
      </Part>
    </Brick>
    <Brick refID="35" designID="63965">
      <Part refID="35" designID="63965" materials="194">
        <Bone refID="35" transformation="0,0,-1.0000001192092896,0,-1,0,-1.0000001192092896,0,0,2.7999999523162842,5.1402420997619629,1.7400000095367432">
        </Bone>
      </Part>
    </Brick>
    <Brick refID="36" designID="4589">
      <Part refID="36" designID="4589" materials="194">
        <Bone refID="36" transformation="1,0,0,0,1,0,0,0,1,2.7999999523162842,0.00024200044572353363,1.7399997711181641">
        </Bone>
      </Part>
    </Brick>
    <Brick refID="37" designID="4740">
      <Part refID="37" designID="4740" materials="194">
        <Bone refID="37" transformation="1,0,0,0,1,0,0,0,1,2.7999999523162842,3.2202425003051758,-0.6600000262260437">
        </Bone>
      </Part>
    </Brick>
    <Brick refID="38" designID="3957">
      <Part refID="38" designID="3957" materials="194">
        <Bone refID="38" transformation="1,0,0,0,1,0,0,0,1,2.7999999523162842,0.020242342725396156,-0.6600000262260437">
        </Bone>
      </Part>
    </Brick>
    <Brick refID="39" designID="4740">
      <Part refID="39" designID="4740" materials="194">
        <Bone refID="39" transformation="1,0,0,0,-1,0,0,0,-1,2.7999999523162842,3.0902423858642578,-0.6600000262260437">
        </Bone>
      </Part>
    </Brick>
    <Brick refID="40" designID="3960">
      <Part refID="40" designID="3960" materials="1">
        <Bone refID="40" transformation="0,-1.0000001192092896,0,0,0,-1.0000001192092896,1.0000001192092896,0,0,0,1.9402422904968262,1.7400000095367432">
        </Bone>
      </Part>
    </Brick>
    <Brick refID="41" designID="4032">
      <Part refID="41" designID="4032" materials="26">
        <Bone refID="41" transformation="0,-1.0000001192092896,0,0,0,-1.0000001192092896,1.0000001192092896,0,0,0.40000000596046448,2.3402423858642578,2.059999942779541">
        </Bone>
      </Part>
    </Brick>
    <Brick refID="42" designID="4519">
      <Part refID="42" designID="4519" materials="26">
        <Bone refID="42" transformation="0,-1,0,1,0,0,0,0,0.99999994039535522,0,1.9402422904968262,3.8700001239776611">
        </Bone>
      </Part>
    </Brick>
    <Brick refID="43" designID="3960">
      <Part refID="43" designID="3960" materials="1">
        <Bone refID="43" transformation="0,-1.0000001192092896,0,0,0,1.0000001192092896,-1.0000001192092896,0,0,0,1.9402422904968262,3.3399999141693115">
        </Bone>
      </Part>
    </Brick>
    <Brick refID="44" designID="41531">
      <Part refID="44" designID="41531" materials="26">
        <Bone refID="44" transformation="0,-1,0,1,0,0,0,0,0.99999994039535522,0,1.9402422904968262,2.940000057220459">
        </Bone>
      </Part>
    </Brick>
    <Brick refID="45" designID="2460">
      <Part refID="45" designID="2460" materials="26">
        <Bone refID="45" transformation="1,0,0,0,1,0,0,0,1,-0.40000000596046448,0.020242342725396156,2.940000057220459">
        </Bone>
      </Part>
    </Brick>
    <Brick refID="46" designID="30374">
      <Part refID="46" designID="30374" materials="5">
        <Bone refID="46" transformation="1,0,0,0,0.29237177968025208,0.95630472898483276,0,-0.95630472898483276,0.29237177968025208,-1.2000000476837158,0.38579246401786804,-3.0548121929168701">
        </Bone>
      </Part>
    </Brick>
    <Brick refID="47" designID="30374">
      <Part refID="47" designID="30374" materials="5">
        <Bone refID="47" transformation="0.70710676908493042,0,-0.70710676908493042,0.65089523792266846,0.39073118567466736,0.65089517831802368,0.27628868818283081,-0.92050480842590332,0.27628865838050842,-1.1959496736526489,0.37005496025085449,-2.6759498119354248">
        </Bone>
      </Part>
    </Brick>
    <Brick refID="48" designID="30374">
      <Part refID="48" designID="30374" materials="5">
        <Bone refID="48" transformation="-1,0,0,0,0.342020183801651,-0.93969267606735229,0,-0.93969267606735229,-0.34202012419700623,-0.89999997615814209,0.42477819323539734,-3.2403509616851807">
        </Bone>
      </Part>
    </Brick>
    <Brick refID="49" designID="2439">
      <Part refID="49" designID="2439" materials="194">
        <Bone refID="49" transformation="1,0,0,0,1,0,0,0,1,-1.6000000238418579,0.020242342725396156,-2.6600000858306885">
        </Bone>
      </Part>
    </Brick>
  </Bricks>
  <RigidSystems>
    <RigidSystem>
      <Rigid refID="0" transformation="1,0,0,0,1,0,0,0,1,-0.40000000596046448,0.95999997854232788,-0.25999990105628967" boneRefs="0,1"/>
    </RigidSystem>
    <RigidSystem>
      <Rigid refID="1" transformation="-0.92387950420379639,0.38268348574638367,0,-0.38268348574638367,-0.92387950420379639,0,0,0,1,-1.5407798290252686,1.9086554050445557,-1.4600001573562622" boneRefs="2"/>
      <Rigid refID="2" transformation="0.92387950420379639,-0.38268348574638367,0,0.38268348574638367,0.92387950420379639,0,0,0,1,-1.8797169923782349,2.1356391906738281,-1.0600000619888306" boneRefs="3,4,5"/>
      <Rigid refID="3" transformation="1,0,0,0,1,0,0,0,1,-2.001530647277832,-0.0036854979116469622,-1.8650003671646118" boneRefs="6"/>
      <Joint type="hinge">
        <RigidRef rigidRef="2" a="0,1,0" z="1.0000001192092896,0,0" t="0.40000006556510925,-0.32000011205673218,-0.40000000596046448"/>
        <RigidRef rigidRef="1" a="0,-1,0" z="-1.0000001192092896,0,0" t="0,0.24000011384487152,0"/>
      </Joint>
      <Joint type="hinge">
        <RigidRef rigidRef="3" a="0,0,1.0000001192092896" z="-1.0000001192092896,0,0" t="0,0.79998999834060669,0.80000007152557373"/>
        <RigidRef rigidRef="1" a="0,0,1.0000001192092896" z="0.92387962341308594,0.38268348574638367,0" t="0,1.2039998769760132,0.39499986171722412"/>
      </Joint>
    </RigidSystem>
    <RigidSystem>
      <Rigid refID="4" transformation="1,0,0,0,1,0,0,0,1,-2.7999999523162842,3.2000000476837158,-0.6600000262260437" boneRefs="7"/>
      <Rigid refID="5" transformation="1,0,0,0,1,0,0,0,1,-2.7999999523162842,0,-0.6600000262260437" boneRefs="8"/>
      <Rigid refID="6" transformation="1,0,0,0,-1,0,0,0,-1,-2.7999999523162842,3.0699999332427979,-0.6600000262260437" boneRefs="9"/>
      <Joint type="hinge">
        <RigidRef rigidRef="5" a="0,0.99999994039535522,0" z="1,0,0" t="0,3.679999828338623,0"/>
        <RigidRef rigidRef="4" a="0,0.99999994039535522,0" z="1,0,0" t="0,0.47999978065490723,0"/>
      </Joint>
      <Joint type="hinge">
        <RigidRef rigidRef="6" a="0,1,0" z="1.0000001192092896,0,0" t="0,0.49799999594688416,0"/>
        <RigidRef rigidRef="5" a="0,-1,0" z="1.0000001192092896,0,0" t="0,2.5720000267028809,0"/>
      </Joint>
    </RigidSystem>
    <RigidSystem>
      <Rigid refID="7" transformation="-0.70710676908493042,0,-0.70710676908493042,0,1,0,0.70710676908493042,0,-0.70710676908493042,-1.6686291694641113,3.1600000858306885,2.871370792388916" boneRefs="10,11"/>
    </RigidSystem>
    <RigidSystem>
      <Rigid refID="8" transformation="0.38268342614173889,0,0.92387950420379639,0,1,0,-0.92387950420379639,0,0.38268342614173889,-3.4122934341430664,3.4800000190734863,0.26179274916648865" boneRefs="12,13"/>
    </RigidSystem>
    <RigidSystem>
      <Rigid refID="9" transformation="-0.70710676908493042,0,0.70710676908493042,0,1,0,-0.70710676908493042,0,-0.70710676908493042,-1.6686291694641113,0.95999997854232788,0.60862904787063599" boneRefs="14"/>
      <Rigid refID="10" transformation="-0.70710676908493042,0,0.70710676908493042,0,1,0,-0.70710676908493042,0,-0.70710676908493042,-1.6686291694641113,1.6000000238418579,0.042943801730871201" boneRefs="15,16,17"/>
      <Joint type="hinge">
        <RigidRef rigidRef="10" a="0,1,0" z="0,0,1" t="0.40000000596046448,0,-0.40000003576278687"/>
        <RigidRef rigidRef="9" a="0,1,0" z="0,0,1" t="0,0.64200001955032349,0"/>
      </Joint>
    </RigidSystem>
    <RigidSystem>
      <Rigid refID="11" transformation="0.92387950420379639,0,0.38268348574638367,0,1,0,-0.38268348574638367,0,0.92387950420379639,-2.7999999523162842,4.619999885559082,1.7400000095367432" boneRefs="18"/>
      <Rigid refID="12" transformation="0.92387962341308594,0,0.38268357515335083,0,-1,0,0.38268357515335083,0,-0.92387950420379639,-2.7999999523162842,5.119999885559082,1.7400000095367432" boneRefs="19"/>
      <Rigid refID="13" transformation="1,0,0,0,1,0,0,0,1,-2.7999999523162842,-0.020000340417027473,1.7399996519088745" boneRefs="20"/>
      <Joint type="hinge">
        <RigidRef rigidRef="12" a="0,-0.99999994039535522,0" z="1,0,0" t="0,0,0"/>
        <RigidRef rigidRef="11" a="0,0.99999994039535522,0" z="1.0000001192092896,0,0" t="0,0.5,0"/>
      </Joint>
      <Joint type="hinge">
        <RigidRef rigidRef="13" a="0,-0.99999994039535522,0" z="1,0,0" t="0,0.5,0"/>
        <RigidRef rigidRef="12" a="0,0.99999994039535522,0" z="0.92387938499450684,0,0.38268354535102844" t="0,4.6399998664855957,0"/>
      </Joint>
    </RigidSystem>
    <RigidSystem>
      <Rigid refID="14" transformation="-0.92387950420379639,-0.38268348574638367,0,0.38268348574638367,-0.92387950420379639,0,0,0,1,1.5407798290252686,1.9086554050445557,-1.4600001573562622" boneRefs="21"/>
      <Rigid refID="15" transformation="0.92387950420379639,0.38268348574638367,0,-0.38268348574638367,0.92387950420379639,0,0,0,1,1.1406134366989136,1.829492449760437,-1.0600000619888306" boneRefs="22,23,24"/>
      <Rigid refID="16" transformation="1,0,0,0,1,0,0,0,1,2.001530647277832,-0.0036855165380984545,-1.9450002908706665" boneRefs="25"/>
      <Joint type="hinge">
        <RigidRef rigidRef="15" a="0,1,0" z="1.0000001192092896,0,0" t="0.39999997615814209,-0.3200000524520874,-0.40000000596046448"/>
        <RigidRef rigidRef="14" a="0,-0.99999994039535522,0" z="-1.0000001192092896,0,0" t="0,0.23999996483325958,0"/>
      </Joint>
      <Joint type="hinge">
        <RigidRef rigidRef="16" a="0,0,1.0000001192092896" z="-1.0000001192092896,0,0" t="0,0.79998999834060669,0.80000007152557373"/>
        <RigidRef rigidRef="14" a="0,0,1.0000001192092896" z="0.92387962341308594,-0.38268357515335083,0" t="0,1.2039998769760132,0.31499993801116943"/>
      </Joint>
    </RigidSystem>
    <RigidSystem>
      <Rigid refID="17" transformation="-0.38268363475799561,0,0.92387944459915161,0,1,0,-0.92387944459915161,0,-0.38268363475799561,3.4122934341430664,3.1600000858306885,0.26179274916648865" boneRefs="26,27"/>
    </RigidSystem>
    <RigidSystem>
      <Rigid refID="18" transformation="0.70710676908493042,0,-0.70710676908493042,0,1,0,0.70710676908493042,0,0.70710676908493042,1.6686291694641113,3.4800000190734863,2.871370792388916" boneRefs="28,29"/>
    </RigidSystem>
    <RigidSystem>
      <Rigid refID="19" transformation="0.70710676908493042,0,0.70710676908493042,0,1,0,-0.70710676908493042,0,0.70710676908493042,1.6686291694641113,0.95999997854232788,0.60862904787063599" boneRefs="30"/>
      <Rigid refID="20" transformation="0.70710676908493042,0,0.70710676908493042,0,1,0,-0.70710676908493042,0,0.70710676908493042,1.1029437780380249,1.6000000238418579,0.60862904787063599" boneRefs="31,32,33"/>
      <Joint type="hinge">
        <RigidRef rigidRef="20" a="0,1,0" z="0,0,1" t="0.40000000596046448,0,-0.40000003576278687"/>
        <RigidRef rigidRef="19" a="0,1,0" z="0,0,1" t="0,0.64200001955032349,0"/>
      </Joint>
    </RigidSystem>
    <RigidSystem>
      <Rigid refID="21" transformation="0,0,-1,0,0.99999994039535522,0,1,0,0,2.7999999523162842,4.619999885559082,1.7400000095367432" boneRefs="34"/>
      <Rigid refID="22" transformation="0,0,-1.0000001192092896,0,-1,0,-1.0000001192092896,0,0,2.7999999523162842,5.119999885559082,1.7400000095367432" boneRefs="35"/>
      <Rigid refID="23" transformation="1,0,0,0,1,0,0,0,1,2.7999999523162842,-0.020000342279672623,1.7399997711181641" boneRefs="36"/>
      <Joint type="hinge">
        <RigidRef rigidRef="22" a="0,-0.99999994039535522,0" z="1,0,0" t="0,0,0"/>
        <RigidRef rigidRef="21" a="0,1,0" z="1.0000001192092896,0,0" t="0,0.50000011920928955,0"/>
      </Joint>
      <Joint type="hinge">
        <RigidRef rigidRef="23" a="0,-0.99999994039535522,0" z="1,0,0" t="0,0.5,0"/>
        <RigidRef rigidRef="22" a="0,0.99999994039535522,0" z="0,0,-0.99999988079071045" t="0,4.6399998664855957,0"/>
      </Joint>
    </RigidSystem>
    <RigidSystem>
      <Rigid refID="24" transformation="1,0,0,0,1,0,0,0,1,2.7999999523162842,3.2000000476837158,-0.6600000262260437" boneRefs="37"/>
      <Rigid refID="25" transformation="1,0,0,0,1,0,0,0,1,2.7999999523162842,0,-0.6600000262260437" boneRefs="38"/>
      <Rigid refID="26" transformation="1,0,0,0,-1,0,0,0,-1,2.7999999523162842,3.0699999332427979,-0.6600000262260437" boneRefs="39"/>
      <Joint type="hinge">
        <RigidRef rigidRef="25" a="0,0.99999994039535522,0" z="1,0,0" t="0,3.679999828338623,0"/>
        <RigidRef rigidRef="24" a="0,0.99999994039535522,0" z="1,0,0" t="0,0.47999978065490723,0"/>
      </Joint>
      <Joint type="hinge">
        <RigidRef rigidRef="26" a="0,1,0" z="1.0000001192092896,0,0" t="0,0.49799999594688416,0"/>
        <RigidRef rigidRef="25" a="0,-1,0" z="1.0000001192092896,0,0" t="0,2.5720000267028809,0"/>
      </Joint>
    </RigidSystem>
    <RigidSystem>
      <Rigid refID="27" transformation="0,-1.0000001192092896,0,0,0,-1.0000001192092896,1.0000001192092896,0,0,0,1.9199999570846558,1.7400000095367432" boneRefs="40,41,42,43"/>
      <Rigid refID="28" transformation="0,-1,0,1,0,0,0,0,0.99999994039535522,0,1.9199999570846558,2.940000057220459" boneRefs="44"/>
      <Rigid refID="29" transformation="1,0,0,0,1,0,0,0,1,-0.40000000596046448,0,2.940000057220459" boneRefs="45"/>
      <Joint type="hinge">
        <RigidRef rigidRef="28" a="0,0,1" z="0,1,0" t="0,0,0"/>
        <RigidRef rigidRef="27" a="0,-0.99999982118606567,0" z="0,0,0.99999988079071045" t="0,-1.1999998092651367,0"/>
      </Joint>
      <Joint type="hinge">
        <RigidRef rigidRef="29" a="0,-1,0" z="0,0,1" t="0.40000000596046448,0.31999999284744263,-0.40000000596046448"/>
        <RigidRef rigidRef="28" a="1,0,0" z="0,0,1.0000001192092896" t="1.5999999046325684,0,-0.40000003576278687"/>
      </Joint>
    </RigidSystem>
    <RigidSystem>
      <Rigid refID="30" transformation="1,0,0,0,0.29237177968025208,0.95630472898483276,0,-0.95630472898483276,0.29237177968025208,-1.2000000476837158,0.36555013060569763,-3.0548121929168701" boneRefs="46"/>
    </RigidSystem>
    <RigidSystem>
      <Rigid refID="31" transformation="0.70710676908493042,0,-0.70710676908493042,0.65089523792266846,0.39073118567466736,0.65089517831802368,0.27628868818283081,-0.92050480842590332,0.27628865838050842,-1.1959496736526489,0.34981262683868408,-2.6759498119354248" boneRefs="47"/>
    </RigidSystem>
    <RigidSystem>
      <Rigid refID="32" transformation="-1,0,0,0,0.342020183801651,-0.93969267606735229,0,-0.93969267606735229,-0.34202012419700623,-0.89999997615814209,0.40453585982322693,-3.2403509616851807" boneRefs="48"/>
    </RigidSystem>
    <RigidSystem>
      <Rigid refID="33" transformation="1,0,0,0,1,0,0,0,1,-1.6000000238418579,0,-2.6600000858306885" boneRefs="49"/>
    </RigidSystem>
  </RigidSystems>
  <GroupSystems>
    <GroupSystem>
    </GroupSystem>
  </GroupSystems>
</LXFML>
