<?xml version="1.0" encoding="UTF-8" standalone="no" ?>
<LXFML versionMajor="5" versionMinor="0">
  <Meta>
    <Application name="LEGO Universe" versionMajor="0" versionMinor="0"/>
    <Brand name="LEGOUniverse"/>
    <BrickSet version="330"/>
  </Meta>
  <Bricks>
    <Brick refID="0" designID="50746">
      <Part refID="0" designID="50746" materials="199">
        <Bone refID="0" transformation="-1,0,0,0,1,0,0,0,-1,-8.3999910354614258,6.0800166130065918,6.8000020980834961">
        </Bone>
      </Part>
    </Brick>
    <Brick refID="1" designID="61252">
      <Part refID="1" designID="61252" materials="199">
        <Bone refID="1" transformation="1,0,0,0,1,0,0,0,1,-8.3999853134155273,5.7600164413452148,6.8000025749206543">
        </Bone>
      </Part>
    </Brick>
    <Brick refID="2" designID="3024">
      <Part refID="2" designID="3024" materials="199">
        <Bone refID="2" transformation="-1,0,0,0,1,0,0,0,-1,-8.3999853134155273,5.4400162696838379,6.799994945526123">
        </Bone>
      </Part>
    </Brick>
    <Brick refID="3" designID="3024">
      <Part refID="3" designID="3024" materials="199">
        <Bone refID="3" transformation="-1,0,0,0,1,0,0,0,-1,-8.3999776840209961,5.1200122833251953,6.799994945526123">
        </Bone>
      </Part>
    </Brick>
    <Brick refID="4" designID="3005">
      <Part refID="4" designID="3005" materials="199,0" decoration="0">
        <Bone refID="4" transformation="-1,0,0,0,1,0,0,0,-1,-8.3999776840209961,4.1600122451782227,6.799994945526123">
        </Bone>
      </Part>
    </Brick>
    <Brick refID="5" designID="3005">
      <Part refID="5" designID="3005" materials="199,0" decoration="0">
        <Bone refID="5" transformation="-1,0,0,0,1,0,0,0,-1,-8.3999776840209961,3.2000126838684082,6.799994945526123">
        </Bone>
      </Part>
    </Brick>
    <Brick refID="6" designID="3005">
      <Part refID="6" designID="3005" materials="199,0" decoration="0">
        <Bone refID="6" transformation="-1,0,0,0,1,0,0,0,-1,-8.3999776840209961,2.2400124073028564,6.8000025749206543">
        </Bone>
      </Part>
    </Brick>
    <Brick refID="7" designID="61252">
      <Part refID="7" designID="61252" materials="199">
        <Bone refID="7" transformation="1,0,0,0,1,0,0,0,1,-8.3999738693237305,0.96001255512237549,6.8000025749206543">
        </Bone>
      </Part>
    </Brick>
    <Brick refID="8" designID="4286">
      <Part refID="8" designID="4286" materials="199">
        <Bone refID="8" transformation="0,0,-1,0,0.99999994039535522,0,1,0,0,-8.3999261856079102,1.2800127267837524,6.79998779296875">
        </Bone>
      </Part>
    </Brick>
    <Brick refID="9" designID="3460">
      <Part refID="9" designID="3460" materials="199">
        <Bone refID="9" transformation="-1,0,0,0,1,0,0,0,-1,-1.9999763965606689,0.96001303195953369,6.8000025749206543">
        </Bone>
      </Part>
    </Brick>
    <Brick refID="10" designID="63864">
      <Part refID="10" designID="63864" materials="199">
        <Bone refID="10" transformation="1,0,0,0,1,0,0,0,1,-5.9999880790710449,1.2800127267837524,6.8000025749206543">
        </Bone>
      </Part>
    </Brick>
    <Brick refID="11" designID="6111">
      <Part refID="11" designID="6111" materials="199">
        <Bone refID="11" transformation="1,0,0,0,1,0,0,0,1,-9.1999845504760742,1.2989044080313761E-005,6.8000025749206543">
        </Bone>
      </Part>
    </Brick>
    <Brick refID="12" designID="50746">
      <Part refID="12" designID="50746" materials="199">
        <Bone refID="12" transformation="0,0,1,0,0.99999994039535522,0,-1,0,0,-9.1999654769897461,1.6000124216079712,6.8000025749206543">
        </Bone>
      </Part>
    </Brick>
    <Brick refID="13" designID="3024">
      <Part refID="13" designID="3024" materials="199">
        <Bone refID="13" transformation="-1,0,0,0,1,0,0,0,-1,-9.1999301910400391,1.2800127267837524,6.7999796867370605">
        </Bone>
      </Part>
    </Brick>
    <Brick refID="14" designID="3024">
      <Part refID="14" designID="3024" materials="199">
        <Bone refID="14" transformation="0,0,1,0,0.99999994039535522,0,-1,0,0,-9.1999301910400391,0.96001255512237549,6.7999796867370605">
        </Bone>
      </Part>
    </Brick>
    <Brick refID="15" designID="3069">
      <Part refID="15" designID="3069" materials="199,0" decoration="0">
        <Bone refID="15" transformation="1,0,0,0,1,0,0,0,1,-3.6002113819122314,1.2800127267837524,6.8000025749206543">
        </Bone>
      </Part>
    </Brick>
    <Brick refID="16" designID="6046">
      <Part refID="16" designID="6046" materials="194">
        <Bone refID="16" transformation="-1,0,0,0,1,0,0,0,-1,0.23999530076980591,1.2080122232437134,7.6000051498413086">
        </Bone>
      </Part>
    </Brick>
    <Brick refID="17" designID="50746">
      <Part refID="17" designID="50746" materials="199">
        <Bone refID="17" transformation="-1,0,0,0,1,0,0,0,-1,-0.40000849962234497,6.0800156593322754,6.8000025749206543">
        </Bone>
      </Part>
    </Brick>
    <Brick refID="18" designID="61252">
      <Part refID="18" designID="61252" materials="199">
        <Bone refID="18" transformation="1,0,0,0,1,0,0,0,1,-0.4000011682510376,5.7600159645080566,6.8000030517578125">
        </Bone>
      </Part>
    </Brick>
    <Brick refID="19" designID="3024">
      <Part refID="19" designID="3024" materials="199">
        <Bone refID="19" transformation="-1,0,0,0,1,0,0,0,-1,-0.4000011682510376,5.4400153160095215,6.8000030517578125">
        </Bone>
      </Part>
    </Brick>
    <Brick refID="20" designID="3024">
      <Part refID="20" designID="3024" materials="199">
        <Bone refID="20" transformation="-1,0,0,0,1,0,0,0,-1,-0.39999353885650635,5.1200118064880371,6.7999954223632812">
        </Bone>
      </Part>
    </Brick>
    <Brick refID="21" designID="3005">
      <Part refID="21" designID="3005" materials="199,0" decoration="0">
        <Bone refID="21" transformation="-1,0,0,0,1,0,0,0,-1,-0.39999353885650635,4.1600117683410645,6.8000030517578125">
        </Bone>
      </Part>
    </Brick>
    <Brick refID="22" designID="3005">
      <Part refID="22" designID="3005" materials="199,0" decoration="0">
        <Bone refID="22" transformation="-1,0,0,0,1,0,0,0,-1,-0.39999353885650635,3.2000117301940918,6.8000030517578125">
        </Bone>
      </Part>
    </Brick>
    <Brick refID="23" designID="3005">
      <Part refID="23" designID="3005" materials="199,0" decoration="0">
        <Bone refID="23" transformation="-1,0,0,0,1,0,0,0,-1,-0.39999353885650635,2.2400116920471191,6.8000030517578125">
        </Bone>
      </Part>
    </Brick>
    <Brick refID="24" designID="4286">
      <Part refID="24" designID="4286" materials="199">
        <Bone refID="24" transformation="0,0,1,0,0.99999994039535522,0,-1,0,0,-0.39999353885650635,1.280011773109436,6.8000030517578125">
        </Bone>
      </Part>
    </Brick>
    <Brick refID="25" designID="61252">
      <Part refID="25" designID="61252" materials="199">
        <Bone refID="25" transformation="1,0,0,0,1,0,0,0,1,-1.1999926567077637,0.96001207828521729,6.8000030517578125">
        </Bone>
      </Part>
    </Brick>
    <Brick refID="26" designID="61252">
      <Part refID="26" designID="61252" materials="199">
        <Bone refID="26" transformation="1,0,0,0,1,0,0,0,1,-0.40000498294830322,0.96001207828521729,6.8000030517578125">
        </Bone>
      </Part>
    </Brick>
    <Brick refID="27" designID="3830">
      <Part refID="27" designID="3830" materials="199">
        <Bone refID="27" transformation="-1,0,0,0,1,0,0,0,-1,-0.40000498294830322,1.2035369763907511E-005,6.8000030517578125">
        </Bone>
      </Part>
    </Brick>
    <Brick refID="28" designID="61252">
      <Part refID="28" designID="61252" materials="194">
        <Bone refID="28" transformation="0.99999994039535522,0,0,0,-0.70710593461990356,0.70710760354995728,0,-0.70710760354995728,-0.70710593461990356,-8.399998664855957,8.3490524291992187,7.9903326034545898">
        </Bone>
      </Part>
    </Brick>
    <Brick refID="29" designID="30162">
      <Part refID="29" designID="30162" materials="194">
        <Bone refID="29" transformation="-0.99999994039535522,0,0,0,-0.70710641145706177,0.70710718631744385,0,0.70710712671279907,0.70710659027099609,-8.399998664855957,8.1227531433105469,8.2166051864624023">
        </Bone>
      </Part>
    </Brick>
    <Brick refID="30" designID="30374">
      <Part refID="30" designID="30374" materials="143">
        <Bone refID="30" transformation="0,0.70710611343383789,-0.7071073055267334,0,0.7071073055267334,0.70710611343383789,0.99999994039535522,0,0,-4.6580057144165039,8.1757936477661133,8.4959096908569336">
        </Bone>
      </Part>
    </Brick>
    <Brick refID="31" designID="30374">
      <Part refID="31" designID="30374" materials="143">
        <Bone refID="31" transformation="0,0.70710611343383789,-0.7071073055267334,0,0.7071073055267334,0.70710611343383789,0.99999994039535522,0,0,-4.6580018997192383,7.8434457778930664,8.1635732650756836">
        </Bone>
      </Part>
    </Brick>
    <Brick refID="32" designID="3023">
      <Part refID="32" designID="3023" materials="194">
        <Bone refID="32" transformation="-1,0,0,0,-0.70710653066635132,0.70710700750350952,0,0.70710700750350952,0.70710647106170654,0,8.5753345489501953,7.7640676498413086">
        </Bone>
      </Part>
    </Brick>
    <Brick refID="33" designID="30162">
      <Part refID="33" designID="30162" materials="194">
        <Bone refID="33" transformation="-1,0,0,0,-0.70710605382919312,0.70710748434066772,0,0.70710748434066772,0.70710599422454834,0,8.3490848541259766,7.9903411865234375">
        </Bone>
      </Part>
    </Brick>
    <Brick refID="34" designID="53451">
      <Part refID="34" designID="53451" materials="143">
        <Bone refID="34" transformation="0,0,1,1,0,0,0,1,0,0.54199141263961792,8.4021186828613281,8.2696456909179687">
        </Bone>
      </Part>
    </Brick>
    <Brick refID="35" designID="53451">
      <Part refID="35" designID="53451" materials="143">
        <Bone refID="35" transformation="0,0,1.0000001192092896,1.0000001192092896,0,0,0,1.0000001192092896,0,0.54199141263961792,8.0697784423828125,7.9373016357421875">
        </Bone>
      </Part>
    </Brick>
    <Brick refID="36" designID="30374">
      <Part refID="36" designID="30374" materials="143">
        <Bone refID="36" transformation="0,0.70710700750350952,-0.70710653066635132,0,0.70710653066635132,0.70710700750350952,1,0,0,-1.3420035839080811,7.8434944152832031,8.16357421875">
        </Bone>
      </Part>
    </Brick>
    <Brick refID="37" designID="30162">
      <Part refID="37" designID="30162" materials="194">
        <Bone refID="37" transformation="1,0,0,0,-0.7071075439453125,0.70710617303848267,0,-0.70710611343383789,-0.70710748434066772,-0.79998832941055298,8.1227960586547852,8.2166109085083008">
        </Bone>
      </Part>
    </Brick>
    <Brick refID="38" designID="30374">
      <Part refID="38" designID="30374" materials="143">
        <Bone refID="38" transformation="0,0.70710694789886475,-0.70710676908493042,0,0.70710670948028564,0.70710688829421997,1,0,0,-1.341988205909729,8.1758298873901367,8.4959230422973633">
        </Bone>
      </Part>
    </Brick>
    <Brick refID="39" designID="61252">
      <Part refID="39" designID="61252" materials="194">
        <Bone refID="39" transformation="1,0,0,0,-0.7071075439453125,0.70710617303848267,0,-0.70710611343383789,-0.70710748434066772,-0.79998832941055298,8.3490810394287109,7.9903383255004883">
        </Bone>
      </Part>
    </Brick>
    <Brick refID="40" designID="50746">
      <Part refID="40" designID="50746" materials="199">
        <Bone refID="40" transformation="-0.70710712671279907,0,0.70710641145706177,0,0.99999994039535522,0,-0.70710641145706177,0,-0.70710712671279907,0.56566160917282104,6.0800161361694336,6.4000082015991211">
        </Bone>
      </Part>
    </Brick>
    <Brick refID="41" designID="61252">
      <Part refID="41" designID="61252" materials="199">
        <Bone refID="41" transformation="0.70710724592208862,0,-0.70710617303848267,0,0.99999994039535522,0,0.70710617303848267,0,0.70710724592208862,0.56566399335861206,5.7600159645080566,6.4000096321105957">
        </Bone>
      </Part>
    </Brick>
    <Brick refID="42" designID="3024">
      <Part refID="42" designID="3024" materials="199">
        <Bone refID="42" transformation="-0.7071070671081543,0,0.70710635185241699,0,0.99999988079071045,0,-0.70710635185241699,0,-0.7071070671081543,0.56566017866134644,5.4400162696838379,6.4000096321105957">
        </Bone>
      </Part>
    </Brick>
    <Brick refID="43" designID="3024">
      <Part refID="43" designID="3024" materials="199">
        <Bone refID="43" transformation="-0.7071070671081543,0,0.70710635185241699,0,0.99999988079071045,0,-0.70710635185241699,0,-0.7071070671081543,0.56566399335861206,5.1200118064880371,6.4000020027160645">
        </Bone>
      </Part>
    </Brick>
    <Brick refID="44" designID="3005">
      <Part refID="44" designID="3005" materials="199,0" decoration="0">
        <Bone refID="44" transformation="-0.7071070671081543,0,0.70710635185241699,0,0.99999988079071045,0,-0.70710635185241699,0,-0.7071070671081543,0.56566780805587769,4.1600117683410645,6.4000020027160645">
        </Bone>
      </Part>
    </Brick>
    <Brick refID="45" designID="3005">
      <Part refID="45" designID="3005" materials="199,0" decoration="0">
        <Bone refID="45" transformation="-0.7071070671081543,0,0.70710635185241699,0,0.99999988079071045,0,-0.70710635185241699,0,-0.7071070671081543,0.56566780805587769,3.2000124454498291,6.4000020027160645">
        </Bone>
      </Part>
    </Brick>
    <Brick refID="46" designID="3005">
      <Part refID="46" designID="3005" materials="199,0" decoration="0">
        <Bone refID="46" transformation="-0.70710742473602295,0,0.70710605382919312,0,0.99999994039535522,0,-0.70710605382919312,0,-0.70710742473602295,0.56567543745040894,2.2400124073028564,6.4000020027160645">
        </Bone>
      </Part>
    </Brick>
    <Brick refID="47" designID="3040">
      <Part refID="47" designID="3040" materials="199,0" decoration="0">
        <Bone refID="47" transformation="-0.70710647106170654,0,-0.70710712671279907,0,0.99999994039535522,0,0.70710712671279907,0,-0.70710647106170654,0.56567925214767456,1.2800124883651733,6.3999943733215332">
        </Bone>
      </Part>
    </Brick>
    <Brick refID="48" designID="61252">
      <Part refID="48" designID="61252" materials="199">
        <Bone refID="48" transformation="0.70710718631744385,0,-0.70710629224777222,0,0.99999994039535522,0,0.70710629224777222,0,0.70710718631744385,0.56567162275314331,0.96001237630844116,6.3999943733215332">
        </Bone>
      </Part>
    </Brick>
    <Brick refID="49" designID="61252">
      <Part refID="49" designID="61252" materials="199">
        <Bone refID="49" transformation="0.70710718631744385,0,-0.70710629224777222,0,0.99999994039535522,0,0.70710629224777222,0,0.70710718631744385,1.1313607692718506,0.96001237630844116,5.834312915802002">
        </Bone>
      </Part>
    </Brick>
    <Brick refID="50" designID="3831">
      <Part refID="50" designID="3831" materials="199">
        <Bone refID="50" transformation="-0.7071070671081543,0,0.70710635185241699,0,0.99999988079071045,0,-0.70710635185241699,0,-0.7071070671081543,1.1313607692718506,1.1920928955078125E-005,5.834312915802002">
        </Bone>
      </Part>
    </Brick>
    <Brick refID="51" designID="6046">
      <Part refID="51" designID="6046" materials="194">
        <Bone refID="51" transformation="-0.70710670948028564,0,0.70710670948028564,0,0.99999994039535522,0,-0.70710670948028564,0,-0.70710670948028564,7.4747982025146484,1.2080048322677612,0.62226194143295288">
        </Bone>
      </Part>
    </Brick>
    <Brick refID="52" designID="50746">
      <Part refID="52" designID="50746" materials="199">
        <Bone refID="52" transformation="-0.70710670948028564,0,0.70710670948028564,0,0.99999994039535522,0,-0.70710670948028564,0,-0.70710670948028564,6.3999838829040527,6.0800046920776367,0.56569749116897583">
        </Bone>
      </Part>
    </Brick>
    <Brick refID="53" designID="61252">
      <Part refID="53" designID="61252" materials="199">
        <Bone refID="53" transformation="0.70710641145706177,0,-0.70710700750350952,0,0.99999994039535522,0,0.70710700750350952,0,0.70710641145706177,6.3999810218811035,5.7600045204162598,0.56569260358810425">
        </Bone>
      </Part>
    </Brick>
    <Brick refID="54" designID="3024">
      <Part refID="54" designID="3024" materials="199">
        <Bone refID="54" transformation="-0.70710653066635132,0,0.70710688829421997,0,0.99999994039535522,0,-0.70710688829421997,0,-0.70710653066635132,6.3999772071838379,5.4400043487548828,0.56569260358810425">
        </Bone>
      </Part>
    </Brick>
    <Brick refID="55" designID="3024">
      <Part refID="55" designID="3024" materials="199">
        <Bone refID="55" transformation="-0.70710653066635132,0,0.70710688829421997,0,0.99999994039535522,0,-0.70710688829421997,0,-0.70710653066635132,6.3999810218811035,5.1200008392333984,0.565684974193573">
        </Bone>
      </Part>
    </Brick>
    <Brick refID="56" designID="3005">
      <Part refID="56" designID="3005" materials="199,0" decoration="0">
        <Bone refID="56" transformation="-0.70710653066635132,0,0.70710688829421997,0,0.99999994039535522,0,-0.70710688829421997,0,-0.70710653066635132,6.3999848365783691,4.1600003242492676,0.565684974193573">
        </Bone>
      </Part>
    </Brick>
    <Brick refID="57" designID="3005">
      <Part refID="57" designID="3005" materials="199,0" decoration="0">
        <Bone refID="57" transformation="-0.70710653066635132,0,0.70710688829421997,0,0.99999994039535522,0,-0.70710688829421997,0,-0.70710653066635132,6.3999848365783691,3.2000031471252441,0.565684974193573">
        </Bone>
      </Part>
    </Brick>
    <Brick refID="58" designID="3005">
      <Part refID="58" designID="3005" materials="199,0" decoration="0">
        <Bone refID="58" transformation="-0.70710653066635132,0,0.70710688829421997,0,0.99999994039535522,0,-0.70710688829421997,0,-0.70710653066635132,6.3999924659729004,2.2400031089782715,0.565684974193573">
        </Bone>
      </Part>
    </Brick>
    <Brick refID="59" designID="3040">
      <Part refID="59" designID="3040" materials="199,0" decoration="0">
        <Bone refID="59" transformation="0.7071070671081543,0,0.70710653066635132,0,0.99999994039535522,0,-0.70710653066635132,0,0.7071070671081543,6.3999810218811035,1.2800086736679077,0.56569260358810425">
        </Bone>
      </Part>
    </Brick>
    <Brick refID="60" designID="61252">
      <Part refID="60" designID="61252" materials="199">
        <Bone refID="60" transformation="0.70710664987564087,0,-0.70710676908493042,0,0.99999994039535522,0,0.70710676908493042,0,0.70710664987564087,5.8343148231506348,0.96000808477401733,1.1313741207122803">
        </Bone>
      </Part>
    </Brick>
    <Brick refID="61" designID="61252">
      <Part refID="61" designID="61252" materials="199">
        <Bone refID="61" transformation="0.70710659027099609,0,-0.70710694789886475,0,1,0,0.70710694789886475,0,0.70710659027099609,6.4000000953674316,0.96000760793685913,0.56568890810012817">
        </Bone>
      </Part>
    </Brick>
    <Brick refID="62" designID="3830">
      <Part refID="62" designID="3830" materials="199">
        <Bone refID="62" transformation="-0.70710659027099609,0,0.70710694789886475,0,1,0,-0.70710694789886475,0,-0.70710659027099609,6.4000000953674316,0,0.56568890810012817">
        </Bone>
      </Part>
    </Brick>
    <Brick refID="63" designID="61252">
      <Part refID="63" designID="61252" materials="194">
        <Bone refID="63" transformation="0.70710629224777222,0,-0.70710724592208862,0.50000053644180298,-0.70710641145706177,0.49999994039535522,-0.50000011920928955,-0.70710712671279907,-0.49999940395355225,7.0153951644897461,8.3490495681762695,1.6336586475372314">
        </Bone>
      </Part>
    </Brick>
    <Brick refID="64" designID="30162">
      <Part refID="64" designID="30162" materials="194">
        <Bone refID="64" transformation="0.70710533857345581,0,-0.70710849761962891,0.50000262260437012,-0.70710599422454834,0.49999874830245972,-0.49999988079071045,-0.70710766315460205,-0.49999910593032837,7.1753993034362793,8.1227912902832031,1.7936539649963379">
        </Bone>
      </Part>
    </Brick>
    <Brick refID="65" designID="30374">
      <Part refID="65" designID="30374" materials="143">
        <Bone refID="65" transformation="-0.50000244379043579,0.70710641145706177,-0.49999824166297913,0.4999995231628418,0.70710736513137817,0.50000011920928955,0.70710557699203491,0,-0.70710813999176025,6.754645824432373,7.843480110168457,2.1394104957580566">
        </Bone>
      </Part>
    </Brick>
    <Brick refID="66" designID="30374">
      <Part refID="66" designID="30374" materials="143">
        <Bone refID="66" transformation="-0.50000256299972534,0.70710653066635132,-0.4999980628490448,0.49999955296516418,0.70710736513137817,0.50000005960464478,0.70710545778274536,0,-0.7071082592010498,6.9896426200866699,8.1758184432983398,2.3744113445281982">
        </Bone>
      </Part>
    </Brick>
    <Brick refID="67" designID="61252">
      <Part refID="67" designID="61252" materials="194">
        <Bone refID="67" transformation="0.70710659027099609,0,-0.7071073055267334,0.50000041723251343,-0.70710688829421997,0.4999995231628418,-0.50000029802322388,-0.70710676908493042,-0.49999991059303284,1.6979706287384033,8.3490495681762695,6.9510946273803711">
        </Bone>
      </Part>
    </Brick>
    <Brick refID="68" designID="30162">
      <Part refID="68" designID="30162" materials="194">
        <Bone refID="68" transformation="-0.70710688829421997,0,0.70710670948028564,0.5,-0.70710688829421997,0.49999994039535522,0.49999997019767761,0.70710670948028564,0.50000029802322388,1.8579702377319336,8.1227865219116211,7.1110982894897461">
        </Bone>
      </Part>
    </Brick>
    <Brick refID="69" designID="30374">
      <Part refID="69" designID="30374" materials="143">
        <Bone refID="69" transformation="-0.49999985098838806,0.70710712671279907,-0.49999964237213135,0.50000053644180298,0.70710641145706177,0.50000005960464478,0.70710653066635132,0,-0.70710700750350952,4.7014570236206055,8.1758222579956055,4.6626043319702148">
        </Bone>
      </Part>
    </Brick>
    <Brick refID="70" designID="30374">
      <Part refID="70" designID="30374" materials="143">
        <Bone refID="70" transformation="-0.50000011920928955,0.70710724592208862,-0.49999955296516418,0.50000065565109253,0.70710688829421997,0.50000011920928955,0.70710647106170654,0,-0.70710718631744385,4.4664602279663086,7.8434782028198242,4.4276037216186523">
        </Bone>
      </Part>
    </Brick>
    <Brick refID="71" designID="61252">
      <Part refID="71" designID="61252" materials="199">
        <Bone refID="71" transformation="-0.7071068286895752,0,0.70710676908493042,0.70710676908493042,0,0.70710688829421997,0,1,0,1.9254448413848877,0.4080045223236084,5.8209218978881836">
        </Bone>
      </Part>
    </Brick>
    <Brick refID="72" designID="4162">
      <Part refID="72" designID="4162" materials="199">
        <Bone refID="72" transformation="-0.70710653066635132,0,0.7071070671081543,0.7071070671081543,0,0.70710659027099609,0,1.0000001192092896,0,6.1115264892578125,0.40800315141677856,2.0873932838439941">
        </Bone>
      </Part>
    </Brick>
    <Brick refID="73" designID="6019">
      <Part refID="73" designID="6019" materials="199">
        <Bone refID="73" transformation="-0.7071068286895752,0,0.70710670948028564,0.70710670948028564,0,0.7071068286895752,0,1,0,2.4911153316497803,0.40800434350967407,5.2552323341369629">
        </Bone>
      </Part>
    </Brick>
    <Brick refID="74" designID="3710">
      <Part refID="74" designID="3710" materials="199">
        <Bone refID="74" transformation="0.70710676908493042,0,-0.70710700750350952,0.70710700750350952,0,0.70710670948028564,0,-1.0000001192092896,0,3.056800365447998,0.40800410509109497,4.6895432472229004">
        </Bone>
      </Part>
    </Brick>
    <Brick refID="75" designID="6019">
      <Part refID="75" designID="6019" materials="199">
        <Bone refID="75" transformation="-0.70710700750350952,0,0.70710659027099609,0.70710659027099609,0,0.7071070671081543,0,1.0000001192092896,0,5.3195643424987793,0.40800166130065918,2.4268021583557129">
        </Bone>
      </Part>
    </Brick>
    <Brick refID="76" designID="61252">
      <Part refID="76" designID="61252" materials="199">
        <Bone refID="76" transformation="-0.70710676908493042,0,0.7071068286895752,0.7071068286895752,0,0.7071068286895752,0,1.0000001192092896,0,5.8852343559265137,0.40800416469573975,1.8611211776733398">
        </Bone>
      </Part>
    </Brick>
    <Brick refID="77" designID="6046">
      <Part refID="77" designID="6046" materials="194">
        <Bone refID="77" transformation="0,0,1,0,0.99999994039535522,0,-1,0,0,7.5999975204467773,1.2080041170120239,-9.4399881362915039">
        </Bone>
      </Part>
    </Brick>
    <Brick refID="78" designID="50746">
      <Part refID="78" designID="50746" materials="199">
        <Bone refID="78" transformation="0,0,1,0,0.99999994039535522,0,-1,0,0,6.7999930381774902,6.0800037384033203,-0.39998707175254822">
        </Bone>
      </Part>
    </Brick>
    <Brick refID="79" designID="61252">
      <Part refID="79" designID="61252" materials="199">
        <Bone refID="79" transformation="0,0,-1,0,0.99999994039535522,0,1,0,0,6.7999944686889648,5.7600030899047852,-0.39998826384544373">
        </Bone>
      </Part>
    </Brick>
    <Brick refID="80" designID="3024">
      <Part refID="80" designID="3024" materials="199">
        <Bone refID="80" transformation="0,0,1,0,0.99999994039535522,0,-1,0,0,6.7999944686889648,5.4400033950805664,-0.39998826384544373">
        </Bone>
      </Part>
    </Brick>
    <Brick refID="81" designID="3024">
      <Part refID="81" designID="3024" materials="199">
        <Bone refID="81" transformation="0,0,1,0,0.99999994039535522,0,-1,0,0,6.7999868392944336,5.1199989318847656,-0.39999589323997498">
        </Bone>
      </Part>
    </Brick>
    <Brick refID="82" designID="3005">
      <Part refID="82" designID="3005" materials="199,0" decoration="0">
        <Bone refID="82" transformation="0,0,1,0,0.99999994039535522,0,-1,0,0,6.7999944686889648,4.159998893737793,-0.39999589323997498">
        </Bone>
      </Part>
    </Brick>
    <Brick refID="83" designID="3005">
      <Part refID="83" designID="3005" materials="199,0" decoration="0">
        <Bone refID="83" transformation="0,0,1,0,0.99999994039535522,0,-1,0,0,6.7999944686889648,3.1999995708465576,-0.39999589323997498">
        </Bone>
      </Part>
    </Brick>
    <Brick refID="84" designID="3005">
      <Part refID="84" designID="3005" materials="199,0" decoration="0">
        <Bone refID="84" transformation="0,0,1,0,0.99999994039535522,0,-1,0,0,6.7999944686889648,2.2399992942810059,-0.39999589323997498">
        </Bone>
      </Part>
    </Brick>
    <Brick refID="85" designID="61252">
      <Part refID="85" designID="61252" materials="199">
        <Bone refID="85" transformation="0,0,-1,0,0.99999994039535522,0,1,0,0,6.8000020980834961,0.96000379323959351,-0.39999589323997498">
        </Bone>
      </Part>
    </Brick>
    <Brick refID="86" designID="4286">
      <Part refID="86" designID="4286" materials="199">
        <Bone refID="86" transformation="-1,0,0,0,1,0,0,0,-1,6.8000006675720215,1.2799991369247437,-0.40000462532043457">
        </Bone>
      </Part>
    </Brick>
    <Brick refID="87" designID="61252">
      <Part refID="87" designID="61252" materials="199">
        <Bone refID="87" transformation="0,0,-1,0,0.99999994039535522,0,1,0,0,6.799994945526123,0.96000379323959351,-1.1999837160110474">
        </Bone>
      </Part>
    </Brick>
    <Brick refID="88" designID="3831">
      <Part refID="88" designID="3831" materials="199">
        <Bone refID="88" transformation="0,0,1,0,0.99999994039535522,0,-1,0,0,6.799994945526123,0,-1.1999837160110474">
        </Bone>
      </Part>
    </Brick>
    <Brick refID="89" designID="50746">
      <Part refID="89" designID="50746" materials="199">
        <Bone refID="89" transformation="0,0,1,0,0.99999994039535522,0,-1,0,0,6.7999930381774902,6.0800042152404785,-8.3999719619750977">
        </Bone>
      </Part>
    </Brick>
    <Brick refID="90" designID="61252">
      <Part refID="90" designID="61252" materials="199">
        <Bone refID="90" transformation="0,0,-1,0,0.99999994039535522,0,1,0,0,6.7999944686889648,5.7600040435791016,-8.3999700546264648">
        </Bone>
      </Part>
    </Brick>
    <Brick refID="91" designID="3024">
      <Part refID="91" designID="3024" materials="199">
        <Bone refID="91" transformation="0,0,1,0,0.99999994039535522,0,-1,0,0,6.7999906539916992,5.4400033950805664,-8.3999700546264648">
        </Bone>
      </Part>
    </Brick>
    <Brick refID="92" designID="3024">
      <Part refID="92" designID="3024" materials="199">
        <Bone refID="92" transformation="0,0,1,0,0.99999994039535522,0,-1,0,0,6.7999868392944336,5.119999885559082,-8.3999776840209961">
        </Bone>
      </Part>
    </Brick>
    <Brick refID="93" designID="3005">
      <Part refID="93" designID="3005" materials="199,0" decoration="0">
        <Bone refID="93" transformation="0,0,1,0,0.99999994039535522,0,-1,0,0,6.7999906539916992,4.1599998474121094,-8.3999776840209961">
        </Bone>
      </Part>
    </Brick>
    <Brick refID="94" designID="3005">
      <Part refID="94" designID="3005" materials="199,0" decoration="0">
        <Bone refID="94" transformation="0,0,1,0,0.99999994039535522,0,-1,0,0,6.7999944686889648,3.2000000476837158,-8.3999776840209961">
        </Bone>
      </Part>
    </Brick>
    <Brick refID="95" designID="3005">
      <Part refID="95" designID="3005" materials="199,0" decoration="0">
        <Bone refID="95" transformation="0,0,1,0,0.99999994039535522,0,-1,0,0,6.7999944686889648,2.2399997711181641,-8.3999776840209961">
        </Bone>
      </Part>
    </Brick>
    <Brick refID="96" designID="4286">
      <Part refID="96" designID="4286" materials="199">
        <Bone refID="96" transformation="1,0,0,0,1,0,0,0,1,6.7999944686889648,1.2799996137619019,-8.3999776840209961">
        </Bone>
      </Part>
    </Brick>
    <Brick refID="97" designID="3460">
      <Part refID="97" designID="3460" materials="199">
        <Bone refID="97" transformation="0,0,1,0,0.99999994039535522,0,-1,0,0,6.7999944686889648,0.95999997854232788,-7.5999908447265625">
        </Bone>
      </Part>
    </Brick>
    <Brick refID="98" designID="3069">
      <Part refID="98" designID="3069" materials="199,0" decoration="0">
        <Bone refID="98" transformation="0,0,1,0,0.99999994039535522,0,-1,0,0,6.8000063896179199,1.2799996137619019,-3.6002113819122314">
        </Bone>
      </Part>
    </Brick>
    <Brick refID="99" designID="63864">
      <Part refID="99" designID="63864" materials="199">
        <Bone refID="99" transformation="0,0,1,0,0.99999994039535522,0,-1,0,0,6.8000063896179199,1.2799996137619019,-5.9999914169311523">
        </Bone>
      </Part>
    </Brick>
    <Brick refID="100" designID="6111">
      <Part refID="100" designID="6111" materials="199">
        <Bone refID="100" transformation="0,0,1,0,0.99999994039535522,0,-1,0,0,6.799994945526123,0,-9.1999883651733398">
        </Bone>
      </Part>
    </Brick>
    <Brick refID="101" designID="50746">
      <Part refID="101" designID="50746" materials="199">
        <Bone refID="101" transformation="-1,0,0,0,1,0,0,0,-1,6.799994945526123,1.5999997854232788,-9.1999731063842773">
        </Bone>
      </Part>
    </Brick>
    <Brick refID="102" designID="3024">
      <Part refID="102" designID="3024" materials="199">
        <Bone refID="102" transformation="0,0,-1,0,0.99999994039535522,0,1,0,0,6.800011157989502,1.2799996137619019,-9.1999521255493164">
        </Bone>
      </Part>
    </Brick>
    <Brick refID="103" designID="3024">
      <Part refID="103" designID="3024" materials="199">
        <Bone refID="103" transformation="0,0,1,0,0.99999994039535522,0,-1,0,0,6.800011157989502,0.95999997854232788,-9.1999444961547852">
        </Bone>
      </Part>
    </Brick>
    <Brick refID="104" designID="61252">
      <Part refID="104" designID="61252" materials="199">
        <Bone refID="104" transformation="0,0,-1,0,0.99999994039535522,0,1,0,0,6.799994945526123,0.95999997854232788,-8.3999929428100586">
        </Bone>
      </Part>
    </Brick>
    <Brick refID="105" designID="61252">
      <Part refID="105" designID="61252" materials="194">
        <Bone refID="105" transformation="0,0,-1.0000001192092896,0.7071068286895752,-0.70710676908493042,0,-0.70710694789886475,-0.7071068286895752,0,7.9903173446655273,8.3490514755249023,-8.6399774551391602">
        </Bone>
      </Part>
    </Brick>
    <Brick refID="106" designID="30162">
      <Part refID="106" designID="30162" materials="194">
        <Bone refID="106" transformation="0,0,-1,0.7071068286895752,-0.70710670948028564,0,-0.70710676908493042,-0.7071068286895752,0,8.2165937423706055,8.1227865219116211,-8.6399774551391602">
        </Bone>
      </Part>
    </Brick>
    <Brick refID="107" designID="30374">
      <Part refID="107" designID="30374" materials="143">
        <Bone refID="107" transformation="-0.70710676908493042,0.70710676908493042,0,0.70710676908493042,0.70710688829421997,0,0,0,-1,8.1635618209838867,7.8434782028198242,-8.0979766845703125">
        </Bone>
      </Part>
    </Brick>
    <Brick refID="108" designID="30374">
      <Part refID="108" designID="30374" materials="143">
        <Bone refID="108" transformation="-0.70710676908493042,0.70710676908493042,0,0.70710676908493042,0.70710688829421997,0,0,0,-1,8.4958982467651367,8.1758193969726563,-8.0979766845703125">
        </Bone>
      </Part>
    </Brick>
    <Brick refID="109" designID="61252">
      <Part refID="109" designID="61252" materials="194">
        <Bone refID="109" transformation="0,0,-1.0000001192092896,0.70710712671279907,-0.70710647106170654,0,-0.70710659027099609,-0.70710712671279907,0,7.9903173446655273,8.3490476608276367,-1.0399787425994873">
        </Bone>
      </Part>
    </Brick>
    <Brick refID="110" designID="30162">
      <Part refID="110" designID="30162" materials="194">
        <Bone refID="110" transformation="0,0,1.0000001192092896,0.7071070671081543,-0.70710641145706177,0,0.70710653066635132,0.7071070671081543,0,8.2165937423706055,8.1227731704711914,-1.0399787425994873">
        </Bone>
      </Part>
    </Brick>
    <Brick refID="111" designID="30374">
      <Part refID="111" designID="30374" materials="143">
        <Bone refID="111" transformation="-0.7071070671081543,0.70710641145706177,0,0.70710647106170654,0.70710712671279907,0,0,0,-1,8.1635580062866211,7.8434653282165527,-4.7819757461547852">
        </Bone>
      </Part>
    </Brick>
    <Brick refID="112" designID="30374">
      <Part refID="112" designID="30374" materials="143">
        <Bone refID="112" transformation="-0.7071070671081543,0.70710641145706177,0,0.70710647106170654,0.70710712671279907,0,0,0,-1,8.4958982467651367,8.1758079528808594,-4.7819757461547852">
        </Bone>
      </Part>
    </Brick>
    <Brick refID="113" designID="3023">
      <Part refID="113" designID="3023" materials="194">
        <Bone refID="113" transformation="0,0,1.0000001192092896,0.7071070671081543,-0.70710641145706177,0,0.70710653066635132,0.7071070671081543,0,7.7640447616577148,8.5753211975097656,-1.0399787425994873">
        </Bone>
      </Part>
    </Brick>
    <Brick refID="114" designID="30162">
      <Part refID="114" designID="30162" materials="194">
        <Bone refID="114" transformation="0,0,-1.0000001192092896,0.7071070671081543,-0.70710641145706177,0,-0.70710653066635132,-0.7071070671081543,0,7.990321159362793,8.3490495681762695,-0.23997575044631958">
        </Bone>
      </Part>
    </Brick>
    <Brick refID="115" designID="53451">
      <Part refID="115" designID="53451" materials="143">
        <Bone refID="115" transformation="0.99999988079071045,0,0,0,0,1,0,-0.99999994039535522,0,7.9372892379760742,8.0697364807128906,0.30201643705368042">
        </Bone>
      </Part>
    </Brick>
    <Brick refID="116" designID="53451">
      <Part refID="116" designID="53451" materials="143">
        <Bone refID="116" transformation="0.99999988079071045,0,0,0,0,1,0,-0.99999994039535522,0,8.2696256637573242,8.4020833969116211,0.30201643705368042">
        </Bone>
      </Part>
    </Brick>
  </Bricks>
  <RigidSystems>
    <RigidSystem>
      <Rigid refID="0" transformation="-1,0,0,0,1,0,0,0,-1,-7.5999908447265625,6.0800161361694336,7.6000022888183594" boneRefs="0,1,2,3,4,5,6,7,8,9,10,11,12,13,14,15,16,17,18,19,20,21,22,23,24,25,26,27"/>
      <Rigid refID="1" transformation="0.99999994039535522,0,0,0,-0.70710593461990356,0.70710760354995728,0,-0.70710760354995728,-0.70710593461990356,-7.5999984741210938,8.3490514755249023,8.7903327941894531" boneRefs="28,29,30,31"/>
      <Rigid refID="2" transformation="-1,0,0,0,-0.70710653066635132,0.70710700750350952,0,0.70710700750350952,0.70710647106170654,0.79999923706054688,8.5753335952758789,8.5640678405761719" boneRefs="32,33,34,35,36,37,38,39"/>
      <Rigid refID="3" transformation="-0.70710712671279907,0,0.70710641145706177,0,0.99999994039535522,0,-0.70710641145706177,0,-0.70710712671279907,1.36566162109375,6.0800156593322754,7.2000083923339844" boneRefs="40,41,42,43,44,45,46,47,48,49,50,51,52,53,54,55,56,57,58,59,60,61,62"/>
      <Rigid refID="4" transformation="0.70710629224777222,0,-0.70710724592208862,0.50000053644180298,-0.70710641145706177,0.49999994039535522,-0.50000011920928955,-0.70710712671279907,-0.49999940395355225,7.8153953552246094,8.3490486145019531,2.4336585998535156" boneRefs="63,64,65,66"/>
      <Rigid refID="5" transformation="0.70710659027099609,0,-0.7071073055267334,0.50000041723251343,-0.70710688829421997,0.4999995231628418,-0.50000029802322388,-0.70710676908493042,-0.49999991059303284,2.4979705810546875,8.3490486145019531,7.7510948181152344" boneRefs="67,68,69,70"/>
      <Rigid refID="6" transformation="-0.7071068286895752,0,0.70710676908493042,0.70710676908493042,0,0.70710688829421997,0,1,0,2.7254447937011719,0.40800392627716064,6.6209220886230469" boneRefs="71,72,73,74,75,76"/>
      <Rigid refID="7" transformation="0,0,1,0,0.99999994039535522,0,-1,0,0,8.3999977111816406,1.2080035209655762,-8.6399879455566406" boneRefs="77,78,79,80,81,82,83,84,85,86,87,88,89,90,91,92,93,94,95,96,97,98,99,100,101,102,103,104"/>
      <Rigid refID="8" transformation="0,0,-1.0000001192092896,0.7071068286895752,-0.70710676908493042,0,-0.70710694789886475,-0.7071068286895752,0,8.7903175354003906,8.3490505218505859,-7.8399772644042969" boneRefs="105,106,107,108"/>
      <Rigid refID="9" transformation="0,0,-1.0000001192092896,0.70710712671279907,-0.70710647106170654,0,-0.70710659027099609,-0.70710712671279907,0,8.7903175354003906,8.3490467071533203,-0.23997879028320313" boneRefs="109,110,111,112,113,114,115,116"/>
      <Joint type="hinge">
        <RigidRef rigidRef="1" a="1,0,0" z="0,1,0" t="0.15999999642372131,0.24799999594688416,0.80000001192092896"/>
        <RigidRef rigidRef="0" a="-1,0,0" z="0,-0.70710599422454834,-0.70710760354995728" t="-0.15999221801757813,1.527987003326416,-0.80000871419906616"/>
      </Joint>
      <Joint type="hinge">
        <RigidRef rigidRef="2" a="-1,0,0" z="0,1,0" t="0.63998758792877197,0.56798183917999268,-0.79998779296875"/>
        <RigidRef rigidRef="0" a="-1,0,0" z="0,-0.70710748434066772,-0.70710605382919312" t="-7.760002613067627,1.5280165672302246,-0.80001318454742432"/>
      </Joint>
