<?xml version="1.0" encoding="UTF-8" standalone="no" ?>
<LXFML versionMajor="5" versionMinor="0">
  <Meta>
    <Application name="LEGO Universe" versionMajor="0" versionMinor="0"/>
    <Brand name="LEGOUniverse"/>
    <BrickSet version="330"/>
  </Meta>
  <Bricks>
    <Brick refID="0" designID="4070">
      <Part refID="0" designID="4070" materials="192">
        <Bone refID="0" transformation="0.00010212774941464886,-0.31988069415092468,0.94745784997940063,0.87463504076004028,-0.45928195118904114,-0.15515702962875366,0.48478201031684875,0.82869565486907959,0.27973192930221558,3.1499156951904297,10.35408878326416,1.6454927921295166">
        </Bone>
      </Part>
    </Brick>
    <Brick refID="1" designID="6079">
      <Part refID="1" designID="6079" materials="192">
        <Bone refID="1" transformation="-0.00010196021321462467,0.31988057494163513,-0.94745790958404541,0.87463504076004028,-0.45928183197975159,-0.15515686571598053,-0.48478195071220398,-0.82869565486907959,-0.27973183989524841,3.9895648956298828,9.9131765365600586,1.4965411424636841">
        </Bone>
      </Part>
    </Brick>
    <Brick refID="2" designID="3460">
      <Part refID="2" designID="3460" materials="26">
        <Bone refID="2" transformation="-0.00010213037603534758,0.31988060474395752,-0.94745779037475586,0.48478204011917114,0.82869553565979004,0.27973183989524841,0.87463498115539551,-0.45928198099136353,-0.15515701472759247,3.2907485961914063,9.24432373046875,2.1151628494262695">
        </Bone>
      </Part>
    </Brick>
    <Brick refID="3" designID="3036">
      <Part refID="3" designID="3036" materials="199">
        <Bone refID="3" transformation="-0.0001021303833113052,0.31988066434860229,-0.94745784997940063,0.48478198051452637,0.82869553565979004,0.27973189949989319,0.87463492155075073,-0.45928192138671875,-0.15515701472759247,6.6341586112976074,7.1420145034790039,1.4050198793411255">
        </Bone>
      </Part>
    </Brick>
    <Brick refID="4" designID="3049">
      <Part refID="4" designID="3049" materials="26">
        <Bone refID="4" transformation="-0.87463492155075073,0.4592822790145874,0.15515600144863129,0.48478201031684875,0.82869571447372437,0.27973181009292603,-0.00010123173706233501,0.31988009810447693,-0.94745796918869019,6.789207935333252,7.6631007194519043,0.73656749725341797">
        </Bone>
      </Part>
    </Brick>
    <Brick refID="5" designID="3068">
      <Part refID="5" designID="3068" materials="26,0" decoration="0">
        <Bone refID="5" transformation="-0.87463504076004028,0.45928224921226501,0.15515536069869995,0.48478177189826965,0.82869553565979004,0.27973225712776184,-0.00010049553384305909,0.3198801577091217,-0.94745796918869019,6.0894999504089355,8.0305261611938477,0.86069345474243164">
        </Bone>
      </Part>
    </Brick>
    <Brick refID="6" designID="3068">
      <Part refID="6" designID="3068" materials="26,0" decoration="0">
        <Bone refID="6" transformation="-0.87463504076004028,0.45928224921226501,0.15515536069869995,0.48478177189826965,0.82869553565979004,0.27973225712776184,-0.00010049553384305909,0.3198801577091217,-0.94745796918869019,6.7889618873596191,8.4308147430419922,-1.5373308658599854">
        </Bone>
      </Part>
    </Brick>
    <Brick refID="7" designID="48336">
      <Part refID="7" designID="48336" materials="194">
        <Bone refID="7" transformation="0.00010223675053566694,-0.31988060474395752,0.94745779037475586,0.48478201031684875,0.82869565486907959,0.27973183989524841,-0.87463498115539551,0.45928192138671875,0.15515708923339844,2.9802432060241699,9.4816713333129883,-0.33776450157165527">
        </Bone>
      </Part>
    </Brick>
    <Brick refID="8" designID="4070">
      <Part refID="8" designID="4070" materials="192">
        <Bone refID="8" transformation="0.0001020118870656006,-0.31988078355789185,0.94745773077011108,0.87463492155075073,-0.45928192138671875,-0.15515698492527008,0.48478201031684875,0.82869547605514526,0.27973204851150513,3.149505615234375,11.633612632751465,-2.1443402767181396">
        </Bone>
      </Part>
    </Brick>
    <Brick refID="9" designID="3022">
      <Part refID="9" designID="3022" materials="194">
        <Bone refID="9" transformation="-0.87463504076004028,0.45928224921226501,0.15515536069869995,0.48478177189826965,0.82869553565979004,0.27973225712776184,-0.00010049553384305909,0.3198801577091217,-0.94745796918869019,3.6797866821289062,9.6260557174682617,-1.97782301902771">
        </Bone>
      </Part>
    </Brick>
    <Brick refID="10" designID="3048">
      <Part refID="10" designID="3048" materials="26">
        <Bone refID="10" transformation="0.87463515996932983,-0.45928162336349487,-0.15515685081481934,0.48478168249130249,0.82869583368301392,0.27973166108131409,0.00010222304263152182,-0.31988036632537842,0.94745796918869019,6.7887978553771973,8.9426231384277344,-3.0532634258270264">
        </Bone>
      </Part>
    </Brick>
    <Brick refID="11" designID="3020">
      <Part refID="11" designID="3020" materials="192">
        <Bone refID="11" transformation="-0.00010205385478911921,0.31988054513931274,-0.94745790958404541,0.48478198051452637,0.82869571447372437,0.27973181009292603,0.87463498115539551,-0.45928195118904114,-0.15515689551830292,3.524817943572998,8.8490629196166992,-0.55140423774719238">
        </Bone>
      </Part>
    </Brick>
    <Brick refID="12" designID="48336">
      <Part refID="12" designID="48336" materials="194">
        <Bone refID="12" transformation="0.00010223675053566694,-0.31988060474395752,0.94745779037475586,0.48478201031684875,0.82869565486907959,0.27973183989524841,-0.87463498115539551,0.45928192138671875,0.15515708923339844,2.9799156188964844,10.505290985107422,-3.3696305751800537">
        </Bone>
      </Part>
    </Brick>
    <Brick refID="13" designID="2444">
      <Part refID="13" designID="2444" materials="194">
        <Bone refID="13" transformation="0.87463504076004028,-0.45928171277046204,-0.15515692532062531,0.48478177189826965,0.82869571447372437,0.27973172068595886,0.00010220892727375031,-0.31988045573234558,0.94745784997940063,3.6797046661376953,9.8819618225097656,-2.7357895374298096">
        </Bone>
      </Part>
    </Brick>
    <Brick refID="14" designID="6019">
      <Part refID="14" designID="6019" materials="194">
        <Bone refID="14" transformation="-0.0001021303833113052,0.31988066434860229,-0.94745796918869019,0.48478206992149353,0.82869577407836914,0.27973183989524841,0.87463504076004028,-0.45928195118904114,-0.15515701472759247,4.2242832183837891,9.2493515014648437,-2.9494292736053467">
        </Bone>
      </Part>
    </Brick>
    <Brick refID="15" designID="4497">
      <Part refID="15" designID="4497" materials="315">
        <Bone refID="15" transformation="-0.87463498115539551,0.45928189158439636,0.15515722334384918,0.0001023706718115136,-0.31988057494163513,0.94745790958404541,0.48478201031684875,0.82869577407836914,0.27973195910453796,5.0441217422485352,9.3945283889770508,-3.9137418270111084">
        </Bone>
      </Part>
    </Brick>
    <Brick refID="16" designID="4070">
      <Part refID="16" designID="4070" materials="192">
        <Bone refID="16" transformation="-0.00010212634515482932,0.31988069415092468,-0.94745790958404541,-0.87466853857040405,-0.45928183197975159,-0.15496835112571716,-0.48472166061401367,0.82869577407836914,0.27983662486076355,1.651997447013855,10.354087829589844,1.6456515789031982">
        </Bone>
      </Part>
    </Brick>
    <Brick refID="17" designID="3460">
      <Part refID="17" designID="3460" materials="26">
        <Bone refID="17" transformation="-0.00010219663818133995,0.31988069415092468,-0.94745790958404541,-0.48472180962562561,0.82869583368301392,0.27983656525611877,0.8746686577796936,0.45928210020065308,0.15496847033500671,1.5112642049789429,9.2443256378173828,2.1153535842895508">
        </Bone>
      </Part>
    </Brick>
    <Brick refID="18" designID="6079">
      <Part refID="18" designID="6079" materials="192">
        <Bone refID="18" transformation="0.00010191938054049388,-0.31988066434860229,0.94745784997940063,-0.87466859817504883,-0.45928189158439636,-0.15496863424777985,0.48472169041633606,-0.82869571447372437,-0.27983632683753967,0.81190621852874756,11.192700386047363,-2.29294753074646">
        </Bone>
      </Part>
    </Brick>
    <Brick refID="19" designID="4070">
      <Part refID="19" designID="4070" materials="192">
        <Bone refID="19" transformation="-0.00010213483619736508,0.31988072395324707,-0.94745779037475586,-0.87466847896575928,-0.45928192138671875,-0.15496848523616791,-0.48472169041633606,0.82869559526443481,0.27983647584915161,1.6515897512435913,11.633611679077148,-2.1441781520843506">
        </Bone>
      </Part>
    </Brick>
    <Brick refID="20" designID="3036">
      <Part refID="20" designID="3036" materials="199">
        <Bone refID="20" transformation="-0.00010219663818133995,0.31988069415092468,-0.94745790958404541,-0.48472180962562561,0.82869583368301392,0.27983656525611877,0.8746686577796936,0.45928210020065308,0.15496847033500671,1.6663757562637329,8.9791431427001953,2.0258064270019531">
        </Bone>
      </Part>
    </Brick>
    <Brick refID="21" designID="3068">
      <Part refID="21" designID="3068" materials="26,0" decoration="0">
        <Bone refID="21" transformation="-0.87466907501220703,-0.45928075909614563,-0.15496852993965149,-0.48472064733505249,0.82869595289230347,0.27983716130256653,-0.00010203103738604113,0.31988134980201721,-0.94745761156082153,-0.58802342414855957,8.397953987121582,0.98546290397644043">
        </Bone>
      </Part>
    </Brick>
    <Brick refID="22" designID="60470">
      <Part refID="22" designID="60470" materials="26">
        <Bone refID="22" transformation="-0.00010219663818133995,0.31988069415092468,-0.94745790958404541,-0.48472180962562561,0.82869583368301392,0.27983656525611877,0.8746686577796936,0.45928210020065308,0.15496847033500671,1.8213227987289429,9.2257699966430664,0.42032527923583984">
        </Bone>
      </Part>
    </Brick>
    <Brick refID="23" designID="3022">
      <Part refID="23" designID="3022" materials="194">
        <Bone refID="23" transformation="-0.87466907501220703,-0.45928075909614563,-0.15496852993965149,-0.48472064733505249,0.82869595289230347,0.27983716130256653,-0.00010203103738604113,0.31988134980201721,-0.94745761156082153,1.8210786581039429,9.9934825897216797,-1.8535726070404053">
        </Bone>
      </Part>
    </Brick>
    <Brick refID="24" designID="3020">
      <Part refID="24" designID="3020" materials="194">
        <Bone refID="24" transformation="-0.00010220337571809068,0.31988072395324707,-0.94745779037475586,-0.48472172021865845,0.82869565486907959,0.27983653545379639,0.8746684193611145,0.45928198099136353,0.15496845543384552,1.9763520956039429,9.2164907455444336,-0.42718768119812012">
        </Bone>
      </Part>
    </Brick>
    <Brick refID="25" designID="60470">
      <Part refID="25" designID="60470" materials="26">
        <Bone refID="25" transformation="-0.00010219663818133995,0.31988069415092468,-0.94745790958404541,-0.48472180962562561,0.82869583368301392,0.27983656525611877,0.8746686577796936,0.45928210020065308,0.15496847033500671,1.8209966421127319,10.249386787414551,-2.6115396022796631">
        </Bone>
      </Part>
    </Brick>
    <Brick refID="26" designID="3049">
      <Part refID="26" designID="3049" materials="26">
        <Bone refID="26" transformation="0.87466847896575928,0.45928215980529785,0.15496858954429626,-0.48472192883491516,0.82869553565979004,0.279836505651474,0.00010214517533313483,-0.31988078355789185,0.94745784997940063,-1.987410306930542,7.407198429107666,1.495479941368103">
        </Bone>
      </Part>
    </Brick>
    <Brick refID="27" designID="3068">
      <Part refID="27" designID="3068" materials="26,0" decoration="0">
        <Bone refID="27" transformation="-0.87466907501220703,-0.45928075909614563,-0.15496852993965149,-0.48472064733505249,0.82869595289230347,0.27983716130256653,-0.00010203103738604113,0.31988134980201721,-0.94745761156082153,-1.2880028486251831,8.7982406616210937,-1.4124100208282471">
        </Bone>
      </Part>
    </Brick>
    <Brick refID="28" designID="2444">
      <Part refID="28" designID="2444" materials="194">
        <Bone refID="28" transformation="0.87466847896575928,0.45928215980529785,0.15496858954429626,-0.48472192883491516,0.82869553565979004,0.279836505651474,0.00010214517533313483,-0.31988078355789185,0.94745784997940063,0.42152488231658936,9.5145368576049805,-2.8594887256622314">
        </Bone>
      </Part>
    </Brick>
    <Brick refID="29" designID="6019">
      <Part refID="29" designID="6019" materials="194">
        <Bone refID="29" transformation="0.00010202108387602493,-0.31988069415092468,0.94745790958404541,-0.48472186923027039,0.82869565486907959,0.27983635663986206,-0.87466853857040405,-0.4592820405960083,-0.15496860444545746,0.57663619518280029,9.2493534088134766,-2.9490358829498291">
        </Bone>
      </Part>
    </Brick>
    <Brick refID="30" designID="3048">
      <Part refID="30" designID="3048" materials="26">
        <Bone refID="30" transformation="-0.87466901540756226,-0.4592803418636322,-0.1549699604511261,-0.48472067713737488,0.82869642972946167,0.27983719110488892,-0.00010069987183669582,0.31988203525543213,-0.94745737314224243,-1.9879827499389648,9.1985292434692383,-3.8102848529815674">
        </Bone>
      </Part>
    </Brick>
    <Brick refID="31" designID="6558">
      <Part refID="31" designID="6558" materials="23">
        <Bone refID="31" transformation="1,5.9194677305640653E-005,-8.7799213360995054E-005,2.7999205485684797E-005,-0.94745790958404541,-0.31988054513931274,-0.00010212128108832985,0.31988054513931274,-0.94745790958404541,4.0001897811889648,10.544193267822266,-5.4675188064575195">
        </Bone>
      </Part>
    </Brick>
    <Brick refID="32" designID="43899">
      <Part refID="32" designID="43899" materials="194">
        <Bone refID="32" transformation="1,1.6779957149992697E-005,-0.00010215782094746828,0.00010215781367151067,-0.31988042593002319,0.94745790958404541,-1.6779989891801961E-005,-0.94745790958404541,-0.31988042593002319,2.4002599716186523,10.313879013061523,-4.7851772308349609">
        </Bone>
      </Part>
    </Brick>
    <Brick refID="33" designID="32002">
      <Part refID="33" designID="32002" materials="199">
        <Bone refID="33" transformation="0.99999994039535522,1.6787967979325913E-005,-0.00010220669355476275,-1.6787967979325913E-005,-0.94745808839797974,-0.31987985968589783,-0.00010220669355476275,0.31987985968589783,-0.94745808839797974,2.4002695083618164,10.288289070129395,-4.709381103515625">
        </Bone>
      </Part>
    </Brick>
    <Brick refID="34" designID="32316">
      <Part refID="34" designID="32316" materials="26">
        <Bone refID="34" transformation="1,1.7248135918634944E-005,-0.00010500792996026576,-1.7248135918634944E-005,-0.94745779037475586,-0.31988075375556946,-0.00010500792996026576,0.31988075375556946,-0.94745779037475586,0.80026900768280029,10.288289070129395,-4.7092084884643555">
        </Bone>
      </Part>
    </Brick>
    <Brick refID="35" designID="4497">
      <Part refID="35" designID="4497" materials="315">
        <Bone refID="35" transformation="-0.87466847896575928,-0.45928195118904114,-0.15496842563152313,0.00010226380254607648,-0.31988072395324707,0.94745790958404541,-0.48472169041633606,0.82869577407836914,0.27983683347702026,-0.24340927600860596,9.3945293426513672,-3.9131715297698975">
        </Bone>
      </Part>
    </Brick>
    <Brick refID="36" designID="6558">
      <Part refID="36" designID="6558" materials="23">
        <Bone refID="36" transformation="1,-0.00010210875916527584,-0.00014228091458790004,-0.00014225664199329913,-0.94745790958404541,-0.31988054513931274,-0.00010214256326435134,0.31988054513931274,-0.94745790958404541,0.80018889904022217,10.544193267822266,-5.4671735763549805">
        </Bone>
      </Part>
    </Brick>
    <Brick refID="37" designID="32123">
      <Part refID="37" designID="32123" materials="194">
        <Bone refID="37" transformation="3.4605429391376674E-005,0.94745784997940063,0.31988072395324707,0.00010220144758932292,-0.31988072395324707,0.94745784997940063,1,0,-0.00010788299550767988,4.8001737594604492,8.9003076553344727,-5.6004314422607422">
        </Bone>
      </Part>
    </Brick>
    <Brick refID="38" designID="3707">
      <Part refID="38" designID="3707" materials="26">
        <Bone refID="38" transformation="-3.4281569242011756E-005,-0.94745784997940063,-0.31988105177879333,0.0001021929201669991,-0.31988102197647095,0.94745784997940063,-1,0,0.00010782942990772426,-0.79982626438140869,8.9003086090087891,-5.5998268127441406">
        </Bone>
      </Part>
    </Brick>
    <Brick refID="39" designID="42003">
      <Part refID="39" designID="42003" materials="26">
        <Bone refID="39" transformation="-3.4413747926009819E-005,-0.94745790958404541,-0.31988051533699036,-1,0,0.00010786205530166626,-0.00010221583943348378,0.31988054513931274,-0.94745790958404541,4.000187873840332,10.544192314147949,-5.4675178527832031">
        </Bone>
      </Part>
    </Brick>
    <Brick refID="40" designID="42003">
      <Part refID="40" designID="42003" materials="26">
        <Bone refID="40" transformation="-3.4579010389279574E-005,-0.94745802879333496,-0.31988012790679932,-1,0,0.00010752060188679025,-0.00010179296077694744,0.3198801577091217,-0.94745802879333496,0.80018937587738037,10.544192314147949,-5.4671726226806641">
        </Bone>
      </Part>
    </Brick>
    <Brick refID="41" designID="32123">
      <Part refID="41" designID="32123" materials="194">
        <Bone refID="41" transformation="-3.4281569242011756E-005,-0.94745784997940063,-0.31988105177879333,0.0001021929201669991,-0.31988102197647095,0.94745784997940063,-1,0,0.00010782942990772426,0.00017249584197998047,8.9003076553344727,-5.5999135971069336">
        </Bone>
      </Part>
    </Brick>
    <Brick refID="42" designID="6141">
      <Part refID="42" designID="6141" materials="1">
        <Bone refID="42" transformation="1,0,0,0,1,0,0,0,1,8.4010791778564453,6.399928092956543,2.7968771457672119">
        </Bone>
      </Part>
    </Brick>
    <Brick refID="43" designID="4085">
      <Part refID="43" designID="4085" materials="26">
        <Bone refID="43" transformation="-1,0,0,0,1,4.5200944441603497E-005,0,4.5200944441603497E-005,-1,8.4010801315307617,6.7199282646179199,2.7968926429748535">
        </Bone>
      </Part>
    </Brick>
    <Brick refID="44" designID="6141">
      <Part refID="44" designID="6141" materials="1">
        <Bone refID="44" transformation="1,0,0,0,1,0,0,0,1,8.4010791778564453,6.0799283981323242,2.7968630790710449">
        </Bone>
      </Part>
    </Brick>
    <Brick refID="45" designID="6141">
      <Part refID="45" designID="6141" materials="1">
        <Bone refID="45" transformation="1,0,0,0,1,0,0,0,1,8.4010791778564453,5.7599272727966309,2.7968482971191406">
        </Bone>
      </Part>
    </Brick>
    <Brick refID="46" designID="6141">
      <Part refID="46" designID="6141" materials="26">
        <Bone refID="46" transformation="1,0,0,0,1,0,0,0,1,8.4010791778564453,5.4399275779724121,2.7968339920043945">
        </Bone>
      </Part>
    </Brick>
    <Brick refID="47" designID="49668">
      <Part refID="47" designID="49668" materials="26">
        <Bone refID="47" transformation="-0.00010780840239021927,4.520094080362469E-005,-1,0,0.99999994039535522,4.5200944441603497E-005,1,0,-0.00010780840239021927,3.6008191108703613,1.6000365018844604,0.3993687629699707">
        </Bone>
      </Part>
    </Brick>
    <Brick refID="48" designID="63864">
      <Part refID="48" designID="63864" materials="26">
        <Bone refID="48" transformation="1,0,0,0,1.0000001192092896,0,0,0,1,2.0008177757263184,1.9200364351272583,0.39955472946166992">
        </Bone>
      </Part>
    </Brick>
    <Brick refID="49" designID="3005">
      <Part refID="49" designID="3005" materials="26,0" decoration="0">
        <Bone refID="49" transformation="1,0,0,0,1.0000001192092896,0,0,0,1,3.6008186340332031,0.64003634452819824,0.39932441711425781">
        </Bone>
      </Part>
    </Brick>
    <Brick refID="50" designID="3665">
      <Part refID="50" designID="3665" materials="26">
        <Bone refID="50" transformation="0.00010772198584163561,-4.5200948079582304E-005,1,0,1,4.5200944441603497E-005,-1,0,0.00010772198584163561,2.8008198738098145,0.96003597974777222,0.39942502975463867">
        </Bone>
      </Part>
    </Brick>
    <Brick refID="51" designID="3023">
      <Part refID="51" designID="3023" materials="199">
        <Bone refID="51" transformation="1,0,0,0,1.0000001192092896,0,0,0,1,2.8008193969726562,0.32003641128540039,0.39939618110656738">
        </Bone>
      </Part>
    </Brick>
    <Brick refID="52" designID="6141">
      <Part refID="52" designID="6141" materials="26">
        <Bone refID="52" transformation="1,0,0,0,1.0000001192092896,0,0,0,1,2.8008198738098145,0.64003610610961914,0.39941048622131348">
        </Bone>
      </Part>
    </Brick>
    <Brick refID="53" designID="41539">
      <Part refID="53" designID="41539" materials="5">
        <Bone refID="53" transformation="1,0,0,0,1.0000001192092896,0,0,0,1,2.8009061813354492,0,1.1993813514709473">
        </Bone>
      </Part>
    </Brick>
    <Brick refID="54" designID="3685">
      <Part refID="54" designID="3685" materials="194">
        <Bone refID="54" transformation="-0.00010780839511426166,4.5200944441603497E-005,-1,0,1,4.5200948079582304E-005,1,0,-0.00010780839511426166,7.6003880500793457,3.2002174854278564,-3.6009914875030518">
        </Bone>
      </Part>
    </Brick>
    <Brick refID="55" designID="3005">
      <Part refID="55" designID="3005" materials="194,0" decoration="0">
        <Bone refID="55" transformation="1,0,0,0,1.0000002384185791,0,0,0,1,8.4003868103027344,2.2402172088623047,-3.601121187210083">
        </Bone>
      </Part>
    </Brick>
    <Brick refID="56" designID="3005">
      <Part refID="56" designID="3005" materials="194,0" decoration="0">
        <Bone refID="56" transformation="1,0,0,0,1.0000002384185791,0,0,0,1,8.4003868103027344,1.2802165746688843,-3.6011645793914795">
        </Bone>
      </Part>
    </Brick>
    <Brick refID="57" designID="3622">
      <Part refID="57" designID="3622" materials="26">
        <Bone refID="57" transformation="0.000107721978565678,-4.5200951717561111E-005,1,0,1.0000001192092896,4.5200948079582304E-005,-1,0,0.000107721978565678,8.4003868103027344,0.32021695375442505,-3.601207971572876">
        </Bone>
      </Part>
    </Brick>
    <Brick refID="58" designID="60481">
      <Part refID="58" designID="60481" materials="194">
        <Bone refID="58" transformation="1,0,0,0,1.0000001192092896,0,0,0,1,8.4004745483398437,1.2801811695098877,-2.8011643886566162">
        </Bone>
      </Part>
    </Brick>
    <Brick refID="59" designID="60481">
      <Part refID="59" designID="60481" materials="194">
        <Bone refID="59" transformation="1,0,0,0,1.0000001192092896,0,0,0,1,6.0004763603210449,1.280180811882019,-2.8009064197540283">
        </Bone>
      </Part>
    </Brick>
    <Brick refID="60" designID="3622">
      <Part refID="60" designID="3622" materials="26">
        <Bone refID="60" transformation="0.00010772198584163561,-4.5200948079582304E-005,1,0,1,4.5200944441603497E-005,-1,0,0.00010772198584163561,6.0003857612609863,0.32021716237068176,-3.6009500026702881">
        </Bone>
      </Part>
    </Brick>
    <Brick refID="61" designID="2555">
      <Part refID="61" designID="2555" materials="26">
        <Bone refID="61" transformation="1,0,0,0,1.0000001192092896,0,0,0,1,7.6003880500793457,0.32021704316139221,-3.6011216640472412">
        </Bone>
      </Part>
    </Brick>
    <Brick refID="62" designID="3685">
      <Part refID="62" designID="3685" materials="194">
        <Bone refID="62" transformation="1,0,0,0,1.0000001192092896,0,0,0,1,6.8003888130187988,3.2002174854278564,-3.6009061336517334">
        </Bone>
      </Part>
    </Brick>
    <Brick refID="63" designID="3005">
      <Part refID="63" designID="3005" materials="194,0" decoration="0">
        <Bone refID="63" transformation="1,0,0,0,1.0000001192092896,0,0,0,1,6.0003876686096191,2.2402172088623047,-3.6008622646331787">
        </Bone>
      </Part>
    </Brick>
    <Brick refID="64" designID="3005">
      <Part refID="64" designID="3005" materials="194,0" decoration="0">
        <Bone refID="64" transformation="1,0,0,0,1.0000001192092896,0,0,0,1,6.0003876686096191,1.2802168130874634,-3.6009056568145752">
        </Bone>
      </Part>
    </Brick>
    <Brick refID="65" designID="2921">
      <Part refID="65" designID="2921" materials="192">
        <Bone refID="65" transformation="1,0,0,0,1.0000002384185791,0,0,0,1,8.400904655456543,6.0800018310546875,1.1990525722503662">
        </Bone>
      </Part>
    </Brick>
    <Brick refID="66" designID="43888">
      <Part refID="66" designID="43888" materials="192">
        <Bone refID="66" transformation="1,0,0,0,1.0000002384185791,0,0,0,1,8.4009056091308594,0.32000035047531128,1.1987922191619873">
        </Bone>
      </Part>
    </Brick>
    <Brick refID="67" designID="50304">
      <Part refID="67" designID="50304" materials="199">
        <Bone refID="67" transformation="-0.00010780838783830404,4.5200948079582304E-005,-1,0,1.0000001192092896,4.5200948079582304E-005,1,0,-0.00010780838783830404,8.4009056091308594,7.0400023460388184,1.1990959644317627">
        </Bone>
      </Part>
    </Brick>
    <Brick refID="68" designID="3660">
      <Part refID="68" designID="3660" materials="199">
        <Bone refID="68" transformation="-0.00010780838783830404,4.5200948079582304E-005,-1,0,1.0000001192092896,4.5200948079582304E-005,1,0,-0.00010780838783830404,8.4003887176513672,7.3602190017700195,-3.6008908748626709">
        </Bone>
      </Part>
    </Brick>
    <Brick refID="69" designID="61780">
      <Part refID="69" designID="61780" materials="199">
        <Bone refID="69" transformation="1,0,0,0,1.0000002384185791,0,0,0,1,8.4003887176513672,9.2802219390869141,-3.6008036136627197">
        </Bone>
      </Part>
    </Brick>
    <Brick refID="70" designID="3004">
      <Part refID="70" designID="3004" materials="194,0,0,0" decoration="0,0,0">
        <Bone refID="70" transformation="0.000107721978565678,-4.5200948079582304E-005,1,0,1.0000001192092896,4.5200948079582304E-005,-1,0,0.000107721978565678,9.2003040313720703,8.3202543258666992,-4.4009332656860352">
        </Bone>
      </Part>
    </Brick>
    <Brick refID="71" designID="3039">
      <Part refID="71" designID="3039" materials="199,0" decoration="0">
        <Bone refID="71" transformation="0.000107721978565678,-4.5200948079582304E-005,1,0,1.0000001192092896,4.5200948079582304E-005,-1,0,0.000107721978565678,8.4003028869628906,8.3202552795410156,-4.4008474349975586">
        </Bone>
      </Part>
    </Brick>
    <Brick refID="72" designID="3004">
      <Part refID="72" designID="3004" materials="194,0,0,0" decoration="0,0,0">
        <Bone refID="72" transformation="0.000107721978565678,-4.5200948079582304E-005,1,0,1.0000001192092896,4.5200948079582304E-005,-1,0,0.000107721978565678,7.6003031730651855,7.3602557182312012,-4.4008045196533203">
        </Bone>
      </Part>
    </Brick>
    <Brick refID="73" designID="3004">
      <Part refID="73" designID="3004" materials="194,0,0,0" decoration="0,0,0">
        <Bone refID="73" transformation="1,0,0,0,1.0000002384185791,0,0,0,1,6.8003888130187988,6.0802178382873535,-3.6007754802703857">
        </Bone>
      </Part>
    </Brick>
    <Brick refID="74" designID="2454">
      <Part refID="74" designID="2454" materials="21">
        <Bone refID="74" transformation="1,0,0,0,1.0000001192092896,0,0,0,1,7.6003031730651855,2.2402546405792236,-4.4010343551635742">
        </Bone>
      </Part>
    </Brick>
    <Brick refID="75" designID="3622">
      <Part refID="75" designID="3622" materials="26">
        <Bone refID="75" transformation="-1,0,0,0,1,4.5200929889688268E-005,0,4.5200926251709461E-005,-1,8.4003019332885742,1.2802542448043823,-4.4011640548706055">
        </Bone>
      </Part>
    </Brick>
    <Brick refID="76" designID="3010">
      <Part refID="76" designID="3010" materials="26">
        <Bone refID="76" transformation="1,0,0,0,1.0000001192092896,0,0,0,1,6.000302791595459,0.32025402784347534,-4.4009494781494141">
        </Bone>
      </Part>
    </Brick>
    <Brick refID="77" designID="3010">
      <Part refID="77" designID="3010" materials="26">
        <Bone refID="77" transformation="0.00010772198584163561,-4.5200948079582304E-005,1,0,1,4.5200944441603497E-005,-1,0,0.00010772198584163561,5.200129508972168,0.32032525539398193,-6.0008630752563477">
        </Bone>
      </Part>
    </Brick>
    <Brick refID="78" designID="3034">
      <Part refID="78" designID="3034" materials="5">
        <Bone refID="78" transformation="1,0,0,0,1.0000001192092896,0,0,0,1,-0.39978349208831787,0.00028933494468219578,-5.2002735137939453">
        </Bone>
      </Part>
    </Brick>
    <Brick refID="79" designID="4477">
      <Part refID="79" designID="4477" materials="192">
        <Bone refID="79" transformation="1,0,0,0,1.0000001192092896,0,0,0,1,-1.1996986865997314,7.0402536392211914,-4.3998708724975586">
        </Bone>
      </Part>
    </Brick>
    <Brick refID="80" designID="87079">
      <Part refID="80" designID="87079" materials="26">
        <Bone refID="80" transformation="1,0,0,0,1.0000001192092896,0,0,0,1,1.2003012895584106,7.3602533340454102,-4.400115966796875">
        </Bone>
      </Part>
    </Brick>
    <Brick refID="81" designID="30136">
      <Part refID="81" designID="30136" materials="192">
        <Bone refID="81" transformation="-1,0,0,0,1,4.5200926251709461E-005,0,4.5200929889688268E-005,-1,4.4001307487487793,6.0803251266479492,-6.0005168914794922">
        </Bone>
      </Part>
    </Brick>
    <Brick refID="82" designID="3034">
      <Part refID="82" designID="3034" materials="26">
        <Bone refID="82" transformation="1,0,0,0,1.0000001192092896,0,0,0,1,-0.39978337287902832,7.0402889251708984,-5.1999549865722656">
        </Bone>
      </Part>
    </Brick>
    <Brick refID="83" designID="32530">
      <Part refID="83" designID="32530" materials="26">
        <Bone refID="83" transformation="0.00010772198584163561,-4.5200948079582304E-005,1,0,1,4.5200944441603497E-005,-1,0,0.00010772198584163561,5.2001299858093262,7.6803255081176758,-6.0005311965942383">
        </Bone>
      </Part>
    </Brick>
    <Brick refID="84" designID="3623">
      <Part refID="84" designID="3623" materials="192">
        <Bone refID="84" transformation="0.00010772198584163561,-4.5200948079582304E-005,1,0,1,4.5200944441603497E-005,-1,0,0.00010772198584163561,5.2001299858093262,7.3603239059448242,-6.0005464553833008">
        </Bone>
      </Part>
    </Brick>
    <Brick refID="85" designID="30136">
      <Part refID="85" designID="30136" materials="192">
        <Bone refID="85" transformation="0.00010772198584163561,-4.5200948079582304E-005,1,0,1,4.5200944441603497E-005,-1,0,0.00010772198584163561,4.4001302719116211,7.3603248596191406,-6.0004596710205078">
        </Bone>
      </Part>
    </Brick>
    <Brick refID="86" designID="30136">
      <Part refID="86" designID="30136" materials="192">
        <Bone refID="86" transformation="0.00010772198584163561,-4.5200948079582304E-005,1,0,1,4.5200944441603497E-005,-1,0,0.00010772198584163561,0.40012943744659424,7.3603253364562988,-6.0000286102294922">
        </Bone>
      </Part>
    </Brick>
    <Brick refID="87" designID="30137">
      <Part refID="87" designID="30137" materials="192">
        <Bone refID="87" transformation="1,0,0,0,1.0000001192092896,0,0,0,1,2.0001306533813477,5.1203246116638184,-6.000300407409668">
        </Bone>
      </Part>
    </Brick>
    <Brick refID="88" designID="3005">
      <Part refID="88" designID="3005" materials="199,0" decoration="0">
        <Bone refID="88" transformation="1,0,0,0,1.0000001192092896,0,0,0,1,4.4001293182373047,4.1603250503540039,-6.0006017684936523">
        </Bone>
      </Part>
    </Brick>
    <Brick refID="89" designID="32530">
      <Part refID="89" designID="32530" materials="26">
        <Bone refID="89" transformation="0.00010772198584163561,-4.5200948079582304E-005,1,0,1,4.5200944441603497E-005,-1,0,0.00010772198584163561,-0.39987194538116455,7.6803255081176758,-5.9999284744262695">
        </Bone>
      </Part>
    </Brick>
    <Brick refID="90" designID="3623">
      <Part refID="90" designID="3623" materials="192">
        <Bone refID="90" transformation="0.00010772198584163561,-4.5200948079582304E-005,1,0,1,4.5200944441603497E-005,-1,0,0.00010772198584163561,-0.39986979961395264,7.3603253364562988,-5.999943733215332">
        </Bone>
      </Part>
    </Brick>
    <Brick refID="91" designID="30137">
      <Part refID="91" designID="30137" materials="192">
        <Bone refID="91" transformation="1,0,0,0,1.0000001192092896,0,0,0,1,0.40012991428375244,6.0803251266479492,-6.0000839233398437">
        </Bone>
      </Part>
    </Brick>
    <Brick refID="92" designID="2555">
      <Part refID="92" designID="2555" materials="26">
        <Bone refID="92" transformation="0.99999994039535522,0,-0.00010777035640785471,0.00010777035640785471,-4.5221131586004049E-005,1,0,-1,-4.5221127948025241E-005,3.6001729965209961,4.7203068733215332,-5.600489616394043">
        </Bone>
      </Part>
    </Brick>
    <Brick refID="93" designID="30414">
      <Part refID="93" designID="30414" materials="192">
        <Bone refID="93" transformation="1.0000001192092896,0,0,0,1.0000001192092896,0,0,0,1,1.200130820274353,4.1603240966796875,-6.0002574920654297">
        </Bone>
      </Part>
    </Brick>
    <Brick refID="94" designID="2555">
      <Part refID="94" designID="2555" materials="26">
        <Bone refID="94" transformation="0.99999994039535522,0,-0.00010777035640785471,0.00010777035640785471,-4.5221131586004049E-005,1,0,-1,-4.5221127948025241E-005,2.8001737594604492,4.7203059196472168,-5.6004037857055664">
        </Bone>
      </Part>
    </Brick>
    <Brick refID="95" designID="2555">
      <Part refID="95" designID="2555" materials="26">
        <Bone refID="95" transformation="0.99999994039535522,0,-0.00010777034913189709,0.00010777034913189709,-4.5221131586004049E-005,1,0,-1,-4.5221127948025241E-005,2.0001721382141113,4.7203059196472168,-5.6003189086914062">
        </Bone>
      </Part>
    </Brick>
    <Brick refID="96" designID="2555">
      <Part refID="96" designID="2555" materials="26">
        <Bone refID="96" transformation="0.99999994039535522,0,-0.00010777034913189709,0.00010777034913189709,-4.5221131586004049E-005,1,0,-1,-4.5221127948025241E-005,1.2001732587814331,4.7203068733215332,-5.6002330780029297">
        </Bone>
      </Part>
    </Brick>
    <Brick refID="97" designID="30137">
      <Part refID="97" designID="30137" materials="192">
        <Bone refID="97" transformation="1,0,0,0,1.0000001192092896,0,0,0,1,2.0001301765441895,3.2003252506256104,-6.0003890991210937">
        </Bone>
      </Part>
    </Brick>
    <Brick refID="98" designID="30136">
      <Part refID="98" designID="30136" materials="192">
        <Bone refID="98" transformation="-1,0,0,0,1,4.5200926251709461E-005,0,4.5200929889688268E-005,-1,4.4001302719116211,2.2403244972229004,-6.0006895065307617">
        </Bone>
      </Part>
    </Brick>
    <Brick refID="99" designID="30136">
      <Part refID="99" designID="30136" materials="192">
        <Bone refID="99" transformation="-1,0,0,0,1,4.5200933527667075E-005,0,4.5200937165645882E-005,-1,1.2001303434371948,5.1203250885009766,-6.000213623046875">
        </Bone>
      </Part>
    </Brick>
    <Brick refID="100" designID="3005">
      <Part refID="100" designID="3005" materials="199,0" decoration="0">
        <Bone refID="100" transformation="1,0,0,0,1.0000001192092896,0,0,0,1,0.40013015270233154,4.1603250503540039,-6.0001707077026367">
        </Bone>
      </Part>
    </Brick>
    <Brick refID="101" designID="30137">
      <Part refID="101" designID="30137" materials="192">
        <Bone refID="101" transformation="1,0,0,0,1.0000001192092896,0,0,0,1,2.0001306533813477,1.2803245782852173,-6.0004758834838867">
        </Bone>
      </Part>
    </Brick>
    <Brick refID="102" designID="30136">
      <Part refID="102" designID="30136" materials="192">
        <Bone refID="102" transformation="-1,0,0,0,1,4.5200926251709461E-005,0,4.5200929889688268E-005,-1,1.2001301050186157,3.2003252506256104,-6.0003023147583008">
        </Bone>
      </Part>
    </Brick>
    <Brick refID="103" designID="30137">
      <Part refID="103" designID="30137" materials="192">
        <Bone refID="103" transformation="1,0,0,0,1.0000001192092896,0,0,0,1,0.40013015270233154,2.2403244972229004,-6.0002584457397461">
        </Bone>
      </Part>
    </Brick>
    <Brick refID="104" designID="3009">
      <Part refID="104" designID="3009" materials="26">
        <Bone refID="104" transformation="1,0,0,0,1.0000001192092896,0,0,0,1,0.40013015270233154,0.32032448053359985,-6.0003452301025391">
        </Bone>
      </Part>
    </Brick>
    <Brick refID="105" designID="30136">
      <Part refID="105" designID="30136" materials="192">
        <Bone refID="105" transformation="-1,0,0,0,1,4.5200944441603497E-005,0,4.5200948079582304E-005,-1,1.2001315355300903,1.280325174331665,-6.0003881454467773">
        </Bone>
      </Part>
    </Brick>
    <Brick refID="106" designID="3010">
      <Part refID="106" designID="3010" materials="26">
        <Bone refID="106" transformation="0.00010772198584163561,-4.5200948079582304E-005,1,0,1,4.5200944441603497E-005,-1,0,0.00010772198584163561,-0.39986908435821533,0.32032540440559387,-6.0002603530883789">
        </Bone>
      </Part>
    </Brick>
    <Brick refID="107" designID="41539">
      <Part refID="107" designID="41539" materials="5">
        <Bone refID="107" transformation="1,0,0,0,1.0000001192092896,0,0,0,1,-3.5990943908691406,0,1.2000713348388672">
        </Bone>
      </Part>
    </Brick>
    <Brick refID="108" designID="2357">
      <Part refID="108" designID="2357" materials="192">
        <Bone refID="108" transformation="-0.00010768918582471088,4.5200944441603497E-005,-1,0,1,4.5200944441603497E-005,1,0,-0.00010768918582471088,-3.5990943908691406,0.31999993324279785,1.2000861167907715">
        </Bone>
      </Part>
    </Brick>
    <Brick refID="109" designID="4623">
      <Part refID="109" designID="4623" materials="199">
        <Bone refID="109" transformation="1,0,0,0,1.0000001192092896,0,0,0,1,-1.1992659568786621,0.32007226347923279,-0.40017271041870117">
        </Bone>
      </Part>
    </Brick>
    <Brick refID="110" designID="2921">
      <Part refID="110" designID="2921" materials="192">
        <Bone refID="110" transformation="1,0,0,0,1.0000001192092896,0,0,0,1,-3.5990946292877197,6.0800008773803711,1.2003450393676758">
        </Bone>
      </Part>
    </Brick>
    <Brick refID="111" designID="3040">
      <Part refID="111" designID="3040" materials="192,0" decoration="0">
        <Bone refID="111" transformation="-0.00010780839511426166,4.5200944441603497E-005,-1,0,1,4.5200948079582304E-005,1,0,-0.00010780839511426166,-3.5990993976593018,5.119999885559082,1.2003018856048584">
        </Bone>
      </Part>
    </Brick>
    <Brick refID="112" designID="50305">
      <Part refID="112" designID="50305" materials="199">
        <Bone refID="112" transformation="-0.00010780839511426166,4.5200944441603497E-005,-1,0,1,4.5200948079582304E-005,1,0,-0.00010780839511426166,-3.5990993976593018,7.040001392364502,1.2003881931304932">
        </Bone>
      </Part>
    </Brick>
    <Brick refID="113" designID="2454">
      <Part refID="113" designID="2454" materials="21">
