<?xml version="1.0" encoding="UTF-8" standalone="no" ?>
<LXFML versionMajor="5" versionMinor="0">
  <Meta>
    <Application name="CCOP" versionMajor="0" versionMinor="0"/>
    <Brand name="LEGOUniverse"/>
    <BrickSet version="228"/>
  </Meta>
  <Bricks>
    <Brick refID="0" designID="4495">
      <Part refID="0" designID="4495" materials="21">
        <Bone refID="0" transformation="-0.00032519613159820437,0.0012593083083629608,-0.99999910593032837,0.039618160575628281,0.9992140531539917,0.0012454371899366379,0.99921482801437378,-0.039617720991373062,-0.00037483207415789366,-1.0899481773376465,3.635718822479248,-1.7182763814926147">
        </Bone>
      </Part>
    </Brick>
    <Brick refID="1" designID="43719">
      <Part refID="1" designID="43719" materials="24">
        <Bone refID="1" transformation="0.0003251649031881243,-0.001259308191947639,0.99999916553497314,0.039618164300918579,0.99921411275863647,0.0012454364914447069,-0.99921488761901855,0.039617724716663361,0.00037480081664398313,-1.190329909324646,1.073701024055481,1.4785325527191162">
        </Bone>
      </Part>
    </Brick>
    <Brick refID="2" designID="43713">
      <Part refID="2" designID="43713" materials="1">
        <Bone refID="2" transformation="0.00032516487408429384,-0.0012593069113790989,0.99999916553497314,0.039618160575628281,0.99921411275863647,0.0012454376555979252,-0.99921488761901855,0.039617724716663361,0.00037480078754015267,-0.42951208353042603,0.084776401519775391,-0.12296135723590851">
        </Bone>
      </Part>
    </Brick>
    <Brick refID="3" designID="30602">
      <Part refID="3" designID="30602" materials="23">
        <Bone refID="3" transformation="0.99921464920043945,-0.039620775729417801,-0.00037489080568775535,0.039621211588382721,0.99921393394470215,0.0012455310206860304,0.0003252472379244864,-0.0012594065628945827,0.99999910593032837,-0.37749996781349182,1.358733057975769,3.878629207611084">
        </Bone>
      </Part>
    </Brick>
    <Brick refID="4" designID="30602">
      <Part refID="4" designID="30602" materials="23">
        <Bone refID="4" transformation="-0.999214768409729,0.039617724716663361,2.4767725335550494E-005,0.039617728441953659,0.99921435117721558,0.0012454331154003739,2.4592920453869738E-005,0.0012454364914447069,-0.99999916553497314,0.39469501376152039,0.69459408521652222,-1.72246253490448">
        </Bone>
      </Part>
    </Brick>
    <Brick refID="5" designID="3795">
      <Part refID="5" designID="3795" materials="23">
        <Bone refID="5" transformation="0.0003250456356909126,-0.0012593084247782826,0.99999910593032837,0.039618164300918579,0.99921411275863647,0.0012454437091946602,-0.999214768409729,0.039617720991373062,0.00037468166556209326,-0.41735443472862244,0.40653979778289795,-1.722561240196228">
        </Bone>
      </Part>
    </Brick>
    <Brick refID="6" designID="4871">
      <Part refID="6" designID="4871" materials="1">
        <Bone refID="6" transformation="0.0003250456356909126,-0.0012593076098710299,0.99999910593032837,0.039618160575628281,0.9992140531539917,0.0012454406823962927,-0.99921482801437378,0.039617720991373062,0.0003746816364582628,-0.43003237247467041,0.086791351437568665,-1.7229599952697754">
        </Bone>
      </Part>
    </Brick>
    <Brick refID="7" designID="6141">
      <Part refID="7" designID="6141" materials="21">
        <Bone refID="7" transformation="0.00032516487408429384,-0.0012593069113790989,0.99999916553497314,0.039618160575628281,0.99921411275863647,0.0012454376555979252,-0.99921488761901855,0.039617724716663361,0.00037480078754015267,1.2067444324493408,0.98264831304550171,-1.722364068031311">
        </Bone>
      </Part>
    </Brick>
    <Brick refID="8" designID="3957">
      <Part refID="8" designID="3957" materials="1">
        <Bone refID="8" transformation="0.0003250456356909126,-0.0012593076098710299,0.99999910593032837,0.039618160575628281,0.9992140531539917,0.0012454406823962927,-0.99921482801437378,0.039617720991373062,0.0003746816364582628,-1.1913704872131348,1.0777308940887451,-1.7214648723602295">
        </Bone>
      </Part>
    </Brick>
    <Brick refID="9" designID="3070">
      <Part refID="9" designID="3070" materials="24">
        <Bone refID="9" transformation="0.00032516487408429384,-0.0012593069113790989,0.99999916553497314,0.039618160575628281,0.99921411275863647,0.0012454376555979252,-0.99921488761901855,0.039617724716663361,0.00037480078754015267,1.2075250148773193,0.97962599992752075,0.67763364315032959">
        </Bone>
      </Part>
    </Brick>
    <Brick refID="10" designID="3070">
      <Part refID="10" designID="3070" materials="24">
        <Bone refID="10" transformation="0.00032516487408429384,-0.0012593069113790989,0.99999916553497314,0.039618160575628281,0.99921411275863647,0.0012454376555979252,-0.99921488761901855,0.039617724716663361,0.00037480078754015267,-1.1905901432037354,1.0747085809707642,0.67853331565856934">
        </Bone>
      </Part>
    </Brick>
    <Brick refID="11" designID="3039">
      <Part refID="11" designID="3039" materials="23,0" decoration="0">
        <Bone refID="11" transformation="-0.999214768409729,0.039617724716663361,2.4767725335550494E-005,0.039617728441953659,0.99921435117721558,0.0012454331154003739,2.4592920453869738E-005,0.0012454364914447069,-0.99999916553497314,0.39599591493606567,0.68955683708190918,2.2775335311889648">
        </Bone>
      </Part>
    </Brick>
    <Brick refID="12" designID="3794">
      <Part refID="12" designID="3794" materials="24">
        <Bone refID="12" transformation="-0.999214768409729,0.039617724716663361,2.4767725335550494E-005,0.039617728441953659,0.99921435117721558,0.0012454331154003739,2.4592920453869738E-005,0.0012454364914447069,-0.99999916553497314,0.43402934074401855,1.6488022804260254,2.2787292003631592">
        </Bone>
      </Part>
    </Brick>
    <Brick refID="13" designID="2555">
      <Part refID="13" designID="2555" materials="199">
        <Bone refID="13" transformation="-0.00032519610249437392,0.0012593076098710299,-0.99999910593032837,0.039618160575628281,0.99921411275863647,0.0012454340467229486,0.99921482801437378,-0.039617720991373062,-0.00037483195774257183,0.047021213918924332,1.9843978881835937,2.2792775630950928">
        </Bone>
      </Part>
    </Brick>
    <Brick refID="14" designID="2412">
      <Part refID="14" designID="2412" materials="199">
        <Bone refID="14" transformation="0.00032516487408429384,-0.0012593069113790989,0.99999916553497314,0.039618160575628281,0.99921411275863647,0.0012454376555979252,-0.99921488761901855,0.039617724716663361,0.00037480078754015267,1.2070045471191406,0.98164093494415283,-0.92236506938934326">
        </Bone>
      </Part>
    </Brick>
    <Brick refID="15" designID="2412">
      <Part refID="15" designID="2412" materials="199">
        <Bone refID="15" transformation="0.00032516487408429384,-0.0012593069113790989,0.99999916553497314,0.039618160575628281,0.99921411275863647,0.0012454376555979252,-0.99921488761901855,0.039617724716663361,0.00037480078754015267,-1.1911104917526245,1.0767234563827515,-0.92146503925323486">
        </Bone>
      </Part>
    </Brick>
    <Brick refID="16" designID="30031">
      <Part refID="16" designID="30031" materials="26">
        <Bone refID="16" transformation="0.99921482801437378,-0.039617728441953659,-0.00037486001383513212,0.036477953195571899,0.92363536357879639,-0.38153254985809326,0.015461687929928303,0.38121932744979858,0.92435532808303833,0.070000000298023224,2.5639419555664062,2.2799999713897705">
        </Bone>
      </Part>
    </Brick>
  </Bricks>
  <RigidSystems>
    <RigidSystem>
      <Rigid refID="0" transformation="-0.00032519613159820437,0.0012593083083629608,-0.99999910593032837,0.039618160575628281,0.9992140531539917,0.0012454371899366379,0.99921482801437378,-0.039617720991373062,-0.00037483207415789366,-1.0899481773376465,3.6017768383026123,-1.7182763814926147" boneRefs="0"/>
      <Rigid refID="1" transformation="0.0003251649031881243,-0.001259308191947639,0.99999916553497314,0.039618164300918579,0.99921411275863647,0.0012454364914447069,-0.99921488761901855,0.039617724716663361,0.00037480081664398313,-1.190329909324646,1.0397589206695557,1.4785325527191162" boneRefs="1,2,3,4,5,6,7,8,9,10,11,12,13,14,15"/>
      <Rigid refID="2" transformation="0.99921482801437378,-0.039617728441953659,-0.00037486001383513212,0.036477953195571899,0.92363536357879639,-0.38153254985809326,0.015461687929928303,0.38121932744979858,0.92435532808303833,0.070000000298023224,2.5299999713897705,2.2799999713897705" boneRefs="16"/>
      <Joint type="hinge">
        <RigidRef rigidRef="1" a="0,-0.99999988079071045,0" z="0.99999994039535522,0,0" t="-3.2000000476837158,0.50000005960464478,0"/>
        <RigidRef rigidRef="0" a="0,-0.99999994039535522,0" z="-1,0,0" t="0,-2.059999942779541,0"/>
      </Joint>
      <Joint type="hinge">
        <RigidRef rigidRef="2" a="1.0000001192092896,0,0" z="0,0,-1" t="0.16500000655651093,0,0"/>
        <RigidRef rigidRef="1" a="0,0,-1" z="-0.92387956380844116,-0.38268360495567322,0" t="0.80000001192092896,1.5400000810623169,-1.3649998903274536"/>
      </Joint>
    </RigidSystem>
  </RigidSystems>
  <GroupSystems>
    <GroupSystem>
    </GroupSystem>
  </GroupSystems>
</LXFML>
