<?xml version="1.0" encoding="UTF-8" standalone="no" ?>
<LXFML versionMajor="5" versionMinor="0">
  <Meta>
    <Application name="LEGO Universe" versionMajor="0" versionMinor="0"/>
    <Brand name="LEGOUniverse"/>
    <BrickSet version="330"/>
  </Meta>
  <Bricks>
    <Brick refID="0" designID="3023">
      <Part refID="0" designID="3023" materials="26">
        <Bone refID="0" transformation="0,-0.16546659171581268,-0.98621541261672974,0,0.98621553182601929,-0.16546659171581268,1,0,0,0,2.2753100395202637,-2.3116550445556641">
        </Bone>
      </Part>
    </Brick>
    <Brick refID="1" designID="3794">
      <Part refID="1" designID="3794" materials="26">
        <Bone refID="1" transformation="1,0,0,0,0.98621493577957153,-0.16546933352947235,0,0.16546933352947235,0.98621493577957153,-0.40000057220458984,1.0129549503326416,-2.099858283996582">
        </Bone>
      </Part>
    </Brick>
    <Brick refID="2" designID="4855">
      <Part refID="2" designID="4855" materials="26">
        <Bone refID="2" transformation="0,-0.16546659171581268,-0.98621541261672974,0,0.98621553182601929,-0.16546659171581268,1,0,0,0.39999961853027344,0.46330812573432922,0.42590582370758057">
        </Bone>
      </Part>
    </Brick>
    <Brick refID="3" designID="3794">
      <Part refID="3" designID="3794" materials="26">
        <Bone refID="3" transformation="1,0,0,0,0.98621493577957153,-0.16546933352947235,0,0.16546933352947235,0.98621493577957153,-0.40000057220458984,1.145328164100647,-1.3108857870101929">
        </Bone>
      </Part>
    </Brick>
    <Brick refID="4" designID="2823">
      <Part refID="4" designID="2823" materials="1">
        <Bone refID="4" transformation="0,-0.16546659171581268,-0.98621541261672974,0,0.98621553182601929,-0.16546659171581268,1,0,0,0,1.4609169960021973,-1.3638352155685425">
        </Bone>
      </Part>
    </Brick>
    <Brick refID="5" designID="50746">
      <Part refID="5" designID="50746" materials="1">
        <Bone refID="5" transformation="1,0,0,0,0.98621493577957153,-0.16546933352947235,0,0.16546933352947235,0.98621493577957153,0,2.3568406105041504,0.10820949077606201">
        </Bone>
      </Part>
    </Brick>
    <Brick refID="6" designID="3794">
      <Part refID="6" designID="3794" materials="1">
        <Bone refID="6" transformation="-1,0,0,0,0.98621535301208496,-0.1654665619134903,0,-0.1654665619134903,-0.98621541261672974,0.40000057220458984,2.0412518978118896,0.16115915775299072">
        </Bone>
      </Part>
    </Brick>
    <Brick refID="7" designID="50373">
      <Part refID="7" designID="50373" materials="1">
        <Bone refID="7" transformation="0,-0.16546659171581268,-0.98621541261672974,0,0.98621553182601929,-0.16546659171581268,1,0,0,1.1999998092651367,1.5424478054046631,1.0560297966003418">
        </Bone>
      </Part>
    </Brick>
    <Brick refID="8" designID="3794">
      <Part refID="8" designID="3794" materials="1">
        <Bone refID="8" transformation="-1,0,0,0,0.98621565103530884,-0.16546657681465149,0,-0.1654665619134903,-0.98621541261672974,0.39999961853027344,1.9088783264160156,-0.62781274318695068">
        </Bone>
      </Part>
    </Brick>
    <Brick refID="9" designID="3024">
      <Part refID="9" designID="3024" materials="1">
        <Bone refID="9" transformation="0,-0.16546659171581268,-0.98621541261672974,0,0.98621553182601929,-0.16546659171581268,1,0,0,0,2.2244677543640137,-0.68076193332672119">
        </Bone>
      </Part>
    </Brick>
    <Brick refID="10" designID="3069">
      <Part refID="10" designID="3069" materials="1,0" decoration="0">
        <Bone refID="10" transformation="0,-0.16546659171581268,-0.98621541261672974,0,0.98621553182601929,-0.16546659171581268,1,0,0,0,2.5400934219360352,-0.73349130153656006">
        </Bone>
      </Part>
    </Brick>
    <Brick refID="11" designID="4871">
      <Part refID="11" designID="4871" materials="1">
        <Bone refID="11" transformation="0,-0.16546659171581268,-0.98621541261672974,0,0.98621553182601929,-0.16546659171581268,1,0,0,0.39999961853027344,0.72805416584014893,2.0038495063781738">
        </Bone>
      </Part>
    </Brick>
    <Brick refID="12" designID="3023">
      <Part refID="12" designID="3023" materials="26">
        <Bone refID="12" transformation="0,0.16546659171581268,0.98621541261672974,0,0.98621553182601929,-0.16546659171581268,-1,0,0,-1.2000000476837158,1.674821138381958,1.8450016975402832">
        </Bone>
      </Part>
    </Brick>
    <Brick refID="13" designID="3023">
      <Part refID="13" designID="3023" materials="26">
        <Bone refID="13" transformation="0,0.16546659171581268,0.98621541261672974,0,0.98621553182601929,-0.16546659171581268,-1,0,0,-1.2000000476837158,1.9904099702835083,1.792052149772644">
        </Bone>
      </Part>
    </Brick>
    <Brick refID="14" designID="3070">
      <Part refID="14" designID="3070" materials="26,0" decoration="0">
        <Bone refID="14" transformation="0,-0.16546659171581268,-0.98621541261672974,0,0.98621553182601929,-0.16546659171581268,1,0,0,-1.2000010013580322,2.3059985637664795,1.7391031980514526">
        </Bone>
      </Part>
    </Brick>
    <Brick refID="15" designID="4871">
      <Part refID="15" designID="4871" materials="26">
        <Bone refID="15" transformation="0,-0.16546659171581268,-0.98621541261672974,0,0.98621553182601929,-0.16546659171581268,1,0,0,0.40000057220458984,0.99280112981796265,3.5817937850952148">
        </Bone>
      </Part>
    </Brick>
    <Brick refID="16" designID="3023">
      <Part refID="16" designID="3023" materials="1">
        <Bone refID="16" transformation="0,0.16546659171581268,0.98621541261672974,0,0.98621553182601929,-0.16546659171581268,-1,0,0,-1.1999986171722412,1.9395675659179687,3.422945499420166">
        </Bone>
      </Part>
    </Brick>
    <Brick refID="17" designID="3024">
      <Part refID="17" designID="3024" materials="1">
        <Bone refID="17" transformation="0,-0.16546659171581268,-0.98621541261672974,0,0.98621553182601929,-0.16546659171581268,1,0,0,-1.1999995708465576,2.2551562786102295,3.3699955940246582">
        </Bone>
      </Part>
    </Brick>
    <Brick refID="18" designID="4865">
      <Part refID="18" designID="4865" materials="1,0" decoration="0">
        <Bone refID="18" transformation="0,-0.16546659171581268,-0.98621541261672974,0,0.98621553182601929,-0.16546659171581268,1,0,0,-1.1999986171722412,2.5707449913024902,3.3170464038848877">
        </Bone>
      </Part>
    </Brick>
    <Brick refID="19" designID="6019">
      <Part refID="19" designID="6019" materials="26">
        <Bone refID="19" transformation="0,0.16546659171581268,0.98621541261672974,0,0.98621553182601929,-0.16546659171581268,-1,0,0,-1.1999998092651367,2.3875293731689453,4.158968448638916">
        </Bone>
      </Part>
    </Brick>
    <Brick refID="20" designID="3005">
      <Part refID="20" designID="3005" materials="26,0" decoration="0">
        <Bone refID="20" transformation="0,-0.16546659171581268,-0.98621541261672974,0,0.98621553182601929,-0.16546659171581268,1,0,0,-1.2000007629394531,2.7031180858612061,4.1060185432434082">
        </Bone>
      </Part>
    </Brick>
    <Brick refID="21" designID="43713">
      <Part refID="21" designID="43713" materials="1">
        <Bone refID="21" transformation="0,0.16546659171581268,0.98621541261672974,0,0.98621553182601929,-0.16546659171581268,-1,0,0,-0.39999961853027344,1.1251779794692993,4.3707647323608398">
        </Bone>
      </Part>
    </Brick>
    <Brick refID="22" designID="4488">
      <Part refID="22" designID="4488" materials="192">
        <Bone refID="22" transformation="0,-0.16546659171581268,-0.98621541261672974,0,0.98621553182601929,-0.16546659171581268,1,0,0,1.2000002861022949,0.62637358903884888,5.2656350135803223">
        </Bone>
      </Part>
    </Brick>
    <Brick refID="23" designID="3700">
      <Part refID="23" designID="3700" materials="27">
        <Bone refID="23" transformation="1,0,0,0,0.98621493577957153,-0.16546933352947235,0,0.16546933352947235,0.98621493577957153,-0.39999961853027344,2.7338104248046875,8.1567773818969727">
        </Bone>
      </Part>
    </Brick>
    <Brick refID="24" designID="47753">
      <Part refID="24" designID="47753" materials="1">
        <Bone refID="24" transformation="0,0.16546659171581268,0.98621541261672974,0,0.98621553182601929,-0.16546659171581268,-1,0,0,-1.1999986171722412,3.2834568023681641,5.631011962890625">
        </Bone>
      </Part>
    </Brick>
    <Brick refID="25" designID="3660">
      <Part refID="25" designID="3660" materials="1">
        <Bone refID="25" transformation="-1,0,0,0,0.98621535301208496,-0.1654665619134903,0,-0.1654665619134903,-0.98621541261672974,0.40000200271606445,2.9678680896759033,5.683962345123291">
        </Bone>
      </Part>
    </Brick>
    <Brick refID="26" designID="6238">
      <Part refID="26" designID="6238" materials="43">
        <Bone refID="26" transformation="1,0,0,0,0.98621493577957153,-0.16546933352947235,0,0.16546933352947235,0.98621493577957153,-1.1999986171722412,3.7822623252868652,4.7361412048339844">
        </Bone>
      </Part>
    </Brick>
    <Brick refID="27" designID="3005">
      <Part refID="27" designID="3005" materials="26,0" decoration="0">
        <Bone refID="27" transformation="0,-0.16546659171581268,-0.98621541261672974,0,0.98621553182601929,-0.16546659171581268,1,0,0,-1.1999995708465576,2.204317569732666,5.0008893013000488">
        </Bone>
      </Part>
    </Brick>
    <Brick refID="28" designID="50746">
      <Part refID="28" designID="50746" materials="1">
        <Bone refID="28" transformation="0,-0.16546659171581268,-0.98621541261672974,0,0.98621553182601929,-0.16546659171581268,1,0,0,-1.1999998092651367,3.1510839462280273,4.8420414924621582">
        </Bone>
      </Part>
    </Brick>
    <Brick refID="29" designID="3005">
      <Part refID="29" designID="3005" materials="26,0" decoration="0">
        <Bone refID="29" transformation="0,-0.16546659171581268,-0.98621541261672974,0,0.98621553182601929,-0.16546659171581268,1,0,0,1.1999998092651367,2.204317569732666,5.0008893013000488">
        </Bone>
      </Part>
    </Brick>
    <Brick refID="30" designID="50746">
      <Part refID="30" designID="50746" materials="1">
        <Bone refID="30" transformation="0,0.16546659171581268,0.98621541261672974,0,0.98621553182601929,-0.16546659171581268,-1,0,0,1.2000007629394531,3.1510839462280273,4.8420414924621582">
        </Bone>
      </Part>
    </Brick>
    <Brick refID="31" designID="4488">
      <Part refID="31" designID="4488" materials="192">
        <Bone refID="31" transformation="0,0.16546659171581268,0.98621541261672974,0,0.98621553182601929,-0.16546659171581268,-1,0,0,-1.2000007629394531,0.49400037527084351,4.4766635894775391">
        </Bone>
      </Part>
    </Brick>
    <Brick refID="32" designID="3023">
      <Part refID="32" designID="3023" materials="1">
        <Bone refID="32" transformation="0,0.16546659171581268,0.98621541261672974,0,0.98621553182601929,-0.16546659171581268,-1,0,0,1.1999988555908203,1.9395664930343628,3.4229459762573242">
        </Bone>
      </Part>
    </Brick>
    <Brick refID="33" designID="3024">
      <Part refID="33" designID="3024" materials="1">
        <Bone refID="33" transformation="0,-0.16546659171581268,-0.98621541261672974,0,0.98621553182601929,-0.16546659171581268,1,0,0,1.1999979019165039,2.255155086517334,3.3699958324432373">
        </Bone>
      </Part>
    </Brick>
    <Brick refID="34" designID="4865">
      <Part refID="34" designID="4865" materials="1,0" decoration="0">
        <Bone refID="34" transformation="0,0.16546659171581268,0.98621541261672974,0,0.98621553182601929,-0.16546659171581268,-1,0,0,1.1999979019165039,2.4383704662322998,2.5280740261077881">
        </Bone>
      </Part>
    </Brick>
    <Brick refID="35" designID="6019">
      <Part refID="35" designID="6019" materials="26">
        <Bone refID="35" transformation="0,-0.16546659171581268,-0.98621541261672974,0,0.98621553182601929,-0.16546659171581268,1,0,0,1.1999979019165039,2.387528657913208,4.1589679718017578">
        </Bone>
      </Part>
    </Brick>
    <Brick refID="36" designID="3005">
      <Part refID="36" designID="3005" materials="26,0" decoration="0">
        <Bone refID="36" transformation="0,-0.16546659171581268,-0.98621541261672974,0,0.98621553182601929,-0.16546659171581268,1,0,0,1.1999979019165039,2.7031171321868896,4.1060185432434082">
        </Bone>
      </Part>
    </Brick>
    <Brick refID="37" designID="3673">
      <Part refID="37" designID="3673" materials="27">
        <Bone refID="37" transformation="1,0,0,0,0.98621493577957153,-0.16546933352947235,0,0.16546933352947235,0.98621493577957153,0,3.5043747425079346,9.2442646026611328">
        </Bone>
      </Part>
    </Brick>
    <Brick refID="38" designID="50944">
      <Part refID="38" designID="50944" materials="192,26" decoration="0">
        <Bone refID="38" transformation="0,0,1,0,0.99999994039535522,0,-1,0,0,1.6999998092651367,0.9842602014541626,4.7999997138977051">
        </Bone>
      </Part>
    </Brick>
    <Brick refID="39" designID="50951">
      <Part refID="39" designID="50951" materials="26">
        <Bone refID="39" transformation="0,0,1,0,0.99999994039535522,0,-1,0,0,1.7019996643066406,0.9842602014541626,4.7999997138977051">
        </Bone>
      </Part>
    </Brick>
    <Brick refID="40" designID="3023">
      <Part refID="40" designID="3023" materials="1">
        <Bone refID="40" transformation="0,-0.16546659171581268,-0.98621541261672974,0,0.98621553182601929,-0.16546659171581268,1,0,0,-1.199998140335083,4.5966544151306152,3.7883214950561523">
        </Bone>
      </Part>
    </Brick>
    <Brick refID="41" designID="3710">
      <Part refID="41" designID="3710" materials="1">
        <Bone refID="41" transformation="1,0,0,0,0.98621493577957153,-0.16546933352947235,0,0.16546933352947235,0.98621493577957153,-1.2000000476837158,4.7798700332641602,2.946399450302124">
        </Bone>
      </Part>
    </Brick>
    <Brick refID="42" designID="3023">
      <Part refID="42" designID="3023" materials="26">
        <Bone refID="42" transformation="0,-0.16546699404716492,-0.98621547222137451,1.0000001192092896,0,0,0,-0.98621547222137451,0.16546708345413208,8.4799966812133789,5.1489353179931641,3.6956639289855957">
        </Bone>
      </Part>
    </Brick>
    <Brick refID="43" designID="3023">
      <Part refID="43" designID="3023" materials="26">
        <Bone refID="43" transformation="0,-0.16546653211116791,-0.98621535301208496,1,0,0,0,-0.98621529340744019,0.16546653211116791,10.079997062683105,5.281308650970459,4.4846372604370117">
        </Bone>
      </Part>
    </Brick>
    <Brick refID="44" designID="3023">
      <Part refID="44" designID="3023" materials="26">
        <Bone refID="44" transformation="0,-0.1654665470123291,-0.98621547222137451,1.0000001192092896,0,0,0,-0.98621541261672974,0.16546663641929626,9.7599973678588867,5.281308650970459,4.4846372604370117">
        </Bone>
      </Part>
    </Brick>
    <Brick refID="45" designID="3623">
      <Part refID="45" designID="3623" materials="26">
        <Bone refID="45" transformation="0,-0.1654665470123291,-0.98621547222137451,1.0000001192092896,0,0,0,-0.98621541261672974,0.16546663641929626,9.439997673034668,5.281308650970459,4.4846367835998535">
        </Bone>
      </Part>
    </Brick>
    <Brick refID="46" designID="3710">
      <Part refID="46" designID="3710" materials="1">
        <Bone refID="46" transformation="0,-0.1654665470123291,-0.98621547222137451,1.0000001192092896,0,0,0,-0.98621541261672974,0.16546663641929626,9.1199979782104492,5.281308650970459,4.4846367835998535">
        </Bone>
      </Part>
    </Brick>
    <Brick refID="47" designID="3023">
      <Part refID="47" designID="3023" materials="1">
        <Bone refID="47" transformation="0,-0.1654665470123291,-0.98621547222137451,1.0000001192092896,0,0,0,-0.98621541261672974,0.16546663641929626,8.7999982833862305,5.281308650970459,4.4846367835998535">
        </Bone>
      </Part>
    </Brick>
    <Brick refID="48" designID="3024">
      <Part refID="48" designID="3024" materials="1">
        <Bone refID="48" transformation="0,-0.1654665470123291,-0.98621547222137451,1.0000001192092896,0,0,0,-0.98621541261672974,0.16546663641929626,8.4799966812133789,5.281308650970459,4.4846367835998535">
        </Bone>
      </Part>
    </Brick>
    <Brick refID="49" designID="3023">
      <Part refID="49" designID="3023" materials="26">
        <Bone refID="49" transformation="0,-0.1654665470123291,-0.98621547222137451,1.0000001192092896,0,0,0,-0.98621541261672974,0.16546663641929626,8.1599969863891602,5.281308650970459,4.4846367835998535">
        </Bone>
      </Part>
    </Brick>
    <Brick refID="50" designID="3005">
      <Part refID="50" designID="3005" materials="1,0" decoration="0">
        <Bone refID="50" transformation="0,-0.1654665470123291,-0.98621547222137451,1.0000001192092896,0,0,0,-0.98621541261672974,0.16546663641929626,7.1999959945678711,5.2813091278076172,4.4846367835998535">
        </Bone>
      </Part>
    </Brick>
    <Brick refID="51" designID="3623">
      <Part refID="51" designID="3623" materials="26">
        <Bone refID="51" transformation="0,-0.1654665470123291,-0.98621547222137451,1.0000001192092896,0,0,0,-0.98621541261672974,0.16546663641929626,6.8799962997436523,5.2813091278076172,4.4846363067626953">
        </Bone>
      </Part>
    </Brick>
    <Brick refID="52" designID="3623">
      <Part refID="52" designID="3623" materials="26">
        <Bone refID="52" transformation="0,-0.1654665470123291,-0.98621547222137451,1.0000001192092896,0,0,0,-0.98621541261672974,0.16546663641929626,7.1999959945678711,5.1489357948303223,3.6956639289855957">
        </Bone>
      </Part>
    </Brick>
    <Brick refID="53" designID="3023">
      <Part refID="53" designID="3023" materials="1">
        <Bone refID="53" transformation="0,-0.1654665470123291,-0.98621547222137451,1.0000001192092896,0,0,0,-0.98621541261672974,0.16546663641929626,7.5199975967407227,5.1489353179931641,3.6956634521484375">
        </Bone>
      </Part>
    </Brick>
    <Brick refID="54" designID="3623">
      <Part refID="54" designID="3623" materials="1">
        <Bone refID="54" transformation="0,-0.1654665470123291,-0.98621547222137451,1.0000001192092896,0,0,0,-0.98621541261672974,0.16546663641929626,7.8399972915649414,5.1489353179931641,3.6956634521484375">
        </Bone>
      </Part>
    </Brick>
    <Brick refID="55" designID="3024">
      <Part refID="55" designID="3024" materials="26">
        <Bone refID="55" transformation="0,-0.1654665470123291,-0.98621547222137451,1.0000001192092896,0,0,0,-0.98621541261672974,0.16546663641929626,7.5199975967407227,4.8841886520385742,2.1177177429199219">
        </Bone>
      </Part>
    </Brick>
    <Brick refID="56" designID="3023">
      <Part refID="56" designID="3023" materials="1">
        <Bone refID="56" transformation="0,-0.1654665470123291,-0.98621547222137451,1.0000001192092896,0,0,0,-0.98621541261672974,0.16546663641929626,8.1599969863891602,5.0165619850158691,2.906691312789917">
        </Bone>
      </Part>
    </Brick>
    <Brick refID="57" designID="3024">
      <Part refID="57" designID="3024" materials="1">
        <Bone refID="57" transformation="0,-0.16546699404716492,-0.98621553182601929,1.0000001192092896,0,0,0,-0.98621559143066406,0.16546709835529327,8.4799966812133789,4.8841886520385742,2.1177184581756592">
        </Bone>
      </Part>
    </Brick>
    <Brick refID="58" designID="3023">
      <Part refID="58" designID="3023" materials="26">
        <Bone refID="58" transformation="0,-0.16546699404716492,-0.98621553182601929,1.0000001192092896,0,0,0,-0.98621559143066406,0.16546709835529327,8.7999982833862305,5.0165615081787109,2.9066905975341797">
        </Bone>
      </Part>
    </Brick>
    <Brick refID="59" designID="3024">
      <Part refID="59" designID="3024" materials="1">
        <Bone refID="59" transformation="0,-0.16546699404716492,-0.98621553182601929,1.0000001192092896,0,0,0,-0.98621559143066406,0.16546709835529327,6.8799962997436523,4.8841886520385742,2.1177163124084473">
        </Bone>
      </Part>
    </Brick>
    <Brick refID="60" designID="3623">
      <Part refID="60" designID="3623" materials="1">
        <Bone refID="60" transformation="0,-0.16546699404716492,-0.98621553182601929,1.0000001192092896,0,0,0,-0.98621559143066406,0.16546709835529327,6.5599966049194336,5.1489353179931641,3.6956624984741211">
        </Bone>
      </Part>
    </Brick>
    <Brick refID="61" designID="3023">
      <Part refID="61" designID="3023" materials="26">
        <Bone refID="61" transformation="0,-0.16546699404716492,-0.98621553182601929,1.0000001192092896,0,0,0,-0.98621559143066406,0.16546709835529327,6.2399969100952148,5.0165619850158691,2.9066903591156006">
        </Bone>
      </Part>
    </Brick>
    <Brick refID="62" designID="3024">
      <Part refID="62" designID="3024" materials="1">
        <Bone refID="62" transformation="0,-0.16546699404716492,-0.98621553182601929,1.0000001192092896,0,0,0,-0.98621559143066406,0.16546709835529327,5.9199972152709961,4.8841891288757324,2.1177182197570801">
        </Bone>
      </Part>
    </Brick>
    <Brick refID="63" designID="3710">
      <Part refID="63" designID="3710" materials="1">
        <Bone refID="63" transformation="0,-0.16546699404716492,-0.98621553182601929,1.0000001192092896,0,0,0,-0.98621559143066406,0.16546709835529327,5.5999975204467773,5.281308650970459,4.4846339225769043">
        </Bone>
      </Part>
    </Brick>
    <Brick refID="64" designID="3710">
      <Part refID="64" designID="3710" materials="26">
        <Bone refID="64" transformation="0,-0.16546699404716492,-0.98621553182601929,1.0000001192092896,0,0,0,-0.98621559143066406,0.16546709835529327,5.2799978256225586,5.281308650970459,4.4846339225769043">
        </Bone>
      </Part>
    </Brick>
    <Brick refID="65" designID="3623">
      <Part refID="65" designID="3623" materials="26">
        <Bone refID="65" transformation="0,-0.16546699404716492,-0.98621553182601929,1.0000001192092896,0,0,0,-0.98621559143066406,0.16546709835529327,4.959996223449707,5.281308650970459,4.4846339225769043">
        </Bone>
      </Part>
    </Brick>
    <Brick refID="66" designID="3023">
      <Part refID="66" designID="3023" materials="26">
        <Bone refID="66" transformation="0,-0.16546699404716492,-0.98621553182601929,1.0000001192092896,0,0,0,-0.98621559143066406,0.16546709835529327,4.6399984359741211,5.281308650970459,4.4846339225769043">
        </Bone>
      </Part>
    </Brick>
    <Brick refID="67" designID="3623">
      <Part refID="67" designID="3623" materials="26">
        <Bone refID="67" transformation="0,-0.16546699404716492,-0.98621553182601929,1.0000001192092896,0,0,0,-0.98621559143066406,0.16546709835529327,4.3199987411499023,5.281308650970459,4.4846334457397461">
        </Bone>
      </Part>
    </Brick>
    <Brick refID="68" designID="3024">
      <Part refID="68" designID="3024" materials="26">
        <Bone refID="68" transformation="0,-0.16546699404716492,-0.98621553182601929,1.0000001192092896,0,0,0,-0.98621559143066406,0.16546709835529327,4.0000009536743164,5.0165619850158691,2.9066891670227051">
        </Bone>
      </Part>
    </Brick>
    <Brick refID="69" designID="3023">
      <Part refID="69" designID="3023" materials="1">
        <Bone refID="69" transformation="0,-0.16546699404716492,-0.98621553182601929,1.0000001192092896,0,0,0,-0.98621559143066406,0.16546709835529327,3.6800012588500977,5.0165619850158691,2.9066891670227051">
        </Bone>
      </Part>
    </Brick>
    <Brick refID="70" designID="3024">
      <Part refID="70" designID="3024" materials="1">
        <Bone refID="70" transformation="0,-0.16546699404716492,-0.98621553182601929,1.0000001192092896,0,0,0,-0.98621559143066406,0.16546709835529327,3.9999980926513672,4.8841886520385742,2.1177170276641846">
        </Bone>
      </Part>
    </Brick>
    <Brick refID="71" designID="3024">
      <Part refID="71" designID="3024" materials="26">
        <Bone refID="71" transformation="0,-0.16546699404716492,-0.98621553182601929,1.0000001192092896,0,0,0,-0.98621559143066406,0.16546709835529327,4.3199977874755859,4.8841886520385742,2.1177160739898682">
        </Bone>
      </Part>
    </Brick>
    <Brick refID="72" designID="3023">
      <Part refID="72" designID="3023" materials="1">
        <Bone refID="72" transformation="0,-0.16546699404716492,-0.98621553182601929,1.0000001192092896,0,0,0,-0.98621559143066406,0.16546709835529327,4.6399984359741211,5.0165619850158691,2.9066896438598633">
        </Bone>
      </Part>
    </Brick>
    <Brick refID="73" designID="3024">
      <Part refID="73" designID="3024" materials="1">
        <Bone refID="73" transformation="0,-0.16546699404716492,-0.98621553182601929,1.0000001192092896,0,0,0,-0.98621559143066406,0.16546709835529327,4.959996223449707,4.8841886520385742,2.1177160739898682">
        </Bone>
      </Part>
    </Brick>
    <Brick refID="74" designID="3710">
      <Part refID="74" designID="3710" materials="1">
        <Bone refID="74" transformation="0,-0.16546699404716492,-0.98621553182601929,1.0000001192092896,0,0,0,-0.98621559143066406,0.16546709835529327,3.3600025177001953,5.281308650970459,4.4846334457397461">
        </Bone>
      </Part>
    </Brick>
    <Brick refID="75" designID="3024">
      <Part refID="75" designID="3024" materials="1">
        <Bone refID="75" transformation="0,-0.16546699404716492,-0.98621553182601929,1.0000001192092896,0,0,0,-0.98621559143066406,0.16546709835529327,3.040003776550293,5.281308650970459,4.4846329689025879">
        </Bone>
      </Part>
    </Brick>
    <Brick refID="76" designID="3024">
      <Part refID="76" designID="3024" materials="1">
        <Bone refID="76" transformation="0,-0.16546699404716492,-0.98621553182601929,1.0000001192092896,0,0,0,-0.98621559143066406,0.16546709835529327,2.7200040817260742,5.281308650970459,4.4846329689025879">
        </Bone>
      </Part>
    </Brick>
    <Brick refID="77" designID="3023">
      <Part refID="77" designID="3023" materials="26">
        <Bone refID="77" transformation="0,-0.16546699404716492,-0.98621553182601929,1.0000001192092896,0,0,0,-0.98621559143066406,0.16546709835529327,2.4000043869018555,5.281308650970459,4.4846329689025879">
        </Bone>
      </Part>
    </Brick>
    <Brick refID="78" designID="3023">
      <Part refID="78" designID="3023" materials="1">
        <Bone refID="78" transformation="0,-0.16546699404716492,-0.98621553182601929,1.0000001192092896,0,0,0,-0.98621559143066406,0.16546709835529327,2.0800027847290039,5.281308650970459,4.4846329689025879">
        </Bone>
      </Part>
    </Brick>
    <Brick refID="79" designID="3623">
      <Part refID="79" designID="3623" materials="26">
        <Bone refID="79" transformation="0,-0.16546699404716492,-0.98621553182601929,1.0000001192092896,0,0,0,-0.98621559143066406,0.16546709835529327,1.7600021362304687,5.281308650970459,4.4846324920654297">
        </Bone>
      </Part>
    </Brick>
    <Brick refID="80" designID="2436">
      <Part refID="80" designID="2436" materials="26">
        <Bone refID="80" transformation="0,-0.1654665619134903,-0.98621547222137451,0,0.98621565103530884,-0.16546657681465149,1,0,0,1.2000017166137695,5.2278318405151367,3.6824226379394531">
        </Bone>
      </Part>
    </Brick>
    <Brick refID="81" designID="3024">
      <Part refID="81" designID="3024" materials="26">
        <Bone refID="81" transformation="0,-0.16546699404716492,-0.98621553182601929,1.0000001192092896,0,0,0,-0.98621559143066406,0.16546709835529327,1.7600011825561523,4.8841886520385742,2.1177151203155518">
        </Bone>
      </Part>
    </Brick>
    <Brick refID="82" designID="3023">
      <Part refID="82" designID="3023" materials="26">
        <Bone refID="82" transformation="0,-0.16546699404716492,-0.98621553182601929,1.0000001192092896,0,0,0,-0.98621559143066406,0.16546709835529327,2.0800037384033203,5.0165619850158691,2.906688928604126">
        </Bone>
      </Part>
    </Brick>
    <Brick refID="83" designID="3023">
      <Part refID="83" designID="3023" materials="1">
        <Bone refID="83" transformation="0,-0.16546699404716492,-0.98621553182601929,1.0000001192092896,0,0,0,-0.98621559143066406,0.16546709835529327,2.4000034332275391,5.0165619850158691,2.9066886901855469">
        </Bone>
      </Part>
    </Brick>
    <Brick refID="84" designID="3623">
      <Part refID="84" designID="3623" materials="26">
        <Bone refID="84" transformation="0,-0.16546699404716492,-0.98621553182601929,1.0000001192092896,0,0,0,-0.98621559143066406,0.16546709835529327,2.7199983596801758,5.1489353179931641,3.6956610679626465">
        </Bone>
      </Part>
    </Brick>
    <Brick refID="85" designID="3023">
      <Part refID="85" designID="3023" materials="1">
        <Bone refID="85" transformation="0,-0.16546699404716492,-0.98621553182601929,1.0000001192092896,0,0,0,-0.98621559143066406,0.16546709835529327,3.0399980545043945,5.1489353179931641,3.6956615447998047">
        </Bone>
      </Part>
    </Brick>
    <Brick refID="86" designID="3024">
      <Part refID="86" designID="3024" materials="26">
        <Bone refID="86" transformation="0,-0.16546699404716492,-0.98621553182601929,1.0000001192092896,0,0,0,-0.98621559143066406,0.16546709835529327,3.0399999618530273,4.8841886520385742,2.11771559715271">
        </Bone>
      </Part>
    </Brick>
    <Brick refID="87" designID="3023">
      <Part refID="87" designID="3023" materials="26">
        <Bone refID="87" transformation="0,-0.16546699404716492,-0.98621553182601929,1.0000001192092896,0,0,0,-0.98621559143066406,0.16546709835529327,3.6800041198730469,5.281308650970459,4.4846334457397461">
        </Bone>
      </Part>
    </Brick>
    <Brick refID="88" designID="3023">
      <Part refID="88" designID="3023" materials="1">
        <Bone refID="88" transformation="0,-0.16546699404716492,-0.98621553182601929,1.0000001192092896,0,0,0,-0.98621559143066406,0.16546709835529327,4.0000019073486328,5.281308650970459,4.4846334457397461">
        </Bone>
      </Part>
    </Brick>
    <Brick refID="89" designID="3623">
      <Part refID="89" designID="3623" materials="26">
        <Bone refID="89" transformation="0,-0.16546699404716492,-0.98621553182601929,1.0000001192092896,0,0,0,-0.98621559143066406,0.16546709835529327,5.9199972152709961,5.281308650970459,4.4846343994140625">
        </Bone>
      </Part>
    </Brick>
    <Brick refID="90" designID="3023">
      <Part refID="90" designID="3023" materials="1">
        <Bone refID="90" transformation="0,-0.16546699404716492,-0.98621553182601929,1.0000001192092896,0,0,0,-0.98621559143066406,0.16546709835529327,6.2399969100952148,5.281308650970459,4.4846343994140625">
        </Bone>
      </Part>
    </Brick>
    <Brick refID="91" designID="3024">
      <Part refID="91" designID="3024" materials="26">
        <Bone refID="91" transformation="0,-0.16546699404716492,-0.98621553182601929,1.0000001192092896,0,0,0,-0.98621559143066406,0.16546709835529327,6.5599966049194336,5.281308650970459,4.4846343994140625">
        </Bone>
      </Part>
    </Brick>
    <Brick refID="92" designID="3024">
      <Part refID="92" designID="3024" materials="1">
        <Bone refID="92" transformation="0,-0.16546699404716492,-0.98621553182601929,1.0000001192092896,0,0,0,-0.98621559143066406,0.16546709835529327,9.439997673034668,4.8841886520385742,2.1177177429199219">
        </Bone>
      </Part>
    </Brick>
    <Brick refID="93" designID="3023">
      <Part refID="93" designID="3023" materials="26">
        <Bone refID="93" transformation="0,-0.16546699404716492,-0.98621553182601929,1.0000001192092896,0,0,0,-0.98621559143066406,0.16546709835529327,9.7599973678588867,5.0165615081787109,2.9066901206970215">
        </Bone>
      </Part>
    </Brick>
    <Brick refID="94" designID="3023">
      <Part refID="94" designID="3023" materials="26">
        <Bone refID="94" transformation="0,-0.16546699404716492,-0.98621553182601929,1.0000001192092896,0,0,0,-0.98621559143066406,0.16546709835529327,10.079997062683105,5.0165615081787109,2.9066901206970215">
        </Bone>
      </Part>
    </Brick>
    <Brick refID="95" designID="3623">
      <Part refID="95" designID="3623" materials="26">
        <Bone refID="95" transformation="0,-0.16546699404716492,-0.98621553182601929,1.0000001192092896,0,0,0,-0.98621559143066406,0.16546709835529327,10.399996757507324,5.1489348411560059,3.6956634521484375">
        </Bone>
      </Part>
    </Brick>
    <Brick refID="96" designID="3024">
      <Part refID="96" designID="3024" materials="26">
        <Bone refID="96" transformation="0,-0.16546699404716492,-0.98621553182601929,1.0000001192092896,0,0,0,-0.98621559143066406,0.16546709835529327,10.719996452331543,4.8841886520385742,2.1177191734313965">
        </Bone>
      </Part>
    </Brick>
    <Brick refID="97" designID="3024">
      <Part refID="97" designID="3024" materials="1">
        <Bone refID="97" transformation="0,-0.16546699404716492,-0.98621553182601929,1.0000001192092896,0,0,0,-0.98621559143066406,0.16546709835529327,11.039996147155762,4.8841886520385742,2.1177196502685547">
        </Bone>
      </Part>
    </Brick>
    <Brick refID="98" designID="61678">
      <Part refID="98" designID="61678" materials="1">
        <Bone refID="98" transformation="0,0.16546633839607239,0.98621553182601929,1,0,0,0,0.98621559143066406,-0.16546633839607239,11.35999584197998,4.8841886520385742,2.1177186965942383">
        </Bone>
      </Part>
    </Brick>
    <Brick refID="99" designID="3024">
      <Part refID="99" designID="3024" materials="1">
        <Bone refID="99" transformation="0,-0.16546699404716492,-0.98621553182601929,1.0000001192092896,0,0,0,-0.98621559143066406,0.16546709835529327,10.719996452331543,5.0165629386901855,2.9066901206970215">
        </Bone>
      </Part>
    </Brick>
    <Brick refID="100" designID="3024">
      <Part refID="100" designID="3024" materials="1">
        <Bone refID="100" transformation="0,-0.16546699404716492,-0.98621553182601929,1.0000001192092896,0,0,0,-0.98621559143066406,0.16546709835529327,10.399996757507324,5.2813081741333008,4.4846353530883789">
        </Bone>
      </Part>
    </Brick>
    <Brick refID="101" designID="2420">
      <Part refID="101" designID="2420" materials="1">
        <Bone refID="101" transformation="0,0.16546659171581268,0.98621541261672974,0,0.98621553182601929,-0.16546659171581268,-1,0,0,1.1999998092651367,4.9122433662414551,3.7353720664978027">
        </Bone>
      </Part>
    </Brick>
    <Brick refID="102" designID="3070">
      <Part refID="102" designID="3070" materials="26,0" decoration="0">
        <Bone refID="102" transformation="0,-0.16546659171581268,-0.98621541261672974,0,0.98621553182601929,-0.16546659171581268,1,0,0,1.1999998092651367,5.3602051734924316,4.4713950157165527">
        </Bone>
      </Part>
    </Brick>
    <Brick refID="103" designID="3023">
      <Part refID="103" designID="3023" materials="1">
        <Bone refID="103" transformation="0,-0.16546659171581268,-0.98621541261672974,0,0.98621553182601929,-0.16546659171581268,1,0,0,1.2000007629394531,4.5966544151306152,3.7883224487304687">
        </Bone>
      </Part>
    </Brick>
    <Brick refID="104" designID="63864">
      <Part refID="104" designID="63864" materials="1">
        <Bone refID="104" transformation="0,-0.16546659171581268,-0.98621541261672974,0,0.98621553182601929,-0.16546659171581268,1,0,0,0.40000057220458984,5.3602051734924316,4.4713945388793945">
        </Bone>
      </Part>
    </Brick>
    <Brick refID="105" designID="3023">
      <Part refID="105" designID="3023" materials="26">
        <Bone refID="105" transformation="0,-0.16546608507633209,-0.98621559143066406,-1.0000001192092896,0,0,0,0.98621559143066406,-0.16546595096588135,-8.4799985885620117,5.1489348411560059,3.6956567764282227">
        </Bone>
      </Part>
    </Brick>
    <Brick refID="106" designID="3023">
      <Part refID="106" designID="3023" materials="26">
        <Bone refID="106" transformation="0,-0.16546599566936493,-0.98621547222137451,-1,0,0,0,0.98621547222137451,-0.16546593606472015,-10.079999923706055,5.2813072204589844,4.4846277236938477">
        </Bone>
      </Part>
    </Brick>
    <Brick refID="107" designID="3024">
      <Part refID="107" designID="3024" materials="1">
        <Bone refID="107" transformation="0,-0.16546617448329926,-0.98621547222137451,-1.0000001192092896,0,0,0,0.98621547222137451,-0.16546604037284851,-10.399999618530273,5.2813072204589844,4.4846277236938477">
        </Bone>
      </Part>
    </Brick>
    <Brick refID="108" designID="61678">
      <Part refID="108" designID="61678" materials="1">
        <Bone refID="108" transformation="0,0.16546662151813507,0.98621523380279541,-1,0,0,0,-0.98621523380279541,0.16546659171581268,-11.35999870300293,4.8841872215270996,2.1177101135253906">
        </Bone>
      </Part>
    </Brick>
    <Brick refID="109" designID="3024">
      <Part refID="109" designID="3024" materials="1">
        <Bone refID="109" transformation="0,-0.16546617448329926,-0.98621547222137451,-1.0000001192092896,0,0,0,0.98621547222137451,-0.16546604037284851,-11.039999008178711,4.8841872215270996,2.117711067199707">
        </Bone>
      </Part>
    </Brick>
    <Brick refID="110" designID="3024">
      <Part refID="110" designID="3024" materials="26">
        <Bone refID="110" transformation="0,-0.16546617448329926,-0.98621547222137451,-1.0000001192092896,0,0,0,0.98621547222137451,-0.16546604037284851,-10.719999313354492,4.8841872215270996,2.117711067199707">
        </Bone>
      </Part>
    </Brick>
    <Brick refID="111" designID="3623">
      <Part refID="111" designID="3623" materials="26">
        <Bone refID="111" transformation="0,-0.16546617448329926,-0.98621547222137451,-1.0000001192092896,0,0,0,0.98621547222137451,-0.16546604037284851,-10.399998664855957,5.1489338874816895,3.695655345916748">
        </Bone>
      </Part>
    </Brick>
    <Brick refID="112" designID="3024">
      <Part refID="112" designID="3024" materials="1">
        <Bone refID="112" transformation="0,-0.16546602547168732,-0.98621541261672974,-1.0000001192092896,0,0,0,0.98621541261672974,-0.16546593606472015,-10.719999313354492,5.0165596008300781,2.9066824913024902">
        </Bone>
      </Part>
    </Brick>
    <Brick refID="113" designID="3023">
      <Part refID="113" designID="3023" materials="1">
        <Bone refID="113" transformation="0,-0.16546617448329926,-0.98621547222137451,-1.0000001192092896,0,0,0,0.98621547222137451,-0.16546604037284851,-10.079998970031738,5.0165605545043945,2.9066834449768066">
        </Bone>
      </Part>
    </Brick>
    <Brick refID="114" designID="3023">
      <Part refID="114" designID="3023" materials="26">
        <Bone refID="114" transformation="0,-0.16546617448329926,-0.98621547222137451,-1.0000001192092896,0,0,0,0.98621547222137451,-0.16546604037284851,-9.7599992752075195,5.0165605545043945,2.9066834449768066">
        </Bone>
      </Part>
    </Brick>
    <Brick refID="115" designID="3024">
      <Part refID="115" designID="3024" materials="1">
        <Bone refID="115" transformation="0,-0.16546617448329926,-0.98621547222137451,-1.0000001192092896,0,0,0,0.98621547222137451,-0.16546604037284851,-9.439997673034668,4.8841876983642578,2.1177124977111816">
        </Bone>
      </Part>
    </Brick>
    <Brick refID="116" designID="3710">
      <Part refID="116" designID="3710" materials="1">
        <Bone refID="116" transformation="0,-0.16546617448329926,-0.98621547222137451,-1.0000001192092896,0,0,0,0.98621547222137451,-0.16546604037284851,-9.1199989318847656,5.2813072204589844,4.4846282005310059">
        </Bone>
      </Part>
    </Brick>
    <Brick refID="117" designID="3623">
