<?xml version="1.0" encoding="UTF-8" standalone="no" ?>
<LXFML versionMajor="5" versionMinor="0">
  <Meta>
    <Application name="LEGO Universe" versionMajor="0" versionMinor="0"/>
    <Brand name="LEGOUniverse"/>
    <BrickSet version="238"/>
  </Meta>
  <Bricks>
    <Brick refID="0" designID="4460">
      <Part refID="0" designID="4460" materials="199">
        <Bone refID="0" transformation="-1,0,0,0,1,0,0,0,-1,-2.8000068664550781,3.8400006294250488,-2">
        </Bone>
      </Part>
    </Brick>
    <Brick refID="1" designID="4460">
      <Part refID="1" designID="4460" materials="199">
        <Bone refID="1" transformation="-1,0,0,0,1,0,0,0,-1,-2.8000068664550781,0.96000039577484131,-2.7999987602233887">
        </Bone>
      </Part>
    </Brick>
    <Brick refID="2" designID="4287">
      <Part refID="2" designID="4287" materials="199">
        <Bone refID="2" transformation="-1,0,0,0,1,0,0,0,-1,-2.8000049591064453,0,-1.9999990463256836">
        </Bone>
      </Part>
    </Brick>
    <Brick refID="3" designID="4460">
      <Part refID="3" designID="4460" materials="199">
        <Bone refID="3" transformation="0,0,-1,0,0.99999994039535522,0,1,0,0,1.1999988555908203,6.7200007438659668,2.7999916076660156">
        </Bone>
      </Part>
    </Brick>
    <Brick refID="4" designID="3005">
      <Part refID="4" designID="3005" materials="199,0" decoration="0">
        <Bone refID="4" transformation="0,0,1,0,0.99999994039535522,0,-1,0,0,1.1999949216842651,5.7600007057189941,2.7999916076660156">
        </Bone>
      </Part>
    </Brick>
    <Brick refID="5" designID="3005">
      <Part refID="5" designID="3005" materials="199,0" decoration="0">
        <Bone refID="5" transformation="0,0,1,0,0.99999994039535522,0,-1,0,0,1.1999949216842651,4.8000001907348633,2.7999954223632813">
        </Bone>
      </Part>
    </Brick>
    <Brick refID="6" designID="3005">
      <Part refID="6" designID="3005" materials="199,0" decoration="0">
        <Bone refID="6" transformation="0,0,1,0,0.99999994039535522,0,-1,0,0,1.1999949216842651,3.8400003910064697,2.7999954223632813">
        </Bone>
      </Part>
    </Brick>
    <Brick refID="7" designID="87544">
      <Part refID="7" designID="87544" materials="199">
        <Bone refID="7" transformation="1,0,0,0,1,0,0,0,1,1.1999987363815308,0.95999979972839355,2.7999954223632813">
        </Bone>
      </Part>
    </Brick>
    <Brick refID="8" designID="4460">
      <Part refID="8" designID="4460" materials="199">
        <Bone refID="8" transformation="-1,0,0,0,1,0,0,0,-1,-2.8000049591064453,6.7200007438659668,-1.2000007629394531">
        </Bone>
      </Part>
    </Brick>
    <Brick refID="9" designID="3005">
      <Part refID="9" designID="3005" materials="199,0" decoration="0">
        <Bone refID="9" transformation="0,0,1,0,0.99999994039535522,0,-1,0,0,-2.7999973297119141,5.7600007057189941,-1.2000002861022949">
        </Bone>
      </Part>
    </Brick>
    <Brick refID="10" designID="3005">
      <Part refID="10" designID="3005" materials="199,0" decoration="0">
        <Bone refID="10" transformation="0,0,1,0,0.99999994039535522,0,-1,0,0,-2.8000049591064453,4.8000006675720215,-1.2000002861022949">
        </Bone>
      </Part>
    </Brick>
    <Brick refID="11" designID="3005">
      <Part refID="11" designID="3005" materials="199,0" decoration="0">
        <Bone refID="11" transformation="0,0,1,0,0.99999994039535522,0,-1,0,0,-2.8000049591064453,3.8400006294250488,-1.2000002861022949">
        </Bone>
      </Part>
    </Brick>
    <Brick refID="12" designID="87544">
      <Part refID="12" designID="87544" materials="199">
        <Bone refID="12" transformation="0,0,1,0,0.99999994039535522,0,-1,0,0,-2.8000049591064453,0.96000039577484131,-1.9999995231628418">
        </Bone>
      </Part>
    </Brick>
    <Brick refID="13" designID="3023">
      <Part refID="13" designID="3023" materials="191">
        <Bone refID="13" transformation="0,0,1,0,0.99999994039535522,0,-1,0,0,0.39999961853027344,9.6000308990478516,2.0000076293945313">
        </Bone>
      </Part>
    </Brick>
    <Brick refID="14" designID="3005">
      <Part refID="14" designID="3005" materials="199,0" decoration="0">
        <Bone refID="14" transformation="0,0,1,0,0.99999994039535522,0,-1,0,0,0.39999961853027344,8.6400003433227539,2.799992561340332">
        </Bone>
      </Part>
    </Brick>
    <Brick refID="15" designID="3005">
      <Part refID="15" designID="3005" materials="199,0" decoration="0">
        <Bone refID="15" transformation="0,0,1,0,0.99999994039535522,0,-1,0,0,0.39999961853027344,7.6800007820129395,2.799992561340332">
        </Bone>
      </Part>
    </Brick>
    <Brick refID="16" designID="3005">
      <Part refID="16" designID="3005" materials="199,0" decoration="0">
        <Bone refID="16" transformation="0,0,1,0,0.99999994039535522,0,-1,0,0,0.39999961853027344,6.7200007438659668,2.799992561340332">
        </Bone>
      </Part>
    </Brick>
    <Brick refID="17" designID="3755">
      <Part refID="17" designID="3755" materials="199">
        <Bone refID="17" transformation="-1,0,0,0,1,0,0,0,-1,0.39999961853027344,1.9199999570846558,2.799992561340332">
        </Bone>
      </Part>
    </Brick>
    <Brick refID="18" designID="4460">
      <Part refID="18" designID="4460" materials="199">
        <Bone refID="18" transformation="0,0,1,0,0.99999994039535522,0,-1,0,0,-0.39999958872795105,6.7200007438659668,2.799992561340332">
        </Bone>
      </Part>
    </Brick>
    <Brick refID="19" designID="3010">
      <Part refID="19" designID="3010" materials="199">
        <Bone refID="19" transformation="-1,0,0,0,1,0,0,0,-1,0.39999580383300781,0.95999997854232788,2.7999963760375977">
        </Bone>
      </Part>
    </Brick>
    <Brick refID="20" designID="3066">
      <Part refID="20" designID="3066" materials="199">
        <Bone refID="20" transformation="-1,0,0,0,1,0,0,0,-1,1.1999950408935547,0,2.7999963760375977">
        </Bone>
      </Part>
    </Brick>
    <Brick refID="21" designID="3070">
      <Part refID="21" designID="3070" materials="191">
        <Bone refID="21" transformation="-1,0,0,0,1,0,0,0,-1,2.0000019073486328,11.840029716491699,2.0000162124633789">
        </Bone>
      </Part>
    </Brick>
    <Brick refID="22" designID="3024">
      <Part refID="22" designID="3024" materials="26">
        <Bone refID="22" transformation="1,0,0,0,1,0,0,0,1,2.0000009536743164,11.52003002166748,2.0000171661376953">
        </Bone>
      </Part>
    </Brick>
    <Brick refID="23" designID="3024">
      <Part refID="23" designID="3024" materials="191">
        <Bone refID="23" transformation="0,0,1,0,0.99999994039535522,0,-1,0,0,1.9999970197677612,11.200030326843262,2.0000133514404297">
        </Bone>
      </Part>
    </Brick>
    <Brick refID="24" designID="3005">
      <Part refID="24" designID="3005" materials="199,0" decoration="0">
        <Bone refID="24" transformation="0,0,1,0,0.99999994039535522,0,-1,0,0,1.9999970197677612,10.240030288696289,2.0000133514404297">
        </Bone>
      </Part>
    </Brick>
    <Brick refID="25" designID="6106">
      <Part refID="25" designID="6106" materials="140">
        <Bone refID="25" transformation="0,0,-1,0,1,0,1,0,0,-2.0000028610229492,9.9200305938720703,2.0000133514404297">
        </Bone>
      </Part>
    </Brick>
    <Brick refID="26" designID="3070">
      <Part refID="26" designID="3070" materials="191">
        <Bone refID="26" transformation="-0.70710629224777222,0,-0.7071073055267334,0,1,0,0.7071073055267334,0,-0.70710629224777222,0.39999476075172424,11.840029716491699,-0.39998817443847656">
        </Bone>
      </Part>
    </Brick>
    <Brick refID="27" designID="3024">
      <Part refID="27" designID="3024" materials="26">
        <Bone refID="27" transformation="0.70710653066635132,0,0.70710712671279907,0,1,0,-0.70710712671279907,0,0.70710653066635132,0.3999951183795929,11.52003002166748,-0.39998769760131836">
        </Bone>
      </Part>
    </Brick>
    <Brick refID="28" designID="3024">
      <Part refID="28" designID="3024" materials="191">
        <Bone refID="28" transformation="-0.70710700750350952,0,0.70710664987564087,0,1,0,-0.70710664987564087,0,-0.70710700750350952,0.3999951183795929,11.200030326843262,-0.39998769760131836">
        </Bone>
      </Part>
    </Brick>
    <Brick refID="29" designID="3005">
      <Part refID="29" designID="3005" materials="199,0" decoration="0">
        <Bone refID="29" transformation="0.70710653066635132,0,0.7071070671081543,0,1,0,-0.7071070671081543,0,0.70710653066635132,0.39999893307685852,10.240030288696289,-0.39998388290405273">
        </Bone>
      </Part>
    </Brick>
    <Brick refID="30" designID="3024">
      <Part refID="30" designID="3024" materials="191">
        <Bone refID="30" transformation="0,0,1,0,0.99999994039535522,0,-1,0,0,1.1999977827072144,9.6000308990478516,1.2000141143798828">
        </Bone>
      </Part>
    </Brick>
    <Brick refID="31" designID="3070">
      <Part refID="31" designID="3070" materials="191">
        <Bone refID="31" transformation="-1,0,0,0,1,0,0,0,-1,-1.9999998807907104,11.840029716491699,-1.9999904632568359">
        </Bone>
      </Part>
    </Brick>
    <Brick refID="32" designID="3024">
      <Part refID="32" designID="3024" materials="26">
        <Bone refID="32" transformation="0,0,1,0,0.99999994039535522,0,-1,0,0,-2.0000016689300537,11.52003002166748,-1.9999861717224121">
        </Bone>
      </Part>
    </Brick>
    <Brick refID="33" designID="3024">
      <Part refID="33" designID="3024" materials="191">
        <Bone refID="33" transformation="0,0,1,0,0.99999994039535522,0,-1,0,0,-2.0000016689300537,11.200030326843262,-1.9999861717224121">
        </Bone>
      </Part>
    </Brick>
    <Brick refID="34" designID="3005">
      <Part refID="34" designID="3005" materials="199,0" decoration="0">
        <Bone refID="34" transformation="0,0,1,0,0.99999994039535522,0,-1,0,0,-2.0000016689300537,10.240030288696289,-1.9999861717224121">
        </Bone>
      </Part>
    </Brick>
    <Brick refID="35" designID="3024">
      <Part refID="35" designID="3024" materials="191">
        <Bone refID="35" transformation="0,0,1,0,0.99999994039535522,0,-1,0,0,-1.2000026702880859,9.6000308990478516,-1.1999874114990234">
        </Bone>
      </Part>
    </Brick>
    <Brick refID="36" designID="3024">
      <Part refID="36" designID="3024" materials="21">
        <Bone refID="36" transformation="0,0,1,0,0.99999994039535522,0,-1,0,0,-2.0000057220458984,9.6000003814697266,2.0000095367431641">
        </Bone>
      </Part>
    </Brick>
    <Brick refID="37" designID="30145">
      <Part refID="37" designID="30145" materials="140">
        <Bone refID="37" transformation="0,0,1,0,0.99999994039535522,0,-1,0,0,-2.8000049591064453,6.7200007438659668,2.0000095367431641">
        </Bone>
      </Part>
    </Brick>
    <Brick refID="38" designID="3024">
      <Part refID="38" designID="3024" materials="140">
        <Bone refID="38" transformation="0,0,1,0,0.99999994039535522,0,-1,0,0,-2.8000049591064453,9.9200000762939453,2.8000087738037109">
        </Bone>
      </Part>
    </Brick>
    <Brick refID="39" designID="3024">
      <Part refID="39" designID="3024" materials="191">
        <Bone refID="39" transformation="0,0,1,0,0.99999994039535522,0,-1,0,0,-2.8000049591064453,9.6000003814697266,2.8000099658966064">
        </Bone>
      </Part>
    </Brick>
    <Brick refID="40" designID="30145">
      <Part refID="40" designID="30145" materials="140">
        <Bone refID="40" transformation="0,0,1,0,0.99999994039535522,0,-1,0,0,-2.8000049591064453,3.8400006294250488,2.0000095367431641">
        </Bone>
      </Part>
    </Brick>
    <Brick refID="41" designID="3003">
      <Part refID="41" designID="3003" materials="140,0,0" decoration="0,0">
        <Bone refID="41" transformation="-1,0,0,0,1,0,0,0,-1,-2.0000057220458984,2.8800005912780762,2.0000095367431641">
        </Bone>
      </Part>
    </Brick>
    <Brick refID="42" designID="3003">
      <Part refID="42" designID="3003" materials="140,0,0" decoration="0,0">
        <Bone refID="42" transformation="-1,0,0,0,1,0,0,0,-1,-2.0000057220458984,1.920000433921814,2.0000095367431641">
        </Bone>
      </Part>
    </Brick>
    <Brick refID="43" designID="3005">
      <Part refID="43" designID="3005" materials="140,0" decoration="0">
        <Bone refID="43" transformation="0,0,1,0,0.99999994039535522,0,-1,0,0,-2.0000057220458984,0.95999658107757568,2.0000019073486328">
        </Bone>
      </Part>
    </Brick>
    <Brick refID="44" designID="3005">
      <Part refID="44" designID="3005" materials="140,0" decoration="0">
        <Bone refID="44" transformation="0,0,1,0,0.99999994039535522,0,-1,0,0,-2.8000049591064453,0.95999658107757568,2.8000011444091797">
        </Bone>
      </Part>
    </Brick>
    <Brick refID="45" designID="3676">
      <Part refID="45" designID="3676" materials="140">
        <Bone refID="45" transformation="1,0,0,0,1,0,0,0,1,-2.0000019073486328,0,2.0000019073486328">
        </Bone>
      </Part>
    </Brick>
    <Brick refID="46" designID="2420">
      <Part refID="46" designID="2420" materials="191">
        <Bone refID="46" transformation="-1,0,0,0,1,0,0,0,-1,1.9999980926513672,9.6000308990478516,2.8000116348266602">
        </Bone>
      </Part>
    </Brick>
    <Brick refID="47" designID="6636">
      <Part refID="47" designID="6636" materials="140,0" decoration="0">
        <Bone refID="47" transformation="-1,0,0,0,1,0,0,0,-1,1.9999961853027344,9.9200305938720703,2.8000125885009766">
        </Bone>
      </Part>
    </Brick>
    <Brick refID="48" designID="3623">
      <Part refID="48" designID="3623" materials="191">
        <Bone refID="48" transformation="-1,0,0,0,1,0,0,0,-1,-0.40000534057617188,9.6000003814697266,2.8000049591064453">
        </Bone>
      </Part>
    </Brick>
    <Brick refID="49" designID="6636">
      <Part refID="49" designID="6636" materials="140,0" decoration="0">
        <Bone refID="49" transformation="0,0,-1,0,0.99999994039535522,0,1,0,0,-2.8000011444091797,9.9200000762939453,2.000004768371582">
        </Bone>
      </Part>
    </Brick>
    <Brick refID="50" designID="2420">
      <Part refID="50" designID="2420" materials="191">
        <Bone refID="50" transformation="-1,0,0,0,1,0,0,0,-1,-2.0000019073486328,9.6000308990478516,-1.1999835968017578">
        </Bone>
      </Part>
    </Brick>
    <Brick refID="51" designID="3623">
      <Part refID="51" designID="3623" materials="191">
        <Bone refID="51" transformation="0,0,1,0,0.99999994039535522,0,-1,0,0,-2.8000049591064453,9.6000003814697266,0.40000724792480469">
        </Bone>
      </Part>
    </Brick>
    <Brick refID="52" designID="3023">
      <Part refID="52" designID="3023" materials="191">
        <Bone refID="52" transformation="-1,0,0,0,1,0,0,0,-1,-2.0000038146972656,9.6000003814697266,-0.39999675750732422">
        </Bone>
      </Part>
    </Brick>
    <Brick refID="53" designID="3005">
      <Part refID="53" designID="3005" materials="199,0" decoration="0">
        <Bone refID="53" transformation="0,0,1,0,0.99999994039535522,0,-1,0,0,-2.8000030517578125,8.6400003433227539,-0.39999198913574219">
        </Bone>
      </Part>
    </Brick>
    <Brick refID="54" designID="3005">
      <Part refID="54" designID="3005" materials="199,0" decoration="0">
        <Bone refID="54" transformation="0,0,1,0,0.99999994039535522,0,-1,0,0,-2.8000030517578125,7.6800007820129395,-0.39999198913574219">
        </Bone>
      </Part>
    </Brick>
    <Brick refID="55" designID="3005">
      <Part refID="55" designID="3005" materials="199,0" decoration="0">
        <Bone refID="55" transformation="0,0,1,0,0.99999994039535522,0,-1,0,0,-2.8000030517578125,6.7200007438659668,-0.39999198913574219">
        </Bone>
      </Part>
    </Brick>
    <Brick refID="56" designID="3755">
      <Part refID="56" designID="3755" materials="199">
        <Bone refID="56" transformation="0,0,1,0,0.99999994039535522,0,-1,0,0,-2.8000049591064453,1.920000433921814,-0.39999198913574219">
        </Bone>
      </Part>
    </Brick>
    <Brick refID="57" designID="4460">
      <Part refID="57" designID="4460" materials="199">
        <Bone refID="57" transformation="1,0,0,0,1,0,0,0,1,-2.7999992370605469,6.7200007438659668,0.40000677108764648">
        </Bone>
      </Part>
    </Brick>
    <Brick refID="58" designID="3010">
      <Part refID="58" designID="3010" materials="199">
        <Bone refID="58" transformation="0,0,1,0,0.99999994039535522,0,-1,0,0,-2.8000030517578125,0.96000039577484131,-0.39999198913574219">
        </Bone>
      </Part>
    </Brick>
    <Brick refID="59" designID="3066">
      <Part refID="59" designID="3066" materials="199">
        <Bone refID="59" transformation="0,0,1,0,0.99999994039535522,0,-1,0,0,-2.8000030517578125,0,-1.1999955177307129">
        </Bone>
      </Part>
    </Brick>
    <Brick refID="60" designID="4460">
      <Part refID="60" designID="4460" materials="199">
        <Bone refID="60" transformation="0,0,-1,0,0.99999994039535522,0,1,0,0,2,3.8400006294250488,2.7999954223632813">
        </Bone>
      </Part>
    </Brick>
    <Brick refID="61" designID="4460">
      <Part refID="61" designID="4460" materials="199">
        <Bone refID="61" transformation="0,0,-1,0,0.99999994039535522,0,1,0,0,2.7999992370605469,0.96000009775161743,2.7999954223632813">
        </Bone>
      </Part>
    </Brick>
    <Brick refID="62" designID="4287">
      <Part refID="62" designID="4287" materials="199">
        <Bone refID="62" transformation="0,0,-1,0,0.99999994039535522,0,1,0,0,1.9999980926513672,0,2.7999954223632813">
        </Bone>
      </Part>
    </Brick>
    <Brick refID="63" designID="3068">
      <Part refID="63" designID="3068" materials="191,0" decoration="0">
        <Bone refID="63" transformation="0.70710653066635132,0,0.7071070671081543,0,1,0,-0.7071070671081543,0,0.70710653066635132,-1.4142074584960937,9.6000308990478516,0.84853363037109375">
        </Bone>
      </Part>
    </Brick>
    <Brick refID="64" designID="3003">
      <Part refID="64" designID="3003" materials="199,0,0" decoration="0,0">
        <Bone refID="64" transformation="-0.70710712671279907,0,0.70710641145706177,0,0.99999994039535522,0,-0.70710641145706177,0,-0.70710712671279907,-0.84852856397628784,8.6400308609008789,0.28286504745483398">
        </Bone>
      </Part>
    </Brick>
    <Brick refID="65" designID="3003">
      <Part refID="65" designID="3003" materials="199,0,0" decoration="0,0">
        <Bone refID="65" transformation="-0.70710712671279907,0,0.70710641145706177,0,0.99999994039535522,0,-0.70710641145706177,0,-0.70710712671279907,-0.84852856397628784,7.6800312995910645,0.28286504745483398">
        </Bone>
      </Part>
    </Brick>
    <Brick refID="66" designID="3003">
      <Part refID="66" designID="3003" materials="199,0,0" decoration="0,0">
        <Bone refID="66" transformation="-0.70710712671279907,0,0.70710641145706177,0,0.99999994039535522,0,-0.70710641145706177,0,-0.70710712671279907,-0.84852856397628784,6.7200312614440918,0.28286504745483398">
        </Bone>
      </Part>
    </Brick>
    <Brick refID="67" designID="3794">
      <Part refID="67" designID="3794" materials="191">
        <Bone refID="67" transformation="0.70710664987564087,0,0.70710700750350952,0,1,0,-0.70710700750350952,0,0.70710664987564087,-0.28284713625907898,9.6000308990478516,-0.28282403945922852">
        </Bone>
      </Part>
    </Brick>
    <Brick refID="68" designID="30499">
      <Part refID="68" designID="30499" materials="199">
        <Bone refID="68" transformation="-0.70710664987564087,0,-0.70710700750350952,0,1,0,0.70710700750350952,0,-0.70710664987564087,0.28283840417861938,6.7200312614440918,0.28286027908325195">
        </Bone>
      </Part>
    </Brick>
    <Brick refID="69" designID="30499">
      <Part refID="69" designID="30499" materials="199">
        <Bone refID="69" transformation="-0.70710664987564087,0,-0.70710700750350952,0,1,0,0.70710700750350952,0,-0.70710664987564087,0.84852373600006104,3.8400311470031738,-0.28282499313354492">
        </Bone>
      </Part>
    </Brick>
    <Brick refID="70" designID="3002">
      <Part refID="70" designID="3002" materials="199">
        <Bone refID="70" transformation="-0.70710718631744385,0,0.70710641145706177,0,0.99999994039535522,0,-0.70710641145706177,0,-0.70710718631744385,-0.28284314274787903,5.7600312232971191,-0.2828211784362793">
        </Bone>
      </Part>
    </Brick>
    <Brick refID="71" designID="3002">
      <Part refID="71" designID="3002" materials="199">
        <Bone refID="71" transformation="-0.70710712671279907,0,0.70710641145706177,0,0.99999994039535522,0,-0.70710641145706177,0,-0.70710712671279907,-0.28284326195716858,4.8000311851501465,-0.28282403945922852">
        </Bone>
      </Part>
    </Brick>
    <Brick refID="72" designID="3002">
      <Part refID="72" designID="3002" materials="199">
        <Bone refID="72" transformation="-0.70710700750350952,0,0.70710664987564087,0,1,0,-0.70710664987564087,0,-0.70710700750350952,-0.28284332156181335,3.8400311470031738,-0.28282022476196289">
        </Bone>
      </Part>
    </Brick>
    <Brick refID="73" designID="30499">
      <Part refID="73" designID="30499" materials="199">
        <Bone refID="73" transformation="-0.70710664987564087,0,-0.70710700750350952,0,1,0,0.70710700750350952,0,-0.70710664987564087,1.4142165184020996,0.96003091335296631,-0.84852075576782227">
        </Bone>
      </Part>
    </Brick>
    <Brick refID="74" designID="3003">
      <Part refID="74" designID="3003" materials="199,0,0" decoration="0,0">
        <Bone refID="74" transformation="-0.70710700750350952,0,0.70710664987564087,0,1,0,-0.70710664987564087,0,-0.70710700750350952,-0.84853237867355347,2.8800311088562012,0.28286123275756836">
        </Bone>
      </Part>
    </Brick>
    <Brick refID="75" designID="3003">
      <Part refID="75" designID="3003" materials="199,0,0" decoration="0,0">
        <Bone refID="75" transformation="-0.70710700750350952,0,0.70710664987564087,0,1,0,-0.70710664987564087,0,-0.70710700750350952,-0.84853237867355347,1.920030951499939,0.28286123275756836">
        </Bone>
      </Part>
    </Brick>
    <Brick refID="76" designID="3747">
      <Part refID="76" designID="3747" materials="199">
        <Bone refID="76" transformation="-0.70710664987564087,0,-0.70710700750350952,0,1,0,0.70710700750350952,0,-0.70710664987564087,0.84853106737136841,3.0899045668775216E-005,-0.28283548355102539">
        </Bone>
      </Part>
    </Brick>
    <Brick refID="77" designID="3003">
      <Part refID="77" designID="3003" materials="199,0,0" decoration="0,0">
        <Bone refID="77" transformation="-0.70710700750350952,0,0.70710664987564087,0,1,0,-0.70710664987564087,0,-0.70710700750350952,-0.84853237867355347,0.96003091335296631,0.28286123275756836">
        </Bone>
      </Part>
    </Brick>
    <Brick refID="78" designID="3002">
      <Part refID="78" designID="3002" materials="199">
        <Bone refID="78" transformation="-0.70710700750350952,0,0.70710664987564087,0,1,0,-0.70710664987564087,0,-0.70710700750350952,-0.2828470766544342,3.0899045668775216E-005,-0.28282785415649414">
        </Bone>
      </Part>
    </Brick>
    <Brick refID="79" designID="87544">
      <Part refID="79" designID="87544" materials="199">
        <Bone refID="79" transformation="-0.70710700750350952,0,0.70710664987564087,0,1,0,-0.70710664987564087,0,-0.70710700750350952,0.84852910041809082,0.96003091335296631,-0.28283548355102539">
        </Bone>
      </Part>
    </Brick>
    <Brick refID="80" designID="87544">
      <Part refID="80" designID="87544" materials="199">
        <Bone refID="80" transformation="0.70710694789886475,0,-0.70710664987564087,0,1,0,0.70710664987564087,0,0.70710694789886475,-0.28284326195716858,0.96003091335296631,-0.28282403945922852">
        </Bone>
      </Part>
    </Brick>
  </Bricks>
  <RigidSystems>
    <RigidSystem>
      <Rigid refID="0" transformation="-1,0,0,0,1,0,0,0,-1,-2.8000068664550781,3.8400001525878906,-6" boneRefs="0,1,2"/>
      <Rigid refID="1" transformation="0,0,-1,0,0.99999994039535522,0,1,0,0,1.1999988555908203,6.7200002670288086,-1.2000083923339844" boneRefs="3,4,5,6,7"/>
      <Rigid refID="2" transformation="-1,0,0,0,1,0,0,0,-1,-2.8000049591064453,6.7200002670288086,-5.2000007629394531" boneRefs="8,9,10,11,12"/>
      <Rigid refID="3" transformation="0,0,1,0,0.99999994039535522,0,-1,0,0,0.39999961853027344,9.6000308990478516,-1.9999923706054687" boneRefs="13,14,15,16,17,18,19,20,21,22,23,24,25,26,27,28,29,30,31,32,33,34,35,36,37,38,39,40,41,42,43,44,45,46,47,48,49,50,51,52,53,54,55,56,57,58,59"/>
      <Rigid refID="4" transformation="0,0,-1,0,0.99999994039535522,0,1,0,0,2,3.8400001525878906,-1.2000045776367187" boneRefs="60,61,62"/>
      <Rigid refID="5" transformation="0.70710653066635132,0,0.7071070671081543,0,1,0,-0.7071070671081543,0,0.70710653066635132,-1.4142074584960937,9.6000308990478516,-3.1514663696289062" boneRefs="63,64,65,66,67,68,69,70,71,72,73,74,75,76,77,78,79,80"/>
      <Joint type="hinge">
        <RigidRef rigidRef="2" a="0,1,0" z="0,0,1" t="0,0,0.80000007152557373"/>
        <RigidRef rigidRef="0" a="0,1,0" z="0,0,1" t="0,2.880000114440918,0"/>
      </Joint>
      <Joint type="hinge">
        <RigidRef rigidRef="1" a="0,1,0" z="0,0,1" t="0,2.880000114440918,0"/>
        <RigidRef rigidRef="3" a="0,1,0" z="-1,0,0" t="0.80000406503677368,0,-0.79999840259552002"/>
      </Joint>
      <Joint type="hinge">
        <RigidRef rigidRef="4" a="0,1,0" z="0,0,1" t="0,0,0"/>
        <RigidRef rigidRef="1" a="0,1,0" z="-1,0,0" t="0,-2.8800008296966553,0.80000001192092896"/>
      </Joint>
      <Joint type="hinge">
        <RigidRef rigidRef="2" a="0,1,0" z="0,0,1" t="0,2.880000114440918,0"/>
        <RigidRef rigidRef="3" a="0,1,0" z="-1,0,0" t="-3.19999098777771,0,3.2000017166137695"/>
      </Joint>
      <Joint type="hinge">
        <RigidRef rigidRef="5" a="0,1,0" z="0,0,1" t="0.40000125765800476,0.31999999284744263,-1.5999832153320313"/>
        <RigidRef rigidRef="3" a="0,1,0" z="1,0,0" t="-1.9999939203262329,0.31999993324279785,0.40000250935554504"/>
      </Joint>
    </RigidSystem>
  </RigidSystems>
  <GroupSystems>
    <GroupSystem>
    </GroupSystem>
  </GroupSystems>
</LXFML>
