<?xml version="1.0" encoding="UTF-8" standalone="no" ?>
<LXFML versionMajor="5" versionMinor="0">
  <Meta>
    <Application name="LEGO Universe" versionMajor="0" versionMinor="0"/>
    <Brand name="LEGOUniverse"/>
    <BrickSet version="330"/>
  </Meta>
  <Bricks>
    <Brick refID="0" designID="73983">
      <Part refID="0" designID="2429" materials="194">
        <Bone refID="0" transformation="-0.93767547607421875,-3.4380820579826832E-005,0.3475126326084137,-6.3827836129348725E-005,1,-7.3289258580189198E-005,-0.34751275181770325,-9.0902511146850884E-005,-0.9376753568649292,-0.33344841003417969,3.5200884342193604,1.56103515625">
        </Bone>
      </Part>
      <Part refID="1" designID="2430" materials="194">
        <Bone refID="1" transformation="-0.99998056888580322,-6.4160944020841271E-005,-0.0064007975161075592,-6.3692903495393693E-005,1,-7.3314935434609652E-005,0.0064006876200437546,-7.2905662818811834E-005,-0.99998128414154053,-2.0002164840698242,3.5200164318084717,2.0004122257232666">
        </Bone>
      </Part>
    </Brick>
    <Brick refID="1" designID="73983">
      <Part refID="2" designID="2430" materials="194">
        <Bone refID="2" transformation="-0.93767529726028442,-3.4380769648123533E-005,0.34751257300376892,-6.3827821577433497E-005,1,-7.3289251304231584E-005,-0.3475126326084137,-9.0902511146850884E-005,-0.93767517805099487,-0.33342549204826355,3.2000880241394043,1.561065673828125">
        </Bone>
      </Part>
      <Part refID="3" designID="2429" materials="194">
        <Bone refID="3" transformation="-0.68611937761306763,0,0.72748887538909912,-6.7438370024319738E-005,1,-6.9917994551360607E-005,-0.72748911380767822,-9.7032760095316917E-005,-0.68611925840377808,1.0167884826660156,3.2000870704650879,0.44812774658203125">
        </Bone>
      </Part>
    </Brick>
    <Brick refID="2" designID="3069">
      <Part refID="4" designID="3069" materials="194,0" decoration="0">
        <Bone refID="4" transformation="-0.93767547607421875,-3.4380762372165918E-005,0.3475126326084137,-6.3827836129348725E-005,1,-7.3289258580189198E-005,-0.34751275181770325,-9.0902394731529057E-005,-0.9376753568649292,-0.33325573801994324,3.8400883674621582,1.5609359741210938">
        </Bone>
      </Part>
    </Brick>
    <Brick refID="3" designID="73983">
      <Part refID="5" designID="2429" materials="194">
        <Bone refID="5" transformation="0,0,0.99999994039535522,0,1,0,-1.0000001192092896,0,0,2.0000114440917969,3.1999998092651367,-2.7999954223632813">
        </Bone>
      </Part>
      <Part refID="6" designID="2430" materials="194">
        <Bone refID="6" transformation="-0.37552955746650696,4.2769788706209511E-005,0.92681026458740234,-2.4224802473327145E-005,1,-5.5962842452572659E-005,-0.92681044340133667,-4.346742935013026E-005,-0.37552949786186218,1.8210411071777344,3.20001220703125,-1.0791473388671875">
        </Bone>
      </Part>
    </Brick>
    <Brick refID="4" designID="3023">
      <Part refID="7" designID="3023" materials="194">
        <Bone refID="7" transformation="0,0,-1,0,1,0,1.0000002384185791,0,0,2.0000133514404297,3.5199997425079346,-1.9999923706054687">
        </Bone>
      </Part>
    </Brick>
    <Brick refID="5" designID="3023">
      <Part refID="8" designID="3023" materials="194">
        <Bone refID="8" transformation="0,0,-1,0,1,0,1.0000002384185791,0,0,2.0000133514404297,3.8399996757507324,-1.9999923706054687">
        </Bone>
      </Part>
    </Brick>
    <Brick refID="6" designID="3070">
      <Part refID="9" designID="3070" materials="199,0" decoration="0">
        <Bone refID="9" transformation="0,0,-0.99999994039535522,0,1,0,1.0000001192092896,0,0,2.8000128269195557,0.31999999284744263,2.8000261783599854">
        </Bone>
      </Part>
    </Brick>
    <Brick refID="7" designID="41539">
      <Part refID="10" designID="41539" materials="194">
        <Bone refID="10" transformation="-1.0000001192092896,0,0,0,1,0,0,0,-0.99999994039535522,2.8000185489654541,0,-2.7999801635742187">
        </Bone>
      </Part>
    </Brick>
    <Brick refID="8" designID="3666">
      <Part refID="11" designID="3666" materials="194">
        <Bone refID="11" transformation="0,0,0.99999994039535522,0,1,0,-1,0,0,-2.7999849319458008,0.31999999284744263,-1.999969482421875">
        </Bone>
      </Part>
    </Brick>
    <Brick refID="9" designID="3666">
      <Part refID="12" designID="3666" materials="140">
        <Bone refID="12" transformation="0,0,1,0,1,0,-1.0000002384185791,0,0,-2.799992561340332,0.63999992609024048,-2.79998779296875">
        </Bone>
      </Part>
    </Brick>
    <Brick refID="10" designID="3009">
      <Part refID="13" designID="3009" materials="194">
        <Bone refID="13" transformation="0,0,1,0,1,0,-1.0000003576278687,0,0,-2.7999906539916992,0.95999991893768311,-2.7999801635742187">
        </Bone>
      </Part>
    </Brick>
    <Brick refID="11" designID="3004">
      <Part refID="14" designID="3004" materials="194,0,0,0" decoration="0,0,0">
        <Bone refID="14" transformation="0,0,1,0,1,0,-1.0000003576278687,0,0,-2.7999887466430664,1.9199998378753662,-1.999969482421875">
        </Bone>
      </Part>
    </Brick>
    <Brick refID="12" designID="3622">
      <Part refID="15" designID="3622" materials="194">
        <Bone refID="15" transformation="0,0,1,0,1,0,-1.0000003576278687,0,0,-2.799992561340332,1.9199998378753662,-0.39998608827590942">
        </Bone>
      </Part>
    </Brick>
    <Brick refID="13" designID="3710">
      <Part refID="16" designID="3710" materials="135">
        <Bone refID="16" transformation="0,0,-1,0,1,0,1.0000002384185791,0,0,-2.7999944686889648,2.8799998760223389,1.2000200748443604">
        </Bone>
      </Part>
    </Brick>
    <Brick refID="14" designID="3010">
      <Part refID="17" designID="3010" materials="194">
        <Bone refID="17" transformation="0,0,-0.99999994039535522,0,1,0,1.0000001192092896,0,0,-2.799992561340332,3.1999998092651367,0.40001693367958069">
        </Bone>
      </Part>
    </Brick>
    <Brick refID="15" designID="3666">
      <Part refID="18" designID="3666" materials="194">
        <Bone refID="18" transformation="0,0,-0.99999994039535522,0,1,0,1,0,0,-2.7999906539916992,4.1599998474121094,2.0000231266021729">
        </Bone>
      </Part>
    </Brick>
    <Brick refID="16" designID="3005">
      <Part refID="19" designID="3005" materials="194,0" decoration="0">
        <Bone refID="19" transformation="-1.0000002384185791,0,0,0,1,0,0,0,-1,-2.7999963760375977,3.1999998092651367,1.2000200748443604">
        </Bone>
      </Part>
    </Brick>
    <Brick refID="17" designID="3010">
      <Part refID="20" designID="3010" materials="199">
        <Bone refID="20" transformation="0,0,-0.99999994039535522,0,1,0,1,0,0,-2.7999906539916992,4.4799995422363281,1.2000277042388916">
        </Bone>
      </Part>
    </Brick>
    <Brick refID="18" designID="3009">
      <Part refID="21" designID="3009" materials="199">
        <Bone refID="21" transformation="0,0,-1,0,1,0,1.0000002384185791,0,0,-2.7999906539916992,5.4399995803833008,2.0000231266021729">
        </Bone>
      </Part>
    </Brick>
    <Brick refID="19" designID="3010">
      <Part refID="22" designID="3010" materials="199">
        <Bone refID="22" transformation="0,0,-1,0,1,0,1,0,0,-2.799992561340332,6.3999996185302734,1.2000200748443604">
        </Bone>
      </Part>
    </Brick>
    <Brick refID="20" designID="3009">
      <Part refID="23" designID="3009" materials="199">
        <Bone refID="23" transformation="0,0,-1,0,1,0,1.0000003576278687,0,0,-2.7999906539916992,7.3599996566772461,2.0000231266021729">
        </Bone>
      </Part>
    </Brick>
    <Brick refID="21" designID="3005">
      <Part refID="24" designID="3005" materials="199,0" decoration="0">
        <Bone refID="24" transformation="-1.0000002384185791,0,0,0,1,0,0,0,-1,-2.7999906539916992,6.3999996185302734,2.0000231266021729">
        </Bone>
      </Part>
    </Brick>
    <Brick refID="22" designID="3005">
      <Part refID="25" designID="3005" materials="199,0" decoration="0">
        <Bone refID="25" transformation="-1.0000002384185791,0,0,0,1,0,0,0,-1,-2.7999887466430664,8.3199996948242187,2.0000307559967041">
        </Bone>
      </Part>
    </Brick>
    <Brick refID="23" designID="3622">
      <Part refID="26" designID="3622" materials="194">
        <Bone refID="26" transformation="-1.0000004768371582,0,0,0,1,0,0,0,-1,-1.1999874114990234,9.2799997329711914,2.0000231266021729">
        </Bone>
      </Part>
    </Brick>
    <Brick refID="24" designID="3023">
      <Part refID="27" designID="3023" materials="199">
        <Bone refID="27" transformation="-1.0000004768371582,0,0,0,1,0,0,0,-1,-1.1999874114990234,8.9600000381469727,2.0000231266021729">
        </Bone>
      </Part>
    </Brick>
    <Brick refID="25" designID="6106">
      <Part refID="28" designID="6106" materials="199">
        <Bone refID="28" transformation="1.0000003576278687,0,0,0,1.0000001192092896,0,0,0,1,-1.9999874830245972,8.6400003433227539,-1.9999771118164062">
        </Bone>
      </Part>
    </Brick>
    <Brick refID="26" designID="47905">
      <Part refID="29" designID="47905" materials="1">
        <Bone refID="29" transformation="-0.70710718631744385,0,0.7071068286895752,0,1,0,-0.70710676908493042,0,-0.7071070671081543,0.40001314878463745,7.6800003051757812,0.40002456307411194">
        </Bone>
      </Part>
    </Brick>
    <Brick refID="27" designID="2431">
      <Part refID="30" designID="2431" materials="135,0" decoration="0">
        <Bone refID="30" transformation="0,-1,0,0.70710712671279907,0,-0.70710676908493042,0.70710670948028564,0,0.70710700750350952,0.68285393714904785,8.2400007247924805,0.11718765646219254">
        </Bone>
      </Part>
    </Brick>
    <Brick refID="28" designID="2431">
      <Part refID="31" designID="2431" materials="135,0" decoration="0">
        <Bone refID="31" transformation="0,-1.0000001192092896,0,-0.70710724592208862,0,0.70710694789886475,-0.7071068286895752,0,-0.70710700750350952,0.11716858297586441,8.2400007247924805,0.6828690767288208">
        </Bone>
      </Part>
    </Brick>
    <Brick refID="29" designID="4081">
      <Part refID="32" designID="4081" materials="140">
        <Bone refID="32" transformation="0.70710724592208862,0,-0.70710676908493042,0,1,0,0.7071068286895752,0,0.70710724592208862,0.40000933408737183,7.3600006103515625,0.40002456307411194">
        </Bone>
      </Part>
    </Brick>
    <Brick refID="30" designID="4070">
      <Part refID="33" designID="4070" materials="1">
        <Bone refID="33" transformation="-0.70710724592208862,0,0.7071068286895752,0,1,0,-0.70710688829421997,0,-0.70710712671279907,0.40000933408737183,6.4000005722045898,0.40002456307411194">
        </Bone>
      </Part>
    </Brick>
    <Brick refID="31" designID="4070">
      <Part refID="34" designID="4070" materials="1">
        <Bone refID="34" transformation="-0.70710724592208862,0,0.7071068286895752,0,1,0,-0.70710688829421997,0,-0.70710712671279907,0.40001314878463745,5.4400005340576172,0.40002456307411194">
        </Bone>
      </Part>
    </Brick>
    <Brick refID="32" designID="6107">
      <Part refID="35" designID="6107" materials="199">
        <Bone refID="35" transformation="1.0000002384185791,0,0,0,1,0,0,0,1,-1.1999874114990234,4.4799995422363281,2.0000231266021729">
        </Bone>
      </Part>
    </Brick>
    <Brick refID="33" designID="6106">
      <Part refID="36" designID="6106" materials="194">
        <Bone refID="36" transformation="1.0000002384185791,0,0,0,1.0000001192092896,0,0,0,1,-1.9999874830245972,4.1599998474121094,-1.9999771118164062">
        </Bone>
      </Part>
    </Brick>
    <Brick refID="34" designID="4070">
      <Part refID="37" designID="4070" materials="1">
        <Bone refID="37" transformation="-0.70710724592208862,0,0.7071068286895752,0,1,0,-0.70710688829421997,0,-0.70710718631744385,-0.39998617768287659,5.4400005340576172,1.2000200748443604">
        </Bone>
      </Part>
    </Brick>
    <Brick refID="35" designID="4070">
      <Part refID="38" designID="4070" materials="1">
        <Bone refID="38" transformation="-0.70710724592208862,0,0.7071068286895752,0,1,0,-0.70710688829421997,0,-0.70710718631744385,-0.3999880850315094,6.4000005722045898,1.2000200748443604">
        </Bone>
      </Part>
    </Brick>
    <Brick refID="36" designID="3070">
      <Part refID="39" designID="3070" materials="1,0" decoration="0">
        <Bone refID="39" transformation="0,1,0,-0.70710694789886475,0,-0.70710724592208862,-0.70710724592208862,0,0.7071068286895752,-0.57807916402816772,6.9600000381469727,1.0219271183013916">
        </Bone>
      </Part>
    </Brick>
    <Brick refID="37" designID="4081">
      <Part refID="40" designID="4081" materials="140">
        <Bone refID="40" transformation="0.70710718631744385,0,-0.70710688829421997,0,1,0,0.70710688829421997,0,0.70710718631744385,-0.39998617768287659,7.3600006103515625,1.2000200748443604">
        </Bone>
      </Part>
    </Brick>
    <Brick refID="38" designID="87087">
      <Part refID="41" designID="87087" materials="1">
        <Bone refID="41" transformation="0.70710688829421997,0,0.70710718631744385,0,1,0,-0.70710724592208862,0,0.7071068286895752,-0.3999880850315094,7.6800003051757812,1.2000200748443604">
        </Bone>
      </Part>
    </Brick>
    <Brick refID="39" designID="6141">
      <Part refID="42" designID="6141" materials="140">
        <Bone refID="42" transformation="-0.7071068286895752,0,-0.70710718631744385,-0.70710724592208862,0,0.70710688829421997,0,1,0,0.052559047937393188,7.6036691665649414,1.8788454532623291">
        </Bone>
      </Part>
    </Brick>
    <Brick refID="40" designID="3070">
      <Part refID="43" designID="3070" materials="1,0" decoration="0">
        <Bone refID="43" transformation="0,1,0,-0.70710694789886475,0,-0.70710724592208862,-0.70710724592208862,0,0.7071068286895752,-0.57807916402816772,6,1.0219271183013916">
        </Bone>
      </Part>
    </Brick>
    <Brick refID="41" designID="4070">
      <Part refID="44" designID="4070" materials="1">
        <Bone refID="44" transformation="-0.70710724592208862,0,0.7071068286895752,0,1,0,-0.70710688829421997,0,-0.70710712671279907,1.2000161409378052,5.4400005340576172,-0.39997845888137817">
        </Bone>
      </Part>
    </Brick>
    <Brick refID="42" designID="4070">
      <Part refID="45" designID="4070" materials="1">
        <Bone refID="45" transformation="-0.70710724592208862,0,0.7071068286895752,0,1,0,-0.70710688829421997,0,-0.70710712671279907,1.2000123262405396,6.4000005722045898,-0.39997845888137817">
        </Bone>
      </Part>
    </Brick>
    <Brick refID="43" designID="3070">
      <Part refID="46" designID="3070" materials="1,0" decoration="0">
        <Bone refID="46" transformation="0,1,0,-0.70710688829421997,0,-0.70710712671279907,-0.70710718631744385,0,0.70710676908493042,1.0219193696975708,6.9600000381469727,-0.57807141542434692">
        </Bone>
      </Part>
    </Brick>
    <Brick refID="44" designID="4081">
      <Part refID="47" designID="4081" materials="140">
        <Bone refID="47" transformation="0.7071073055267334,0,-0.7071068286895752,0,1,0,0.70710676908493042,0,0.7071073055267334,1.2000123262405396,7.3599996566772461,-0.39997845888137817">
        </Bone>
      </Part>
    </Brick>
    <Brick refID="45" designID="87087">
      <Part refID="48" designID="87087" materials="1">
        <Bone refID="48" transformation="-0.7071068286895752,0,-0.70710724592208862,0,1,0,0.7071073055267334,0,-0.7071068286895752,1.2000123262405396,7.6800003051757812,-0.39997845888137817">
        </Bone>
      </Part>
    </Brick>
    <Brick refID="46" designID="6141">
      <Part refID="49" designID="6141" materials="140">
        <Bone refID="49" transformation="0.70710688829421997,0,0.7071073055267334,0.70710748434066772,0,-0.70710700750350952,0,1.0000001192092896,0,1.8788340091705322,7.6036691665649414,0.052574321627616882">
        </Bone>
      </Part>
    </Brick>
    <Brick refID="47" designID="3070">
      <Part refID="50" designID="3070" materials="1,0" decoration="0">
        <Bone refID="50" transformation="0,1,0,-0.70710694789886475,0,-0.70710718631744385,-0.70710724592208862,0,0.7071068286895752,1.0219231843948364,6,-0.57807141542434692">
        </Bone>
      </Part>
    </Brick>
    <Brick refID="48" designID="3070">
      <Part refID="51" designID="3070" materials="1,0" decoration="0">
        <Bone refID="51" transformation="0,1,0,-0.70710694789886475,0,-0.70710718631744385,-0.70710724592208862,0,0.7071068286895752,0.22192017734050751,6,0.22193160653114319">
        </Bone>
      </Part>
    </Brick>
    <Brick refID="49" designID="3070">
      <Part refID="52" designID="3070" materials="1,0" decoration="0">
        <Bone refID="52" transformation="0,1,0,-0.70710694789886475,0,-0.70710718631744385,-0.70710724592208862,0,0.7071068286895752,0.22192017734050751,6.9600000381469727,0.22193160653114319">
        </Bone>
      </Part>
    </Brick>
    <Brick refID="50" designID="6141">
      <Part refID="53" designID="6141" materials="140">
        <Bone refID="53" transformation="-0.70710670948028564,0,-0.70710718631744385,-0.70710724592208862,0,0.7071068286895752,0,1,0,0.85256218910217285,7.6036691665649414,1.0788500308990479">
        </Bone>
      </Part>
    </Brick>
    <Brick refID="51" designID="6141">
      <Part refID="54" designID="6141" materials="140">
        <Bone refID="54" transformation="0.70710700750350952,0,0.70710718631744385,0.70710748434066772,0,-0.70710694789886475,0,1.0000001192092896,0,1.0788384675979614,7.6036691665649414,0.85257744789123535">
        </Bone>
      </Part>
    </Brick>
    <Brick refID="52" designID="3005">
      <Part refID="55" designID="3005" materials="1,0" decoration="0">
        <Bone refID="55" transformation="-1.0000003576278687,0,0,0,1,0,0,0,-1,-1.99998939037323,7.6800003051757812,2.0000231266021729">
        </Bone>
      </Part>
    </Brick>
    <Brick refID="53" designID="4081">
      <Part refID="56" designID="4081" materials="140">
        <Bone refID="56" transformation="1.0000003576278687,0,0,0,1,0,0,0,1,-1.99998939037323,7.3599996566772461,2.0000307559967041">
        </Bone>
      </Part>
    </Brick>
    <Brick refID="54" designID="6141">
      <Part refID="57" designID="6141" materials="140">
        <Bone refID="57" transformation="0,0,-0.99999994039535522,-1.0000002384185791,0,0,0,1,0,-2.1599929332733154,7.603668212890625,2.8000338077545166">
        </Bone>
      </Part>
    </Brick>
    <Brick refID="55" designID="6141">
      <Part refID="58" designID="6141" materials="140">
        <Bone refID="58" transformation="0,0,1.0000001192092896,1.0000005960464478,0,0,0,1.0000001192092896,0,-1.8399914503097534,7.6036691665649414,2.8000338077545166">
        </Bone>
      </Part>
    </Brick>
    <Brick refID="56" designID="4070">
      <Part refID="59" designID="4070" materials="1">
        <Bone refID="59" transformation="-1.0000003576278687,0,0,0,1,0,0,0,-1,-1.99998939037323,6.4000005722045898,2.0000307559967041">
        </Bone>
      </Part>
    </Brick>
    <Brick refID="57" designID="4070">
      <Part refID="60" designID="4070" materials="1">
        <Bone refID="60" transformation="-1.0000003576278687,0,0,0,1,0,0,0,-1,-1.9999912977218628,5.4400005340576172,2.0000307559967041">
        </Bone>
      </Part>
    </Brick>
    <Brick refID="58" designID="3004">
      <Part refID="61" designID="3004" materials="199,0,0,0" decoration="0,0,0">
        <Bone refID="61" transformation="-1.0000003576278687,0,0,0,1,0,0,0,-1,-1.9999912977218628,4.4799995422363281,2.0000307559967041">
        </Bone>
      </Part>
    </Brick>
    <Brick refID="59" designID="3070">
      <Part refID="62" designID="3070" materials="1,0" decoration="0">
        <Bone refID="62" transformation="0,1,0,0,0,-1.0000002384185791,-1.0000004768371582,0,0,-1.9999855756759644,6,1.7481769323348999">
        </Bone>
      </Part>
    </Brick>
    <Brick refID="60" designID="3070">
      <Part refID="63" designID="3070" materials="1,0" decoration="0">
        <Bone refID="63" transformation="0,1,0,0,0,-1.0000001192092896,-1.0000003576278687,0,0,-1.9999855756759644,6.9600000381469727,1.7481693029403687">
        </Bone>
      </Part>
    </Brick>
    <Brick refID="61" designID="3005">
      <Part refID="64" designID="3005" materials="1,0" decoration="0">
        <Bone refID="64" transformation="-1.0000004768371582,0,0,0,1,0,0,0,-1,2.0000154972076416,7.6800003051757812,-1.9999771118164062">
        </Bone>
      </Part>
    </Brick>
    <Brick refID="62" designID="4081">
      <Part refID="65" designID="4081" materials="140">
        <Bone refID="65" transformation="0,0,-1,0,1,0,1.0000004768371582,0,0,2.0000154972076416,7.3599996566772461,-1.999969482421875">
        </Bone>
      </Part>
    </Brick>
    <Brick refID="63" designID="4070">
      <Part refID="66" designID="4070" materials="1">
        <Bone refID="66" transformation="0,0,1,0,1,0,-1.0000004768371582,0,0,2.000011682510376,6.3999996185302734,-1.999969482421875">
        </Bone>
      </Part>
    </Brick>
    <Brick refID="64" designID="4070">
      <Part refID="67" designID="4070" materials="1">
        <Bone refID="67" transformation="0,0,1,0,1,0,-1.0000004768371582,0,0,2.000011682510376,5.4399995803833008,-1.999969482421875">
        </Bone>
      </Part>
    </Brick>
    <Brick refID="65" designID="3004">
      <Part refID="68" designID="3004" materials="199,0,0,0" decoration="0,0,0">
        <Bone refID="68" transformation="0,0,-1,0,1,0,1.0000004768371582,0,0,2.0000154972076416,4.4799995422363281,-1.999969482421875">
        </Bone>
      </Part>
    </Brick>
    <Brick refID="66" designID="3070">
      <Part refID="69" designID="3070" materials="1,0" decoration="0">
        <Bone refID="69" transformation="0,1,0,-1.0000007152557373,0,0,0,0,1.0000001192092896,1.7481577396392822,6,-1.999969482421875">
        </Bone>
      </Part>
    </Brick>
    <Brick refID="67" designID="3070">
      <Part refID="70" designID="3070" materials="1,0" decoration="0">
        <Bone refID="70" transformation="0,1,0,-1.0000005960464478,0,0,0,0,1,1.7481539249420166,6.9600000381469727,-1.9999771118164062">
        </Bone>
      </Part>
    </Brick>
    <Brick refID="68" designID="6141">
      <Part refID="71" designID="6141" materials="140">
        <Bone refID="71" transformation="-1.0000004768371582,0,0,0,0,1,0,1,0,2.8000147342681885,7.6036691665649414,-1.8399734497070313">
        </Bone>
      </Part>
    </Brick>
    <Brick refID="69" designID="6141">
      <Part refID="72" designID="6141" materials="140">
        <Bone refID="72" transformation="1.0000005960464478,0,0,0,0,-1.0000002384185791,0,1.0000001192092896,0,2.8000147342681885,7.6036691665649414,-2.15997314453125">
        </Bone>
      </Part>
    </Brick>
    <Brick refID="70" designID="30565">
      <Part refID="73" designID="30565" materials="199">
        <Bone refID="73" transformation="1.0000004768371582,0,0,0,1.0000001192092896,0,0,0,1,-0.39998617768287659,8.9600000381469727,-0.39997845888137817">
        </Bone>
      </Part>
    </Brick>
    <Brick refID="71" designID="48092">
      <Part refID="74" designID="48092" materials="194">
        <Bone refID="74" transformation="1.0000004768371582,0,0,0,1.0000001192092896,0,0,0,1,-0.39998617768287659,9.2799997329711914,2.0000231266021729">
        </Bone>
      </Part>
    </Brick>
    <Brick refID="72" designID="3023">
      <Part refID="75" designID="3023" materials="199">
        <Bone refID="75" transformation="0,0,-1,0,1,0,1.0000004768371582,0,0,2.0000154972076416,8.9600000381469727,-1.1999740600585937">
        </Bone>
      </Part>
    </Brick>
    <Brick refID="73" designID="3622">
      <Part refID="76" designID="3622" materials="194">
        <Bone refID="76" transformation="0,0,-1,0,1,0,1.0000004768371582,0,0,2.0000154972076416,9.2799997329711914,-1.1999740600585937">
        </Bone>
      </Part>
    </Brick>
    <Brick refID="74" designID="3005">
      <Part refID="77" designID="3005" materials="199,0" decoration="0">
        <Bone refID="77" transformation="-1.0000003576278687,0,0,0,1,0,0,0,-1,2.0000154972076416,8.3199996948242187,-2.7999954223632813">
        </Bone>
      </Part>
    </Brick>
    <Brick refID="75" designID="3009">
      <Part refID="78" designID="3009" materials="199">
        <Bone refID="78" transformation="-1.0000003576278687,0,0,0,1,0,0,0,-1,2.0000154972076416,7.3599996566772461,-2.7999954223632813">
        </Bone>
      </Part>
    </Brick>
    <Brick refID="76" designID="3010">
      <Part refID="79" designID="3010" materials="199">
        <Bone refID="79" transformation="1.0000003576278687,0,0,0,1,0,0,0,1,-1.1999874114990234,6.3999996185302734,-2.7999954223632813">
        </Bone>
      </Part>
    </Brick>
    <Brick refID="77" designID="3009">
      <Part refID="80" designID="3009" materials="199">
        <Bone refID="80" transformation="-1.0000002384185791,0,0,0,1,0,0,0,-1,2.0000154972076416,5.4399995803833008,-2.7999954223632813">
        </Bone>
      </Part>
    </Brick>
    <Brick refID="78" designID="3010">
      <Part refID="81" designID="3010" materials="199">
        <Bone refID="81" transformation="1.0000002384185791,0,0,0,1,0,0,0,1,-1.1999874114990234,4.4799995422363281,-2.79998779296875">
        </Bone>
      </Part>
    </Brick>
    <Brick refID="79" designID="3666">
      <Part refID="82" designID="3666" materials="194">
        <Bone refID="82" transformation="-1.0000001192092896,0,0,0,1,0,0,0,-0.99999994039535522,2.0000154972076416,4.1599998474121094,-2.79998779296875">
        </Bone>
      </Part>
    </Brick>
    <Brick refID="80" designID="3009">
      <Part refID="83" designID="3009" materials="194">
        <Bone refID="83" transformation="-1.0000001192092896,0,0,0,1,0,0,0,-0.99999994039535522,1.2000159025192261,3.1999998092651367,-2.7999882698059082">
        </Bone>
      </Part>
    </Brick>
    <Brick refID="81" designID="3710">
      <Part refID="84" designID="3710" materials="135">
        <Bone refID="84" transformation="-1.0000001192092896,0,0,0,1,0,0,0,-0.99999994039535522,1.2000120878219604,2.8799998760223389,-2.7999958992004395">
        </Bone>
      </Part>
    </Brick>
    <Brick refID="82" designID="3009">
      <Part refID="85" designID="3009" materials="194">
        <Bone refID="85" transformation="-1.0000004768371582,0,0,0,1,0,0,0,-1.0000001192092896,1.2000120878219604,1.9199998378753662,-2.799980640411377">
        </Bone>
      </Part>
    </Brick>
    <Brick refID="83" designID="2420">
      <Part refID="86" designID="2420" materials="135">
        <Bone refID="86" transformation="0,0,-0.99999994039535522,0,1,0,1.0000001192092896,0,0,-2.7999911308288574,2.8799998760223389,-1.9999847412109375">
        </Bone>
      </Part>
    </Brick>
    <Brick refID="84" designID="3004">
      <Part refID="87" designID="3004" materials="194,0,0,0" decoration="0,0,0">
        <Bone refID="87" transformation="1.0000003576278687,0,0,0,1,0,0,0,1.0000001192092896,-1.9999898672103882,0.95999997854232788,-2.799980640411377">
        </Bone>
      </Part>
    </Brick>
    <Brick refID="85" designID="3023">
      <Part refID="88" designID="3023" materials="140">
        <Bone refID="88" transformation="-1,0,0,0,1,0,0,0,-0.99999994039535522,-1.1999857425689697,0.63999998569488525,-2.7999958992004395">
        </Bone>
      </Part>
    </Brick>
    <Brick refID="86" designID="3666">
      <Part refID="89" designID="3666" materials="194">
        <Bone refID="89" transformation="1.0000001192092896,0,0,0,1,0,0,0,0.99999994039535522,-2.7999930381774902,0.3200000524520874,-2.799980640411377">
        </Bone>
      </Part>
    </Brick>
    <Brick refID="87" designID="3623">
      <Part refID="90" designID="3623" materials="140">
        <Bone refID="90" transformation="-1.0000002384185791,0,0,0,1,0,0,0,-1,1.2000159025192261,0.63999998569488525,-2.7999882698059082">
        </Bone>
      </Part>
    </Brick>
    <Brick refID="88" designID="3622">
      <Part refID="91" designID="3622" materials="194">
        <Bone refID="91" transformation="1.0000003576278687,0,0,0,1,0,0,0,1.0000001192092896,-0.39998450875282288,0.95999997854232788,-2.799980640411377">
        </Bone>
      </Part>
    </Brick>
    <Brick refID="89" designID="3024">
      <Part refID="92" designID="3024" materials="194">
        <Bone refID="92" transformation="-1.0000001192092896,0,0,0,1,0,0,0,-0.99999994039535522,-2.7999911308288574,4.1599998474121094,-2.7999958992004395">
        </Bone>
      </Part>
    </Brick>
    <Brick refID="90" designID="2357">
      <Part refID="93" designID="2357" materials="199">
        <Bone refID="93" transformation="0,0,-0.99999994039535522,0,1.0000001192092896,0,1.0000001192092896,0,0,-2.7999911308288574,4.4799995422363281,-1.9999847412109375">
        </Bone>
      </Part>
    </Brick>
    <Brick refID="91" designID="3005">
      <Part refID="94" designID="3005" materials="199,0" decoration="0">
        <Bone refID="94" transformation="-1.0000002384185791,0,0,0,1,0,0,0,-1,-2.7999911308288574,5.4399995803833008,-2.7999958992004395">
        </Bone>
      </Part>
    </Brick>
    <Brick refID="92" designID="2357">
      <Part refID="95" designID="2357" materials="199">
        <Bone refID="95" transformation="0,0,-1,0,1.0000001192092896,0,1.0000003576278687,0,0,-2.7999911308288574,6.3999996185302734,-1.9999923706054687">
        </Bone>
      </Part>
    </Brick>
    <Brick refID="93" designID="3005">
      <Part refID="96" designID="3005" materials="199,0" decoration="0">
        <Bone refID="96" transformation="-1.0000003576278687,0,0,0,1,0,0,0,-1,-2.7999911308288574,7.3599996566772461,-2.8000035285949707">
        </Bone>
      </Part>
    </Brick>
    <Brick refID="94" designID="2357">
      <Part refID="97" designID="2357" materials="199">
        <Bone refID="97" transformation="0,0,-1,0,1.0000001192092896,0,1.0000003576278687,0,0,-2.7999892234802246,8.3199996948242187,-1.9999847412109375">
        </Bone>
      </Part>
    </Brick>
    <Brick refID="95" designID="3009">
      <Part refID="98" designID="3009" materials="194">
        <Bone refID="98" transformation="-1.0000004768371582,0,0,0,1,0,0,0,-1,1.2000159025192261,9.2799997329711914,-2.799980640411377">
        </Bone>
      </Part>
    </Brick>
    <Brick refID="96" designID="3010">
      <Part refID="99" designID="3010" materials="199">
        <Bone refID="99" transformation="1.0000004768371582,0,0,0,1,0,0,0,1,-1.1999876499176025,8.3199996948242187,-2.7999958992004395">
        </Bone>
      </Part>
    </Brick>
    <Brick refID="97" designID="3066">
      <Part refID="100" designID="3066" materials="194">
        <Bone refID="100" transformation="1.0000004768371582,0,0,0,1,0,0,0,1,-1.1999838352203369,10.239999771118164,-2.7999882698059082">
        </Bone>
      </Part>
    </Brick>
    <Brick refID="98" designID="3009">
      <Part refID="101" designID="3009" materials="194">
        <Bone refID="101" transformation="-1.0000004768371582,0,0,0,1,0,0,0,-1,1.2000197172164917,11.199999809265137,-2.799980640411377">
        </Bone>
      </Part>
    </Brick>
    <Brick refID="99" designID="3005">
      <Part refID="102" designID="3005" materials="194,0" decoration="0">
        <Bone refID="102" transformation="0,0,-1,0,1,0,1.0000004768371582,0,0,-1.9999860525131226,10.239999771118164,-2.7999882698059082">
        </Bone>
      </Part>
    </Brick>
    <Brick refID="100" designID="3005">
      <Part refID="103" designID="3005" materials="199,0" decoration="0">
        <Bone refID="103" transformation="-1.0000002384185791,0,0,0,1,0,0,0,-1,2.0000152587890625,6.3999996185302734,-2.8000035285949707">
        </Bone>
      </Part>
    </Brick>
    <Brick refID="101" designID="60592">
      <Part refID="104" designID="60592" materials="194">
        <Bone refID="104" transformation="0,0,-1,0,1,0,1.0000004768371582,0,0,2.0000152587890625,10.239999771118164,-1.9999771118164062">
        </Bone>
      </Part>
    </Brick>
    <Brick refID="102" designID="60601">
      <Part refID="105" designID="60601" materials="1">
        <Bone refID="105" transformation="0,0,-1,0,1,0,1.0000004768371582,0,0,2.0000190734863281,10.239999771118164,-1.9999771118164062">
        </Bone>
      </Part>
    </Brick>
    <Brick refID="103" designID="60592">
      <Part refID="106" designID="60592" materials="194">
        <Bone refID="106" transformation="1.0000004768371582,0,0,0,1,0,0,0,1,-2.7999911308288574,10.239999771118164,2.0000152587890625">
        </Bone>
      </Part>
    </Brick>
    <Brick refID="104" designID="60601">
      <Part refID="107" designID="60601" materials="1">
        <Bone refID="107" transformation="1.0000004768371582,0,0,0,1,0,0,0,1,-2.7999911308288574,10.239999771118164,2.0000152587890625">
        </Bone>
      </Part>
    </Brick>
    <Brick refID="105" designID="3010">
      <Part refID="108" designID="3010" materials="199">
        <Bone refID="108" transformation="0,0,-1,0,1,0,1,0,0,-2.7999911308288574,8.3199996948242187,1.2000198364257812">
        </Bone>
      </Part>
    </Brick>
    <Brick refID="106" designID="3005">
      <Part refID="109" designID="3005" materials="194,0" decoration="0">
        <Bone refID="109" transformation="-1,0,0,0,1,0,0,0,-1,-2.7999911308288574,9.2799997329711914,1.2000198364257812">
        </Bone>
      </Part>
    </Brick>
    <Brick refID="107" designID="3009">
      <Part refID="110" designID="3009" materials="194">
        <Bone refID="110" transformation="0,0,-1,0,1,0,1.0000004768371582,0,0,-2.7999930381774902,10.239999771118164,1.20001220703125">
        </Bone>
      </Part>
    </Brick>
    <Brick refID="108" designID="3066">
      <Part refID="111" designID="3066" materials="194">
        <Bone refID="111" transformation="0,0,-1,0,1,0,1,0,0,-2.7999911308288574,9.2799997329711914,0.40002432465553284">
        </Bone>
      </Part>
    </Brick>
    <Brick refID="109" designID="3066">
      <Part refID="112" designID="3066" materials="194">
        <Bone refID="112" transformation="0,0,-1,0,1,0,1,0,0,-2.7999873161315918,11.199999809265137,0.40002432465553284">
        </Bone>
      </Part>
    </Brick>
    <Brick refID="110" designID="3005">
      <Part refID="113" designID="3005" materials="194,0" decoration="0">
        <Bone refID="113" transformation="-1,0,0,0,1,0,0,0,-1,-2.7999873161315918,11.199999809265137,1.2000198364257812">
        </Bone>
      </Part>
    </Brick>
    <Brick refID="111" designID="3024">
      <Part refID="114" designID="3024" materials="194">
        <Bone refID="114" transformation="1,0,0,0,1,0,0,0,0.99999994039535522,-1.9999822378158569,0.3200000524520874,2.0000152587890625">
        </Bone>
      </Part>
    </Brick>
    <Brick refID="112" designID="3023">
      <Part refID="115" designID="3023" materials="140">
        <Bone refID="115" transformation="-1.0000002384185791,0,0,0,1,0,0,0,-0.99999994039535522,-1.9999898672103882,0.63999998569488525,2.0000152587890625">
        </Bone>
      </Part>
    </Brick>
    <Brick refID="113" designID="60592">
      <Part refID="116" designID="60592" materials="194">
        <Bone refID="116" transformation="1.0000002384185791,0,0,0,1,0,0,0,1,-2.7999911308288574,0.95999997854232788,2.0000228881835937">
        </Bone>
      </Part>
    </Brick>
    <Brick refID="114" designID="60601">
      <Part refID="117" designID="60601" materials="1">
        <Bone refID="117" transformation="1.0000002384185791,0,0,0,1,0,0,0,1,-2.7999911308288574,0.95999985933303833,2.0000228881835937">
        </Bone>
      </Part>
    </Brick>
    <Brick refID="115" designID="3070">
      <Part refID="118" designID="3070" materials="194,0" decoration="0">
        <Bone refID="118" transformation="0,0,0.99999994039535522,0,1,0,-1.0000001192092896,0,0,2.0000267028808594,0.3200000524520874,2.0000152587890625">
        </Bone>
      </Part>
    </Brick>
    <Brick refID="116" designID="3070">
      <Part refID="119" designID="3070" materials="199,0" decoration="0">
        <Bone refID="119" transformation="0,0,-0.99999994039535522,0,1,0,1.0000001192092896,0,0,2.8000221252441406,0.3199998140335083,-2.7999882698059082">
        </Bone>
      </Part>
    </Brick>
    <Brick refID="117" designID="3023">
      <Part refID="120" designID="3023" materials="194">
        <Bone refID="120" transformation="0,0,-0.99999994039535522,0,1,0,1.0000001192092896,0,0,2.0000228881835937,0.3200000524520874,-1.9999847412109375">
        </Bone>
      </Part>
    </Brick>
    <Brick refID="118" designID="3023">
      <Part refID="121" designID="3023" materials="140">
        <Bone refID="121" transformation="0,0,0.99999994039535522,0,1,0,-1,0,0,2.0000152587890625,0.63999998569488525,-2.7999958992004395">
        </Bone>
      </Part>
    </Brick>
    <Brick refID="119" designID="60592">
      <Part refID="122" designID="60592" materials="194">
        <Bone refID="122" transformation="0,0,-0.99999994039535522,0,1,0,1.0000001192092896,0,0,2.0000152587890625,0.95999997854232788,-1.9999923706054687">
        </Bone>
      </Part>
    </Brick>
    <Brick refID="120" designID="60601">
      <Part refID="123" designID="60601" materials="1">
        <Bone refID="123" transformation="0,0,-0.99999994039535522,0,1,0,1.0000001192092896,0,0,2.0000152587890625,0.95999985933303833,-1.9999923706054687">
        </Bone>
      </Part>
    </Brick>
    <Brick refID="121" designID="6636">
      <Part refID="124" designID="6636" materials="199,0" decoration="0">
        <Bone refID="124" transformation="-1.0000001192092896,0,0,0,1,0,0,0,-0.99999994039535522,2.0000152587890625,0.3200000524520874,2.800018310546875">
        </Bone>
      </Part>
    </Brick>
    <Brick refID="122" designID="3070">
      <Part refID="125" designID="3070" materials="199,0" decoration="0">
        <Bone refID="125" transformation="0,0,-0.99999994039535522,0,1,0,1.0000001192092896,0,0,-2.7999930381774902,0.3200000524520874,2.800018310546875">
        </Bone>
      </Part>
    </Brick>
    <Brick refID="123" designID="2431">
      <Part refID="126" designID="2431" materials="194,0" decoration="0">
        <Bone refID="126" transformation="0,0,-0.99999994039535522,0,1,0,1.0000001192092896,0,0,2.0000343322753906,0.3200000524520874,1.2000198364257812">
        </Bone>
      </Part>
    </Brick>
    <Brick refID="124" designID="6636">
      <Part refID="127" designID="6636" materials="199,0" decoration="0">
        <Bone refID="127" transformation="0,0,-0.99999994039535522,0,1,0,1.0000001192092896,0,0,2.8000221252441406,0.3200000524520874,2.0000228881835937">
        </Bone>
      </Part>
    </Brick>
    <Brick refID="125" designID="3070">
      <Part refID="128" designID="3070" materials="199,0" decoration="0">
        <Bone refID="128" transformation="0,0,0.99999994039535522,0,1,0,-1.0000001192092896,0,0,1.2000311613082886,0.3200000524520874,1.2000198364257812">
        </Bone>
      </Part>
    </Brick>
    <Brick refID="126" designID="3069">
      <Part refID="129" designID="3069" materials="199,0" decoration="0">
        <Bone refID="129" transformation="-1.0000001192092896,0,0,0,1,0,0,0,-0.99999994039535522,0.40024560689926147,0.3200000524520874,1.20001220703125">
        </Bone>
      </Part>
    </Brick>
    <Brick refID="127" designID="2431">
      <Part refID="130" designID="2431" materials="194,0" decoration="0">
        <Bone refID="130" transformation="-1.0000001192092896,0,0,0,1,0,0,0,-0.99999994039535522,1.2000197172164917,0.3200000524520874,2.0000228881835937">
        </Bone>
      </Part>
    </Brick>
    <Brick refID="128" designID="3069">
      <Part refID="131" designID="3069" materials="199,0" decoration="0">
        <Bone refID="131" transformation="0,0,0.99999994039535522,0,1,0,-1.0000001192092896,0,0,1.2000311613082886,0.3200000524520874,-0.40020757913589478">
        </Bone>
      </Part>
    </Brick>
