<?xml version="1.0" encoding="UTF-8" standalone="no" ?>
<LXFML versionMajor="5" versionMinor="0">
  <Meta>
    <Application name="LEGO Universe" versionMajor="0" versionMinor="0"/>
    <Brand name="LEGOUniverse"/>
    <BrickSet version="330"/>
  </Meta>
  <Bricks>
    <Brick refID="0" designID="50746">
      <Part refID="0" designID="50746" materials="199">
        <Bone refID="0" transformation="-1,0,0,0,1,0,0,0,-1,-4.4000129699707031,6.0800037384033203,-1.1999984979629517">
        </Bone>
      </Part>
    </Brick>
    <Brick refID="1" designID="61252">
      <Part refID="1" designID="61252" materials="199">
        <Bone refID="1" transformation="1,0,0,0,1,0,0,0,1,-4.4000105857849121,5.7600040435791016,-1.1999969482421875">
        </Bone>
      </Part>
    </Brick>
    <Brick refID="2" designID="3024">
      <Part refID="2" designID="3024" materials="199">
        <Bone refID="2" transformation="-1,0,0,0,1,0,0,0,-1,-4.4000105857849121,5.4400033950805664,-1.2000045776367187">
        </Bone>
      </Part>
    </Brick>
    <Brick refID="3" designID="3024">
      <Part refID="3" designID="3024" materials="199">
        <Bone refID="3" transformation="-1,0,0,0,1,0,0,0,-1,-4.4000029563903809,5.119999885559082,-1.2000045776367187">
        </Bone>
      </Part>
    </Brick>
    <Brick refID="4" designID="3005">
      <Part refID="4" designID="3005" materials="199,0" decoration="0">
        <Bone refID="4" transformation="-1,0,0,0,1,0,0,0,-1,-4.4000029563903809,4.1599998474121094,-1.2000045776367187">
        </Bone>
      </Part>
    </Brick>
    <Brick refID="5" designID="3005">
      <Part refID="5" designID="3005" materials="199,0" decoration="0">
        <Bone refID="5" transformation="-1,0,0,0,1,0,0,0,-1,-4.4000029563903809,3.2000000476837158,-1.2000045776367187">
        </Bone>
      </Part>
    </Brick>
    <Brick refID="6" designID="3005">
      <Part refID="6" designID="3005" materials="199,0" decoration="0">
        <Bone refID="6" transformation="-1,0,0,0,1,0,0,0,-1,-4.4000029563903809,2.2400000095367432,-1.1999969482421875">
        </Bone>
      </Part>
    </Brick>
    <Brick refID="7" designID="61252">
      <Part refID="7" designID="61252" materials="199">
        <Bone refID="7" transformation="1,0,0,0,1,0,0,0,1,-4.4000029563903809,0.96000385284423828,-1.1999969482421875">
        </Bone>
      </Part>
    </Brick>
    <Brick refID="8" designID="4286">
      <Part refID="8" designID="4286" materials="199">
        <Bone refID="8" transformation="0,0,-1,0,0.99999994039535522,0,1,0,0,-4.3999433517456055,1.2799997329711914,-1.2000372409820557">
        </Bone>
      </Part>
    </Brick>
    <Brick refID="9" designID="3666">
      <Part refID="9" designID="3666" materials="199">
        <Bone refID="9" transformation="1,0,0,0,1,0,0,0,1,-3.5999999046325684,0.96000003814697266,-1.1999969482421875">
        </Bone>
      </Part>
    </Brick>
    <Brick refID="10" designID="3069">
      <Part refID="10" designID="3069" materials="199,0" decoration="0">
        <Bone refID="10" transformation="-1,0,0,0,1,0,0,0,-1,-1.1997771263122559,1.2799997329711914,-1.1999969482421875">
        </Bone>
      </Part>
    </Brick>
    <Brick refID="11" designID="63864">
      <Part refID="11" designID="63864" materials="199">
        <Bone refID="11" transformation="-1,0,0,0,1,0,0,0,-1,1.1999955177307129,1.2799997329711914,-1.1999969482421875">
        </Bone>
      </Part>
    </Brick>
    <Brick refID="12" designID="6111">
      <Part refID="12" designID="6111" materials="199">
        <Bone refID="12" transformation="1,0,0,0,1,0,0,0,1,-2.8000006675720215,0,-1.1999969482421875">
        </Bone>
      </Part>
    </Brick>
    <Brick refID="13" designID="3623">
      <Part refID="13" designID="3623" materials="199">
        <Bone refID="13" transformation="1,0,0,0,1,0,0,0,1,1.1999993324279785,0.96000003814697266,-1.1999969482421875">
        </Bone>
      </Part>
    </Brick>
    <Brick refID="14" designID="4286">
      <Part refID="14" designID="4286" materials="199">
        <Bone refID="14" transformation="0,0,1,0,0.99999994039535522,0,-1,0,0,3.5999851226806641,1.280003547668457,-1.1999969482421875">
        </Bone>
      </Part>
    </Brick>
    <Brick refID="15" designID="50746">
      <Part refID="15" designID="50746" materials="199">
        <Bone refID="15" transformation="-1,0,0,0,1,0,0,0,-1,3.5999741554260254,6.0800075531005859,-1.1999969482421875">
        </Bone>
      </Part>
    </Brick>
    <Brick refID="16" designID="61252">
      <Part refID="16" designID="61252" materials="199">
        <Bone refID="16" transformation="1,0,0,0,1,0,0,0,1,3.5999898910522461,5.7600078582763672,-1.2000372409820557">
        </Bone>
      </Part>
    </Brick>
    <Brick refID="17" designID="3024">
      <Part refID="17" designID="3024" materials="199">
        <Bone refID="17" transformation="-1,0,0,0,1,0,0,0,-1,3.5999898910522461,5.440007209777832,-1.2000372409820557">
        </Bone>
      </Part>
    </Brick>
    <Brick refID="18" designID="3024">
      <Part refID="18" designID="3024" materials="199">
        <Bone refID="18" transformation="-1,0,0,0,1,0,0,0,-1,3.5999975204467773,5.1200037002563477,-1.2000448703765869">
        </Bone>
      </Part>
    </Brick>
    <Brick refID="19" designID="3005">
      <Part refID="19" designID="3005" materials="199,0" decoration="0">
        <Bone refID="19" transformation="-1,0,0,0,1,0,0,0,-1,3.5999975204467773,4.160003662109375,-1.2000372409820557">
        </Bone>
      </Part>
    </Brick>
    <Brick refID="20" designID="3005">
      <Part refID="20" designID="3005" materials="199,0" decoration="0">
        <Bone refID="20" transformation="-1,0,0,0,1,0,0,0,-1,3.5999975204467773,3.2000036239624023,-1.2000372409820557">
        </Bone>
      </Part>
    </Brick>
    <Brick refID="21" designID="3005">
      <Part refID="21" designID="3005" materials="199,0" decoration="0">
        <Bone refID="21" transformation="-1,0,0,0,1,0,0,0,-1,3.5999975204467773,2.2400035858154297,-1.2000372409820557">
        </Bone>
      </Part>
    </Brick>
    <Brick refID="22" designID="50746">
      <Part refID="22" designID="50746" materials="199">
        <Bone refID="22" transformation="0,0,-1,0,0.99999994039535522,0,1,0,0,4.3999814987182617,1.600003719329834,-1.1999969482421875">
        </Bone>
      </Part>
    </Brick>
    <Brick refID="23" designID="3024">
      <Part refID="23" designID="3024" materials="199">
        <Bone refID="23" transformation="1,0,0,0,1,0,0,0,1,4.4000053405761719,1.280003547668457,-1.2000372409820557">
        </Bone>
      </Part>
    </Brick>
    <Brick refID="24" designID="3024">
      <Part refID="24" designID="3024" materials="199">
        <Bone refID="24" transformation="0,0,1,0,0.99999994039535522,0,-1,0,0,4.4000091552734375,0.96000003814697266,-1.2000372409820557">
        </Bone>
      </Part>
    </Brick>
    <Brick refID="25" designID="3622">
      <Part refID="25" designID="3622" materials="199">
        <Bone refID="25" transformation="1,0,0,0,1,0,0,0,1,-5.2000021934509277,0,-1.1999969482421875">
        </Bone>
      </Part>
    </Brick>
    <Brick refID="26" designID="50746">
      <Part refID="26" designID="50746" materials="199">
        <Bone refID="26" transformation="0,0,1,0,0.99999994039535522,0,-1,0,0,-5.1999907493591309,1.5999999046325684,-1.1999969482421875">
        </Bone>
      </Part>
    </Brick>
    <Brick refID="27" designID="3024">
      <Part refID="27" designID="3024" materials="199">
        <Bone refID="27" transformation="-1,0,0,0,1,0,0,0,-1,-5.199946403503418,1.2799997329711914,-1.2000448703765869">
        </Bone>
      </Part>
    </Brick>
    <Brick refID="28" designID="3024">
      <Part refID="28" designID="3024" materials="199">
        <Bone refID="28" transformation="0,0,1,0,0.99999994039535522,0,-1,0,0,-5.1999502182006836,0.96000385284423828,-1.2000372409820557">
        </Bone>
      </Part>
    </Brick>
    <Brick refID="29" designID="61252">
      <Part refID="29" designID="61252" materials="199">
        <Bone refID="29" transformation="1,0,0,0,1,0,0,0,1,3.5999927520751953,0.96000385284423828,-1.1999969482421875">
        </Bone>
      </Part>
    </Brick>
    <Brick refID="30" designID="6046">
      <Part refID="30" designID="6046" materials="194">
        <Bone refID="30" transformation="-1,0,0,0,1,0,0,0,-1,4.3999967575073242,1.2080035209655762,-0.399993896484375">
        </Bone>
      </Part>
    </Brick>
    <Brick refID="31" designID="61252">
      <Part refID="31" designID="61252" materials="194">
        <Bone refID="31" transformation="1,0,0,0,-0.70710647106170654,0.70710712671279907,0,-0.70710712671279907,-0.70710647106170654,-4.1599998474121094,8.3490457534790039,-0.0096679925918579102">
        </Bone>
      </Part>
    </Brick>
    <Brick refID="32" designID="30162">
      <Part refID="32" designID="30162" materials="194">
        <Bone refID="32" transformation="-1,0,0,0,-0.70710659027099609,0.7071070671081543,0,0.70710700750350952,0.70710647106170654,-4.1599998474121094,8.1227502822875977,0.21660590171813965">
        </Bone>
      </Part>
    </Brick>
    <Brick refID="33" designID="30374">
      <Part refID="33" designID="30374" materials="143">
        <Bone refID="33" transformation="0,0.70710641145706177,-0.70710718631744385,0,0.70710718631744385,0.70710641145706177,1,0,0,-0.41800689697265625,8.1757917404174805,0.49591052532196045">
        </Bone>
      </Part>
    </Brick>
    <Brick refID="34" designID="30374">
      <Part refID="34" designID="30374" materials="143">
        <Bone refID="34" transformation="0,0.70710641145706177,-0.70710718631744385,0,0.70710718631744385,0.70710641145706177,1,0,0,-0.41800308227539063,7.8434429168701172,0.1635739803314209">
        </Bone>
      </Part>
    </Brick>
    <Brick refID="35" designID="30374">
      <Part refID="35" designID="30374" materials="143">
        <Bone refID="35" transformation="0,0.70710790157318115,-0.70710575580596924,0,0.70710575580596924,0.70710790157318115,1,0,0,2.8979988098144531,7.8434634208679199,0.16357266902923584">
        </Bone>
      </Part>
    </Brick>
    <Brick refID="36" designID="30162">
      <Part refID="36" designID="30162" materials="194">
        <Bone refID="36" transformation="0.99999994039535522,0,0,0,-0.70710712671279907,0.70710641145706177,0,-0.70710641145706177,-0.70710712671279907,3.4400002956390381,8.1227560043334961,0.21660101413726807">
        </Bone>
      </Part>
    </Brick>
    <Brick refID="37" designID="30374">
      <Part refID="37" designID="30374" materials="143">
        <Bone refID="37" transformation="0,0.70710748434066772,-0.70710617303848267,0,0.70710617303848267,0.70710748434066772,1.0000001192092896,0,0,2.8980042934417725,8.1757879257202148,0.49591696262359619">
        </Bone>
      </Part>
    </Brick>
    <Brick refID="38" designID="61252">
      <Part refID="38" designID="61252" materials="194">
        <Bone refID="38" transformation="1,0,0,0,-0.70710694789886475,0.70710659027099609,0,-0.70710659027099609,-0.70710694789886475,3.4399964809417725,8.3490438461303711,-0.0096715688705444336">
        </Bone>
      </Part>
    </Brick>
  </Bricks>
  <RigidSystems>
    <RigidSystem>
      <Rigid refID="0" transformation="-1,0,0,0,1,0,0,0,-1,-4.4000129699707031,6.0800037384033203,0.40000152587890625" boneRefs="0,1,2,3,4,5,6,7,8,9,10,11,12,13,14,15,16,17,18,19,20,21,22,23,24,25,26,27,28,29,30"/>
      <Rigid refID="1" transformation="1,0,0,0,-0.70710647106170654,0.70710712671279907,0,-0.70710712671279907,-0.70710647106170654,-4.1599998474121094,8.3490457534790039,1.59033203125" boneRefs="31,32,33,34"/>
      <Rigid refID="2" transformation="0,0.70710790157318115,-0.70710575580596924,0,0.70710575580596924,0.70710790157318115,1,0,0,2.8979988098144531,7.8434634208679199,1.7635726928710938" boneRefs="35,36,37,38"/>
      <Joint type="hinge">
        <RigidRef rigidRef="2" a="0,0,1" z="-1,0,0" t="0.2320006936788559,-0.56500321626663208,0.70199775695800781"/>
        <RigidRef rigidRef="0" a="-1,0,0" z="0,-0.70710700750350952,-0.70710659027099609" t="-8.0000095367431641,1.5279922485351562,-0.80000448226928711"/>
      </Joint>
      <Joint type="hinge">
        <RigidRef rigidRef="1" a="1,0,0" z="0,1,0" t="0.15999999642372131,0.24799999594688416,0.80000001192092896"/>
        <RigidRef rigidRef="0" a="-1,0,0" z="0,-0.70710653066635132,-0.70710712671279907" t="-0.40001296997070313,1.5279936790466309,-0.80000799894332886"/>
      </Joint>
    </RigidSystem>
  </RigidSystems>
  <GroupSystems>
    <GroupSystem>
    </GroupSystem>
  </GroupSystems>
</LXFML>
