<?xml version="1.0" encoding="UTF-8" standalone="no" ?>
<LXFML versionMajor="5" versionMinor="0">
  <Meta>
    <Application name="CCOP" versionMajor="0" versionMinor="0"/>
    <Brand name="LEGOUniverse"/>
    <BrickSet version="215"/>
  </Meta>
  <Bricks>
    <Brick refID="0" designID="6143">
      <Part refID="0" designID="6143" materials="192">
        <Bone refID="0" transformation="0,0,1.0000001192092896,1.0000001192092896,0,0,0,1.0000001192092896,0,5.1200003623962402,1.200000524520874,-3.5999999046325684">
        </Bone>
      </Part>
    </Brick>
    <Brick refID="1" designID="2540">
      <Part refID="1" designID="2540" materials="5">
        <Bone refID="1" transformation="0,1,0,1,0,0,0,0,-1,4.8000001907348633,0.40000045299530029,-3.5999999046325684">
        </Bone>
      </Part>
    </Brick>
    <Brick refID="2" designID="6143">
      <Part refID="2" designID="6143" materials="192">
        <Bone refID="2" transformation="0,0,1.0000001192092896,1.0000001192092896,0,0,0,1.0000001192092896,0,3.8400001525878906,1.200000524520874,-3.5999999046325684">
        </Bone>
      </Part>
    </Brick>
    <Brick refID="3" designID="3034">
      <Part refID="3" designID="3034" materials="5">
        <Bone refID="3" transformation="0,0,1.0000001192092896,1.0000001192092896,0,0,0,1.0000001192092896,0,4.7999997138977051,1.200000524520874,-2.7999999523162842">
        </Bone>
      </Part>
    </Brick>
    <Brick refID="4" designID="6143">
      <Part refID="4" designID="6143" materials="192">
        <Bone refID="4" transformation="0,0,1.0000001192092896,1.0000001192092896,0,0,0,1.0000001192092896,0,5.119999885559082,1.200000524520874,2.7999999523162842">
        </Bone>
      </Part>
    </Brick>
    <Brick refID="5" designID="2540">
      <Part refID="5" designID="2540" materials="5">
        <Bone refID="5" transformation="0,-1,0,1,0,0,0,0,0.99999994039535522,4.7999997138977051,1.200000524520874,3.5999999046325684">
        </Bone>
      </Part>
    </Brick>
    <Brick refID="6" designID="6143">
      <Part refID="6" designID="6143" materials="192">
        <Bone refID="6" transformation="0,0,1.0000001192092896,1.0000001192092896,0,0,0,1.0000001192092896,0,3.8399996757507324,1.200000524520874,2.8000001907348633">
        </Bone>
      </Part>
    </Brick>
    <Brick refID="7" designID="6143">
      <Part refID="7" designID="6143" materials="192">
        <Bone refID="7" transformation="0,0,1.0000001192092896,1.0000001192092896,0,0,0,1.0000001192092896,0,5.119999885559082,1.200000524520874,-1.9999998807907104">
        </Bone>
      </Part>
    </Brick>
    <Brick refID="8" designID="6143">
      <Part refID="8" designID="6143" materials="192">
        <Bone refID="8" transformation="0,0,1.0000001192092896,1.0000001192092896,0,0,0,1.0000001192092896,0,5.119999885559082,1.200000524520874,-0.3999999463558197">
        </Bone>
      </Part>
    </Brick>
    <Brick refID="9" designID="6143">
      <Part refID="9" designID="6143" materials="192">
        <Bone refID="9" transformation="0,0,1.0000001192092896,1.0000001192092896,0,0,0,1.0000001192092896,0,5.119999885559082,1.200000524520874,1.2000004053115845">
        </Bone>
      </Part>
    </Brick>
    <Brick refID="10" designID="4477">
      <Part refID="10" designID="4477" materials="5">
        <Bone refID="10" transformation="0,0,1.0000001192092896,1.0000001192092896,0,0,0,1.0000001192092896,0,3.5199999809265137,0.40000051259994507,-3.5999999046325684">
        </Bone>
      </Part>
    </Brick>
    <Brick refID="11" designID="6143">
      <Part refID="11" designID="6143" materials="192">
        <Bone refID="11" transformation="0,0,1.0000001192092896,1.0000001192092896,0,0,0,1.0000001192092896,0,2.559999942779541,1.200000524520874,2.8000001907348633">
        </Bone>
      </Part>
    </Brick>
    <Brick refID="12" designID="6143">
      <Part refID="12" designID="6143" materials="192">
        <Bone refID="12" transformation="0,0,1.0000001192092896,1.0000001192092896,0,0,0,1.0000001192092896,0,1.5999999046325684,1.2000007629394531,2.8000001907348633">
        </Bone>
      </Part>
    </Brick>
    <Brick refID="13" designID="6143">
      <Part refID="13" designID="6143" materials="192">
        <Bone refID="13" transformation="0,0,1.0000001192092896,1.0000001192092896,0,0,0,1.0000001192092896,0,2.5600001811981201,1.200000524520874,-3.5999999046325684">
        </Bone>
      </Part>
    </Brick>
    <Brick refID="14" designID="6143">
      <Part refID="14" designID="6143" materials="192">
        <Bone refID="14" transformation="0,0,1.0000001192092896,1.0000001192092896,0,0,0,1.0000001192092896,0,1.6000000238418579,1.2000007629394531,-3.6000001430511475">
        </Bone>
      </Part>
    </Brick>
    <Brick refID="15" designID="3023">
      <Part refID="15" designID="3023" materials="192">
        <Bone refID="15" transformation="0,0,1.0000001192092896,1.0000001192092896,0,0,0,1.0000001192092896,0,3.5199999809265137,1.200000524520874,-3.5999999046325684">
        </Bone>
      </Part>
    </Brick>
    <Brick refID="16" designID="3023">
      <Part refID="16" designID="3023" materials="192">
        <Bone refID="16" transformation="0,0,1.0000001192092896,1.0000001192092896,0,0,0,1.0000001192092896,0,3.5199997425079346,1.200000524520874,2.8000001907348633">
        </Bone>
      </Part>
    </Brick>
    <Brick refID="17" designID="3062">
      <Part refID="17" designID="3062" materials="26">
        <Bone refID="17" transformation="0,0,1.0000001192092896,1.0000001192092896,0,0,0,1.0000001192092896,0,3.8399996757507324,0.40000057220458984,-2">
        </Bone>
      </Part>
    </Brick>
    <Brick refID="18" designID="3062">
      <Part refID="18" designID="3062" materials="26">
        <Bone refID="18" transformation="0,0,1.0000001192092896,1.0000001192092896,0,0,0,1.0000001192092896,0,3.8399996757507324,0.40000051259994507,2">
        </Bone>
      </Part>
    </Brick>
    <Brick refID="19" designID="30414">
      <Part refID="19" designID="30414" materials="21">
        <Bone refID="19" transformation="0,0,1.0000001192092896,1.0000001192092896,0,0,0,1.0000001192092896,0,3.8400001525878906,0.40000051259994507,-1.1999998092651367">
        </Bone>
      </Part>
    </Brick>
    <Brick refID="20" designID="3705">
      <Part refID="20" designID="3705" materials="26">
        <Bone refID="20" transformation="0,0,1,0,-1,0,1,0,0,3.2000000476837158,0.80000060796737671,-3.1999998092651367">
        </Bone>
      </Part>
    </Brick>
    <Brick refID="21" designID="3705">
      <Part refID="21" designID="3705" materials="26">
        <Bone refID="21" transformation="0,0,1,0,-1,0,1,0,0,3.1999998092651367,0.80000054836273193,3.2000002861022949">
        </Bone>
      </Part>
    </Brick>
    <Brick refID="22" designID="6143">
      <Part refID="22" designID="6143" materials="192">
        <Bone refID="22" transformation="0,0,-1,-1,0,0,0,1,0,0.64000016450881958,1.2000008821487427,3.6000993251800537">
        </Bone>
      </Part>
    </Brick>
    <Brick refID="23" designID="6143">
      <Part refID="23" designID="6143" materials="192">
        <Bone refID="23" transformation="0,0,-1,-1,0,0,0,1,0,1.5999997854232788,1.2000008821487427,3.6000995635986328">
        </Bone>
      </Part>
    </Brick>
    <Brick refID="24" designID="6143">
      <Part refID="24" designID="6143" materials="192">
        <Bone refID="24" transformation="0,0,-1,-1,0,0,0,1,0,0.6399998664855957,1.2000008821487427,-2.7999007701873779">
        </Bone>
      </Part>
    </Brick>
    <Brick refID="25" designID="6143">
      <Part refID="25" designID="6143" materials="192">
        <Bone refID="25" transformation="0,0,-1,-1,0,0,0,1,0,1.6000000238418579,1.2000008821487427,-2.7999007701873779">
        </Bone>
      </Part>
    </Brick>
    <Brick refID="26" designID="6143">
      <Part refID="26" designID="6143" materials="192">
        <Bone refID="26" transformation="0,0,-1,-1,0,0,0,1,0,-1.9199997186660767,1.2000010013580322,3.6000998020172119">
        </Bone>
      </Part>
    </Brick>
    <Brick refID="27" designID="2540">
      <Part refID="27" designID="2540" materials="5">
        <Bone refID="27" transformation="0,1,0,-1,0,0,0,0,1,-1.5999997854232788,0.40000104904174805,3.6000998020172119">
        </Bone>
      </Part>
    </Brick>
    <Brick refID="28" designID="6143">
      <Part refID="28" designID="6143" materials="192">
        <Bone refID="28" transformation="0,0,-1,-1,0,0,0,1,0,-0.63999974727630615,1.2000008821487427,3.6000998020172119">
        </Bone>
      </Part>
    </Brick>
    <Brick refID="29" designID="3034">
      <Part refID="29" designID="3034" materials="5">
        <Bone refID="29" transformation="0,0,-1,-1,0,0,0,1,0,-1.6000000238418579,1.2000010013580322,2.8001000881195068">
        </Bone>
      </Part>
    </Brick>
    <Brick refID="30" designID="6143">
      <Part refID="30" designID="6143" materials="192">
        <Bone refID="30" transformation="0,0,-1,-1,0,0,0,1,0,-1.920000433921814,1.2000010013580322,-2.7999002933502197">
        </Bone>
      </Part>
    </Brick>
    <Brick refID="31" designID="2540">
      <Part refID="31" designID="2540" materials="5">
        <Bone refID="31" transformation="0,-1,0,-1,0,0,0,0,-1,-1.600000262260437,1.2000010013580322,-3.5999000072479248">
        </Bone>
      </Part>
    </Brick>
    <Brick refID="32" designID="6143">
      <Part refID="32" designID="6143" materials="192">
        <Bone refID="32" transformation="0,0,-1,-1,0,0,0,1,0,-0.64000046253204346,1.2000008821487427,-2.7999002933502197">
        </Bone>
      </Part>
    </Brick>
    <Brick refID="33" designID="6143">
      <Part refID="33" designID="6143" materials="192">
        <Bone refID="33" transformation="0,0,-1,-1,0,0,0,1,0,-1.9199999570846558,1.2000010013580322,2.0000996589660645">
        </Bone>
      </Part>
    </Brick>
    <Brick refID="34" designID="6143">
      <Part refID="34" designID="6143" materials="192">
        <Bone refID="34" transformation="0,0,-1,-1,0,0,0,1,0,-1.9199997186660767,1.2000010013580322,0.40009966492652893">
        </Bone>
      </Part>
    </Brick>
    <Brick refID="35" designID="6143">
      <Part refID="35" designID="6143" materials="192">
        <Bone refID="35" transformation="0,0,-1,-1,0,0,0,1,0,-1.9200001955032349,1.2000010013580322,-1.1999003887176514">
        </Bone>
      </Part>
    </Brick>
    <Brick refID="36" designID="4477">
      <Part refID="36" designID="4477" materials="5">
        <Bone refID="36" transformation="0,0,-1,-1,0,0,0,1,0,-0.31999993324279785,0.4000009298324585,3.6000995635986328">
        </Bone>
      </Part>
    </Brick>
    <Brick refID="37" designID="3023">
      <Part refID="37" designID="3023" materials="192">
        <Bone refID="37" transformation="0,0,-1,-1,0,0,0,1,0,-0.3200000524520874,1.2000008821487427,3.6000998020172119">
        </Bone>
      </Part>
    </Brick>
    <Brick refID="38" designID="3023">
      <Part refID="38" designID="3023" materials="192">
        <Bone refID="38" transformation="0,0,-1,-1,0,0,0,1,0,-0.3200002908706665,1.2000008821487427,-2.7999005317687988">
        </Bone>
      </Part>
    </Brick>
    <Brick refID="39" designID="3062">
      <Part refID="39" designID="3062" materials="26">
        <Bone refID="39" transformation="0,0,-1,-1,0,0,0,1,0,-0.63999998569488525,0.4000009298324585,2.0000996589660645">
        </Bone>
      </Part>
    </Brick>
    <Brick refID="40" designID="3062">
      <Part refID="40" designID="3062" materials="26">
        <Bone refID="40" transformation="0,0,-1,-1,0,0,0,1,0,-0.64000022411346436,0.4000009298324585,-1.9999003410339355">
        </Bone>
      </Part>
    </Brick>
    <Brick refID="41" designID="30414">
      <Part refID="41" designID="30414" materials="21">
        <Bone refID="41" transformation="0,0,-1,-1,0,0,0,1,0,-0.64000022411346436,0.4000009298324585,1.2000992298126221">
        </Bone>
      </Part>
    </Brick>
    <Brick refID="42" designID="3034">
      <Part refID="42" designID="3034" materials="5">
        <Bone refID="42" transformation="-1,0,0,0,1,0,0,0,-1,4.4000000953674316,1.120539665222168,-0.40000015497207642">
        </Bone>
      </Part>
    </Brick>
    <Brick refID="43" designID="3666">
      <Part refID="43" designID="3666" materials="192">
        <Bone refID="43" transformation="0,0,1,0,0.99999994039535522,0,-1,0,0,4.4000000953674316,0.80053967237472534,-2.0000002384185791">
        </Bone>
      </Part>
    </Brick>
    <Brick refID="44" designID="3034">
      <Part refID="44" designID="3034" materials="5">
        <Bone refID="44" transformation="-1,0,0,0,1,0,0,0,-1,4.4000000953674316,1.120539665222168,1.1999999284744263">
        </Bone>
      </Part>
    </Brick>
    <Brick refID="45" designID="3034">
      <Part refID="45" designID="3034" materials="5">
        <Bone refID="45" transformation="-1,0,0,0,1,0,0,0,-1,4.4000000953674316,1.120539665222168,-2.0000002384185791">
        </Bone>
      </Part>
    </Brick>
    <Brick refID="46" designID="3666">
      <Part refID="46" designID="3666" materials="192">
        <Bone refID="46" transformation="0,0,1,0,0.99999994039535522,0,-1,0,0,1.2000000476837158,0.80053967237472534,-1.999900221824646">
        </Bone>
      </Part>
    </Brick>
    <Brick refID="47" designID="6222">
      <Part refID="47" designID="6222" materials="192">
        <Bone refID="47" transformation="-1,0,0,0,1,0,0,0,-1,2.7999999523162842,1.4405395984649658,-0.40000024437904358">
        </Bone>
      </Part>
    </Brick>
    <Brick refID="48" designID="3707">
      <Part refID="48" designID="3707" materials="26">
        <Bone refID="48" transformation="-1,0,0,0,0,-1,0,-1,0,1.5999997854232788,1.4405395984649658,0">
        </Bone>
      </Part>
    </Brick>
    <Brick refID="49" designID="61780">
      <Part refID="49" designID="61780" materials="192">
        <Bone refID="49" transformation="-1,0,0,0,1,0,0,0,-1,4.3999996185302734,1.4405395984649658,1.2000000476837158">
        </Bone>
      </Part>
    </Brick>
    <Brick refID="50" designID="3062">
      <Part refID="50" designID="3062" materials="26">
        <Bone refID="50" transformation="-1,0,0,0,1,0,0,0,-1,-1.2000001668930054,1.4405395984649658,1.9999996423721313">
        </Bone>
      </Part>
    </Brick>
    <Brick refID="51" designID="3062">
      <Part refID="51" designID="3062" materials="26">
        <Bone refID="51" transformation="-1,0,0,0,1,0,0,0,-1,4.4000000953674316,1.4405395984649658,-2">
        </Bone>
      </Part>
    </Brick>
    <Brick refID="52" designID="3062">
      <Part refID="52" designID="3062" materials="26">
        <Bone refID="52" transformation="-1,0,0,0,1,0,0,0,-1,4.4000000953674316,2.4005396366119385,-2">
        </Bone>
      </Part>
    </Brick>
    <Brick refID="53" designID="3794">
      <Part refID="53" designID="3794" materials="297">
        <Bone refID="53" transformation="-0.70710676908493042,-0.00013023350038565695,-0.70710676908493042,0,1,-0.00018417656247038394,0.70710676908493042,-0.00013023149222135544,-0.70710676908493042,4.6808953285217285,3.3553218841552734,-1.7126193046569824">
        </Bone>
      </Part>
    </Brick>
    <Brick refID="54" designID="6143">
      <Part refID="54" designID="6143" materials="192">
        <Bone refID="54" transformation="-1,0,0,0,1,0,0,0,-1,1.9999997615814209,6.8805403709411621,-0.40000033378601074">
        </Bone>
      </Part>
    </Brick>
    <Brick refID="55" designID="3022">
      <Part refID="55" designID="3022" materials="26">
        <Bone refID="55" transformation="0,0,1,0,0.99999994039535522,0,-1,0,0,1.1999999284744263,8.1605396270751953,-0.40000027418136597">
        </Bone>
      </Part>
    </Brick>
    <Brick refID="56" designID="2540">
      <Part refID="56" designID="2540" materials="5">
        <Bone refID="56" transformation="0,0,1,0,0.99999994039535522,0,-1,0,0,1.1999999284744263,7.8405404090881348,-0.40000033378601074">
        </Bone>
      </Part>
    </Brick>
    <Brick refID="57" designID="60470">
      <Part refID="57" designID="60470" materials="194">
        <Bone refID="57" transformation="0,0,-1,0,0.99999994039535522,0,1,0,0,1.9999998807907104,7.8405404090881348,0.39999964833259583">
        </Bone>
      </Part>
    </Brick>
    <Brick refID="58" designID="2546">
      <Part refID="58" designID="2546" materials="21">
        <Bone refID="58" transformation="-0.70710676908493042,-0.00013023350038565695,-0.70710676908493042,0,1,-0.00018417656247038394,0.70710676908493042,-0.00013023149222135544,-0.70710676908493042,4.3936324119567871,3.680539608001709,-1.9999998807907104">
        </Bone>
      </Part>
    </Brick>
    <Brick refID="59" designID="6020">
      <Part refID="59" designID="6020" materials="26">
        <Bone refID="59" transformation="0,0,0.99999994039535522,0.99506998062133789,-0.099174931645393372,0,0.09917488694190979,0.99506998062133789,0,0.39999997615814209,8.0805397033691406,-0.64000022411346436">
        </Bone>
      </Part>
    </Brick>
    <Brick refID="60" designID="2561">
      <Part refID="60" designID="2561" materials="192">
        <Bone refID="60" transformation="0,-0.70710688829421997,-0.7071068286895752,0,0.70710688829421997,-0.70710688829421997,1.0000001192092896,0,0,2.7999999523162842,7.7555208206176758,1.6714600324630737">
        </Bone>
      </Part>
    </Brick>
    <Brick refID="61" designID="2542">
      <Part refID="61" designID="2542" materials="192">
        <Bone refID="61" transformation="0.3535536527633667,-0.92387956380844116,0.14644697308540344,-0.8535534143447876,-0.38268357515335083,-0.35355335474014282,0.38268354535102844,0,-0.92387944459915161,-0.75502073764801025,3.2973012924194336,3.0502302646636963">
        </Bone>
      </Part>
    </Brick>
    <Brick refID="62" designID="48729">
      <Part refID="62" designID="48729" materials="199">
        <Bone refID="62" transformation="0.35355344414710999,-0.92387950420379639,0.14644664525985718,-0.38268351554870605,0,0.92387950420379639,-0.85355329513549805,-0.38268351554870605,-0.35355350375175476,-1.0469273328781128,2.9605398178100586,1.6304477453231812">
        </Bone>
      </Part>
    </Brick>
  </Bricks>
  <RigidSystems>
    <RigidSystem>
      <Rigid refID="0" transformation="0,0,1.0000001192092896,1.0000001192092896,0,0,0,1.0000001192092896,0,3.5200002193450928,1.3600001335144043,-3.5999999046325684" boneRefs="0,1,2,3,4,5,6,7,8,9,10,11,12,13,14,15,16,17,18,19,20,21,22,23,24,25,26,27,28,29,30,31,32,33,34,35,36,37,38,39,40,41,42,43,44,45,46,47,48,49,50,51,52,53,54,55,56,57"/>
      <Rigid refID="1" transformation="-0.70710676908493042,-0.00013023350038565695,-0.70710676908493042,0,1,-0.00018417656247038394,0.70710676908493042,-0.00013023149222135544,-0.70710676908493042,2.7936322689056396,3.8405392169952393,-1.9999998807907104" boneRefs="58"/>
      <Rigid refID="2" transformation="0,0,0.99999994039535522,0.99506998062133789,-0.099174931645393372,0,0.09917488694190979,0.99506998062133789,0,-1.2000000476837158,8.24053955078125,-0.64000022411346436" boneRefs="59"/>
      <Rigid refID="3" transformation="0,-0.70710688829421997,-0.7071068286895752,0,0.70710688829421997,-0.70710688829421997,1.0000001192092896,0,0,1.1999999284744263,7.915520191192627,1.6714600324630737" boneRefs="60"/>
      <Joint type="hinge">
        <RigidRef rigidRef="0" a="1,0,0" z="0,0,-0.99999994039535522" t="4.1599974632263184,-2.3200004100799561,6.8885393142700195"/>
        <RigidRef rigidRef="3" a="-0.70710676908493042,-0.7071068286895752,0" z="0.70710664987564087,-0.70710670948028564,0" t="0.55044054985046387,1.0214015245437622,0"/>
      </Joint>
      <Joint type="hinge">
        <RigidRef rigidRef="1" a="0,1,0" z="0,0,1" t="0,0,0"/>
        <RigidRef rigidRef="0" a="-0.00018437110702507198,0,0.99999988079071045" z="-0.70710664987564087,0.7071068286895752,-0.00013040931662544608" t="1.6044782400131226,-0.72194790840148926,2.4752693176269531"/>
      </Joint>
      <Joint type="hinge">
        <RigidRef rigidRef="0" a="-1,0,0" z="0,0.99999988079071045,0" t="2.7999975681304932,-4.7199997901916504,6.8885397911071777"/>
        <RigidRef rigidRef="2" a="-1.0000001192092896,0,0" z="0,0.99507004022598267,0.099174879491329193" t="-0.16000020503997803,-0.00079337280476465821,0.0079610366374254227"/>
      </Joint>
    </RigidSystem>
    <RigidSystem>
      <Rigid refID="4" transformation="0.3535536527633667,-0.92387956380844116,0.14644697308540344,-0.8535534143447876,-0.38268357515335083,-0.35355335474014282,0.38268354535102844,0,-0.92387944459915161,-2.3550207614898682,3.4573009014129639,3.0502302646636963" boneRefs="61"/>
      <Rigid refID="5" transformation="0.35355344414710999,-0.92387950420379639,0.14644664525985718,-0.38268351554870605,0,0.92387950420379639,-0.85355329513549805,-0.38268351554870605,-0.35355350375175476,-2.6469273567199707,3.1205394268035889,1.6304477453231812" boneRefs="62"/>
      <Joint type="hinge">
        <RigidRef rigidRef="5" a="0,0,-1.0000001192092896" z="1.0000001192092896,0,0" t="0,1.2039999961853027,-0.1600000262260437"/>
        <RigidRef rigidRef="4" a="0,-1,0" z="0.99999988079071045,0,0" t="0,0.71999996900558472,-0.0039998283609747887"/>
      </Joint>
    </RigidSystem>
  </RigidSystems>
  <GroupSystems>
    <GroupSystem>
    </GroupSystem>
  </GroupSystems>
</LXFML>
