<?xml version="1.0" encoding="UTF-8" standalone="no" ?>
<LXFML versionMajor="5" versionMinor="0">
  <Meta>
    <Application name="LEGO Universe" versionMajor="0" versionMinor="0"/>
    <Brand name="LEGOUniverse"/>
    <BrickSet version="238"/>
  </Meta>
  <Bricks>
    <Brick refID="0" designID="73983">
      <Part refID="0" designID="2429" materials="199">
        <Bone refID="0" transformation="-0.8695904016494751,0,-0.49377372860908508,0,1,0,0.49377372860908508,0,-0.8695904016494751,2.4460012912750244,11.519994735717773,2.5403637886047363">
        </Bone>
      </Part>
      <Part refID="1" designID="2430" materials="199">
        <Bone refID="1" transformation="0,0,-1,0,0.99999994039535522,0,1,0,0,1.200002908706665,11.519994735717773,1.1999993324279785">
        </Bone>
      </Part>
    </Brick>
    <Brick refID="1" designID="4287">
      <Part refID="2" designID="4287" materials="199">
        <Bone refID="2" transformation="-0.49377316236495972,0,0.8695908784866333,0,1,0,-0.8695908784866333,0,-0.49377316236495972,3.1416709423065186,10.559994697570801,2.9353809356689453">
        </Bone>
      </Part>
    </Brick>
    <Brick refID="2" designID="61678">
      <Part refID="3" designID="61678" materials="199">
        <Bone refID="3" transformation="0.86959069967269897,0,0.4937736988067627,0,1,0,-0.4937736988067627,0,0.86959069967269897,1.7503304481506348,12.159994125366211,2.1453418731689453">
        </Bone>
      </Part>
    </Brick>
    <Brick refID="3" designID="3024">
      <Part refID="4" designID="3024" materials="199">
        <Bone refID="4" transformation="-0.8695906400680542,0,-0.49377357959747314,0,1,0,0.49377357959747314,0,-0.8695906400680542,1.750328540802002,11.839994430541992,2.145341157913208">
        </Bone>
      </Part>
    </Brick>
    <Brick refID="4" designID="2449">
      <Part refID="5" designID="2449" materials="199">
        <Bone refID="5" transformation="-0.49377316236495972,0,0.8695908784866333,0,1,0,-0.8695908784866333,0,-0.49377316236495972,5.2286901473999023,6.7199945449829102,4.1204380989074707">
        </Bone>
      </Part>
    </Brick>
    <Brick refID="5" designID="6541">
      <Part refID="6" designID="6541" materials="199">
        <Bone refID="6" transformation="0.86959069967269897,0,0.49377375841140747,0,1,0,-0.49377375841140747,0,0.86959069967269897,5.2286901473999023,9.5999946594238281,4.1204347610473633">
        </Bone>
      </Part>
    </Brick>
    <Brick refID="6" designID="6141">
      <Part refID="7" designID="6141" materials="191">
        <Bone refID="7" transformation="-0.86959058046340942,0,-0.49377390742301941,-0.49377390742301941,0,0.86959058046340942,0,1,0,5.5842084884643555,10.179995536804199,3.4943282604217529">
        </Bone>
      </Part>
    </Brick>
    <Brick refID="7" designID="4274">
      <Part refID="8" designID="4274" materials="194">
        <Bone refID="8" transformation="0.86959069967269897,0,0.49377375841140747,0,1,0,-0.49377375841140747,0,0.86959069967269897,4.6361641883850098,10.179993629455566,5.1639432907104492">
        </Bone>
      </Part>
    </Brick>
    <Brick refID="8" designID="60477">
      <Part refID="9" designID="60477" materials="199">
        <Bone refID="9" transformation="0.49377325177192688,0,-0.86959093809127808,0,1,0,0.86959093809127808,0,0.49377325177192688,3.8373477458953857,10.559994697570801,3.330397367477417">
        </Bone>
      </Part>
    </Brick>
    <Brick refID="9" designID="4287">
      <Part refID="10" designID="4287" materials="199">
        <Bone refID="10" transformation="-0.49377322196960449,0,0.86959099769592285,0,1,0,-0.86959099769592285,0,-0.49377322196960449,4.5330147743225098,9.5999946594238281,3.7254190444946289">
        </Bone>
      </Part>
    </Brick>
    <Brick refID="10" designID="6141">
      <Part refID="11" designID="6141" materials="191">
        <Bone refID="11" transformation="-0.86959046125411987,0,-0.49377384781837463,-0.49377384781837463,0,0.86959046125411987,0,1,0,6.2798795700073242,7.2999935150146484,3.8893454074859619">
        </Bone>
      </Part>
    </Brick>
    <Brick refID="11" designID="6541">
      <Part refID="12" designID="6541" materials="199">
        <Bone refID="12" transformation="0.86959052085876465,0,0.4937736988067627,0,1,0,-0.4937736988067627,0,0.86959052085876465,5.9243612289428711,6.7199945449829102,4.5154514312744141">
        </Bone>
      </Part>
    </Brick>
    <Brick refID="12" designID="4460">
      <Part refID="13" designID="4460" materials="199">
        <Bone refID="13" transformation="0.4937731921672821,0,-0.86959081888198853,0,1,0,0.86959081888198853,0,0.4937731921672821,5.9243602752685547,7.6799945831298828,4.5154514312744141">
        </Bone>
      </Part>
    </Brick>
    <Brick refID="13" designID="4274">
      <Part refID="14" designID="4274" materials="194">
        <Bone refID="14" transformation="0.86959052085876465,0,0.4937736988067627,0,1,0,-0.4937736988067627,0,0.86959052085876465,5.3318309783935547,7.2999935150146484,5.5589609146118164">
        </Bone>
      </Part>
    </Brick>
    <Brick refID="14" designID="3005">
      <Part refID="15" designID="3005" materials="199,0" decoration="0">
        <Bone refID="15" transformation="0.4937731921672821,0,-0.86959081888198853,0,1,0,0.86959081888198853,0,0.4937731921672821,5.9243612289428711,5.7599945068359375,4.5154514312744141">
        </Bone>
      </Part>
    </Brick>
    <Brick refID="15" designID="3005">
      <Part refID="16" designID="3005" materials="199,0" decoration="0">
        <Bone refID="16" transformation="0.4937731921672821,0,-0.86959081888198853,0,1,0,0.86959081888198853,0,0.4937731921672821,5.9243602752685547,4.799994945526123,4.5154514312744141">
        </Bone>
      </Part>
    </Brick>
    <Brick refID="16" designID="3005">
      <Part refID="17" designID="3005" materials="199,0" decoration="0">
        <Bone refID="17" transformation="0.4937731921672821,0,-0.86959081888198853,0,1,0,0.86959081888198853,0,0.4937731921672821,5.9243602752685547,3.8399946689605713,4.5154514312744141">
        </Bone>
      </Part>
    </Brick>
    <Brick refID="17" designID="3245">
      <Part refID="18" designID="3245" materials="199">
        <Bone refID="18" transformation="0.86959052085876465,0,0.4937736988067627,0,1,0,-0.4937736988067627,0,0.86959052085876465,5.2286901473999023,1.9199949502944946,4.1204319000244141">
        </Bone>
      </Part>
    </Brick>
    <Brick refID="18" designID="4287">
      <Part refID="19" designID="4287" materials="199">
        <Bone refID="19" transformation="0.4937731921672821,0,-0.86959081888198853,0,1,0,0.86959081888198853,0,0.4937731921672821,5.2286901473999023,0.95999437570571899,4.1204319000244141">
        </Bone>
      </Part>
    </Brick>
    <Brick refID="19" designID="4287">
      <Part refID="20" designID="4287" materials="199">
        <Bone refID="20" transformation="1,0,0,0,1,0,0,0,1,1.2000048160552979,10.560006141662598,-0.40000438690185547">
        </Bone>
      </Part>
    </Brick>
    <Brick refID="20" designID="61678">
      <Part refID="21" designID="61678" materials="199">
        <Bone refID="21" transformation="0,0,-1,0,0.99999994039535522,0,1,0,0,1.200002908706665,12.159994125366211,1.1999998092651367">
        </Bone>
      </Part>
    </Brick>
    <Brick refID="21" designID="2449">
      <Part refID="22" designID="2449" materials="199">
        <Bone refID="22" transformation="1,0,0,0,1,0,0,0,1,1.2000048160552979,6.7200064659118652,-2.8000016212463379">
        </Bone>
      </Part>
    </Brick>
    <Brick refID="22" designID="6541">
      <Part refID="23" designID="6541" materials="199">
        <Bone refID="23" transformation="0,0,-1,0,0.99999994039535522,0,1,0,0,1.2000010013580322,9.600006103515625,-2.8000016212463379">
        </Bone>
      </Part>
    </Brick>
    <Brick refID="23" designID="6141">
      <Part refID="24" designID="6141" materials="191">
        <Bone refID="24" transformation="0,0,-1.0000001192092896,-1.0000001192092896,0,0,0,1.0000001192092896,0,1.9200022220611572,10.180007934570312,-2.8000016212463379">
        </Bone>
      </Part>
    </Brick>
    <Brick refID="24" designID="4274">
      <Part refID="25" designID="4274" materials="194">
        <Bone refID="25" transformation="0,0,1,0,1,0,-1,0,0,0,10.18000602722168,-2.8000016212463379">
        </Bone>
      </Part>
    </Brick>
    <Brick refID="25" designID="60477">
      <Part refID="26" designID="60477" materials="199">
        <Bone refID="26" transformation="-1,0,0,0,1,0,0,0,-1,1.2000010013580322,10.560007095336914,-1.2000031471252441">
        </Bone>
      </Part>
    </Brick>
    <Brick refID="26" designID="4287">
      <Part refID="27" designID="4287" materials="199">
        <Bone refID="27" transformation="1,0,0,0,1,0,0,0,1,1.2000048160552979,9.600006103515625,-1.9999985694885254">
        </Bone>
      </Part>
    </Brick>
    <Brick refID="27" designID="4287">
      <Part refID="28" designID="4287" materials="199">
        <Bone refID="28" transformation="-1,0,0,0,1,0,0,0,-1,1.2000010013580322,0.96000546216964722,-2.8000025749206543">
        </Bone>
      </Part>
    </Brick>
    <Brick refID="28" designID="3245">
      <Part refID="29" designID="3245" materials="199">
        <Bone refID="29" transformation="0,0,-1,0,0.99999994039535522,0,1,0,0,1.2000010013580322,1.9200057983398437,-2.8000025749206543">
        </Bone>
      </Part>
    </Brick>
    <Brick refID="29" designID="3005">
      <Part refID="30" designID="3005" materials="199,0" decoration="0">
        <Bone refID="30" transformation="-1,0,0,0,1,0,0,0,-1,1.2000010013580322,3.84000563621521,-3.6000018119812012">
        </Bone>
      </Part>
    </Brick>
    <Brick refID="30" designID="3005">
      <Part refID="31" designID="3005" materials="199,0" decoration="0">
        <Bone refID="31" transformation="-1,0,0,0,1,0,0,0,-1,1.2000010013580322,4.8000054359436035,-3.6000018119812012">
        </Bone>
      </Part>
    </Brick>
    <Brick refID="31" designID="3005">
      <Part refID="32" designID="3005" materials="199,0" decoration="0">
        <Bone refID="32" transformation="-1,0,0,0,1,0,0,0,-1,1.2000010013580322,5.7600054740905762,-3.6000018119812012">
        </Bone>
      </Part>
    </Brick>
    <Brick refID="32" designID="6541">
      <Part refID="33" designID="6541" materials="199">
        <Bone refID="33" transformation="0,0,-1,0,0.99999994039535522,0,1,0,0,1.2000010013580322,6.7200055122375488,-3.6000018119812012">
        </Bone>
      </Part>
    </Brick>
    <Brick refID="33" designID="4460">
      <Part refID="34" designID="4460" materials="199">
        <Bone refID="34" transformation="-1,0,0,0,1,0,0,0,-1,1.2000010013580322,7.6800055503845215,-3.6000018119812012">
        </Bone>
      </Part>
    </Brick>
    <Brick refID="34" designID="4274">
      <Part refID="35" designID="4274" materials="194">
        <Bone refID="35" transformation="0,0,1,0,1,0,-1,0,0,0,7.3000054359436035,-3.6000018119812012">
        </Bone>
      </Part>
    </Brick>
    <Brick refID="35" designID="6141">
      <Part refID="36" designID="6141" materials="191">
        <Bone refID="36" transformation="0,0,-1.0000001192092896,-1.0000001192092896,0,0,0,1.0000001192092896,0,1.9199984073638916,7.3000054359436035,-3.6000018119812012">
        </Bone>
      </Part>
    </Brick>
    <Brick refID="36" designID="4460">
      <Part refID="37" designID="4460" materials="199">
        <Bone refID="37" transformation="-0.49377310276031494,0,0.86959075927734375,0,1,0,-0.86959075927734375,0,-0.49377310276031494,5.2286853790283203,3.8399944305419922,4.1204361915588379">
        </Bone>
      </Part>
    </Brick>
    <Brick refID="37" designID="4287">
      <Part refID="38" designID="4287" materials="199">
        <Bone refID="38" transformation="0.4937731921672821,0,-0.86959081888198853,0,1,0,0.86959081888198853,0,0.4937731921672821,3.8373396396636963,0,3.3303930759429932">
        </Bone>
      </Part>
    </Brick>
    <Brick refID="38" designID="4460">
      <Part refID="39" designID="4460" materials="199">
        <Bone refID="39" transformation="-0.49377316236495972,0,0.86959081888198853,0,1,0,-0.86959081888198853,0,-0.49377316236495972,4.5330104827880859,0.95999425649642944,3.7254128456115723">
        </Bone>
      </Part>
    </Brick>
    <Brick refID="39" designID="4287">
      <Part refID="40" designID="4287" materials="199">
        <Bone refID="40" transformation="-1,0,0,0,1,0,0,0,-1,1.2000010013580322,0,-1.1999988555908203">
        </Bone>
      </Part>
    </Brick>
    <Brick refID="40" designID="4460">
      <Part refID="41" designID="4460" materials="199">
        <Bone refID="41" transformation="1,0,0,0,1,0,0,0,1,1.2000010013580322,0.96000570058822632,-1.9999980926513672">
        </Bone>
      </Part>
    </Brick>
    <Brick refID="41" designID="4460">
      <Part refID="42" designID="4460" materials="199">
        <Bone refID="42" transformation="1,0,0,0,1,0,0,0,1,1.2000048160552979,3.8400058746337891,-2.8000030517578125">
        </Bone>
      </Part>
    </Brick>
    <Brick refID="42" designID="74340">
      <Part refID="43" designID="3679" materials="194">
        <Bone refID="43" transformation="0.10401766747236252,0,0.99457544088363647,0,1,0,-0.99457544088363647,0,0.10401766747236252,-0.43943482637405396,16.31999397277832,3.6437773704528809">
        </Bone>
      </Part>
      <Part refID="44" designID="3680" materials="199">
        <Bone refID="44" transformation="0,0,1,0,0.99999994039535522,0,-1,0,0,-0.39999562501907349,15.999993324279785,3.5999999046325684">
        </Bone>
      </Part>
    </Brick>
    <Brick refID="43" designID="3940">
      <Part refID="45" designID="3940" materials="140">
        <Bone refID="45" transformation="0.10401766747236252,0,0.99457544088363647,0,1,0,-0.99457544088363647,0,0.10401766747236252,-0.43943476676940918,16.31999397277832,3.64377760887146">
        </Bone>
      </Part>
    </Brick>
    <Brick refID="44" designID="2432">
      <Part refID="46" designID="2432" materials="140">
        <Bone refID="46" transformation="-0.99457544088363647,0,0.10401774197816849,0,1,0,-0.10401774197816849,0,-0.99457544088363647,0.35622626543045044,18.239994049072266,3.5605628490447998">
        </Bone>
      </Part>
    </Brick>
    <Brick refID="45" designID="85984">
      <Part refID="47" designID="85984" materials="140">
        <Bone refID="47" transformation="0.10401766747236252,0,0.99457544088363647,0,1,0,-0.99457544088363647,0,0.10401766747236252,-0.35622000694274902,18.239994049072266,4.4394378662109375">
        </Bone>
      </Part>
    </Brick>
    <Brick refID="46" designID="87544">
      <Part refID="48" designID="87544" materials="199">
        <Bone refID="48" transformation="-1,0,0,0,1,0,0,0,-1,0.40000361204147339,12.799993515014648,5.2000012397766113">
        </Bone>
      </Part>
    </Brick>
    <Brick refID="47" designID="85984">
      <Part refID="49" designID="85984" materials="199">
        <Bone refID="49" transformation="0,0,1,0,0.99999994039535522,0,-1,0,0,-0.39999657869338989,15.679993629455566,5.2000012397766113">
        </Bone>
      </Part>
    </Brick>
    <Brick refID="48" designID="30499">
      <Part refID="50" designID="30499" materials="199">
        <Bone refID="50" transformation="0,0,1,0,0.99999994039535522,0,-1,0,0,-0.3999955952167511,13.119993209838867,3.5999999046325684">
        </Bone>
      </Part>
    </Brick>
    <Brick refID="49" designID="3020">
      <Part refID="51" designID="3020" materials="199">
        <Bone refID="51" transformation="-1,0,0,0,1,0,0,0,-1,1.2000038623809814,12.799993515014648,3.5999999046325684">
        </Bone>
      </Part>
    </Brick>
    <Brick refID="50" designID="30503">
      <Part refID="52" designID="30503" materials="140">
        <Bone refID="52" transformation="1,0,0,0,1,0,0,0,1,0.40000373125076294,12.479994773864746,2.7999997138977051">
        </Bone>
      </Part>
    </Brick>
    <Brick refID="51" designID="30503">
      <Part refID="53" designID="30503" materials="140">
        <Bone refID="53" transformation="0,0,1,0,1,0,-1,0,0,-0.3999955952167511,12.47999382019043,2.7999997138977051">
        </Bone>
      </Part>
    </Brick>
    <Brick refID="52" designID="30499">
      <Part refID="54" designID="30499" materials="199">
        <Bone refID="54" transformation="0,0,-1,0,0.99999994039535522,0,1,0,0,0.40000265836715698,13.119993209838867,4.4000000953674316">
        </Bone>
      </Part>
    </Brick>
    <Brick refID="53" designID="6583">
      <Part refID="55" designID="6583" materials="191">
        <Bone refID="55" transformation="0,0,-1,0,0.99999994039535522,0,1,0,0,-1.9999930858612061,12.799993515014648,4.4000000953674316">
        </Bone>
      </Part>
    </Brick>
    <Brick refID="54" designID="2450">
      <Part refID="56" designID="2450" materials="140">
        <Bone refID="56" transformation="-1,0,0,0,1,0,0,0,-1,-1.1999938488006592,12.479994773864746,1.9999995231628418">
        </Bone>
      </Part>
    </Brick>
    <Brick refID="55" designID="6583">
      <Part refID="57" designID="6583" materials="191">
        <Bone refID="57" transformation="0,0,1,0,0.99999994039535522,0,-1,0,0,2.0000069141387939,12.799993515014648,0.39999961853027344">
        </Bone>
      </Part>
    </Brick>
    <Brick refID="56" designID="2450">
      <Part refID="58" designID="2450" materials="140">
        <Bone refID="58" transformation="0,0,-1,0,0.99999994039535522,0,1,0,0,1.2000048160552979,12.47999382019043,1.9999995231628418">
        </Bone>
      </Part>
    </Brick>
    <Brick refID="57" designID="2420">
      <Part refID="59" designID="2420" materials="199">
        <Bone refID="59" transformation="1,0,0,0,1,0,0,0,1,-1.199995756149292,11.839999198913574,1.199995756149292">
        </Bone>
      </Part>
    </Brick>
    <Brick refID="58" designID="3020">
      <Part refID="60" designID="3020" materials="140">
        <Bone refID="60" transformation="0,0,-1,0,0.99999994039535522,0,1,0,0,0.40000361204147339,12.159995079040527,2.8000009059906006">
        </Bone>
      </Part>
    </Brick>
    <Brick refID="59" designID="48336">
      <Part refID="61" designID="48336" materials="140">
        <Bone refID="61" transformation="-1,0,0,0,1,0,0,0,-1,0.40000361204147339,11.839995384216309,0.40000057220458984">
        </Bone>
      </Part>
    </Brick>
    <Brick refID="60" designID="2420">
      <Part refID="62" designID="2420" materials="199">
        <Bone refID="62" transformation="0,0,-1,0,0.99999994039535522,0,1,0,0,0.39999979734420776,11.839995384216309,2.0000014305114746">
        </Bone>
      </Part>
    </Brick>
    <Brick refID="61" designID="4864">
      <Part refID="63" designID="4864" materials="194">
        <Bone refID="63" transformation="1,0,0,0,1,0,0,0,1,-0.39999750256538391,12.799993515014648,2.7999987602233887">
        </Bone>
      </Part>
    </Brick>
    <Brick refID="62" designID="73587">
      <Part refID="64" designID="4592" materials="21">
        <Bone refID="64" transformation="0,0,1,0,0.99999994039535522,0,-1,0,0,-0.39999759197235107,14.719993591308594,2.7999985218048096">
        </Bone>
      </Part>
      <Part refID="65" designID="4593" materials="26">
        <Bone refID="65" transformation="0,1.0000001192092896,0,0,0,-1.0000001192092896,-1.0000001192092896,0,0,-0.39999943971633911,15.139985084533691,2.7999987602233887">
        </Bone>
      </Part>
    </Brick>
    <Brick refID="63" designID="61409">
      <Part refID="66" designID="61409" materials="199">
        <Bone refID="66" transformation="-1,0,0,0,1,0,0,0,-1,-1.1999938488006592,12.799994468688965,2.8000006675720215">
        </Bone>
      </Part>
    </Brick>
    <Brick refID="64" designID="61409">
      <Part refID="67" designID="61409" materials="199">
        <Bone refID="67" transformation="-1,0,0,0,1,0,0,0,-1,1.2000057697296143,12.799993515014648,2.7999997138977051">
        </Bone>
      </Part>
    </Brick>
    <Brick refID="65" designID="2449">
      <Part refID="68" designID="2449" materials="199">
        <Bone refID="68" transformation="0.49377313256263733,0,-0.86959075927734375,0,1,0,0.86959075927734375,0,0.49377313256263733,6.6200275421142578,1.9199942350387573,4.9104752540588379">
        </Bone>
      </Part>
    </Brick>
    <Brick refID="66" designID="4460">
      <Part refID="69" designID="4460" materials="199">
        <Bone refID="69" transformation="0.49377313256263733,0,-0.86959075927734375,0,1,0,0.86959075927734375,0,0.49377313256263733,6.6200275421142578,4.7999944686889648,4.9104709625244141">
        </Bone>
      </Part>
    </Brick>
    <Brick refID="67" designID="50990">
      <Part refID="70" designID="50990" materials="191">
        <Bone refID="70" transformation="-0.99457556009292603,0,0.10401658713817596,-0.090579576790332794,-0.49160930514335632,-0.86609220504760742,0.051135014742612839,-0.8708159327507019,0.48894274234771729,0.50159186124801636,19.953859329223633,4.8543658256530762">
        </Bone>
      </Part>
    </Brick>
    <Brick refID="68" designID="41862">
      <Part refID="71" designID="41862" materials="199">
        <Bone refID="71" transformation="-0.99457591772079468,0,0.10401303321123123,-0.090576820075511932,-0.49160966277122498,-0.8660922646522522,0.0511326864361763,-0.87081575393676758,0.48894357681274414,0.47260516881942749,19.796543121337891,4.5772185325622559">
        </Bone>
      </Part>
    </Brick>
    <Brick refID="69" designID="2555">
      <Part refID="72" designID="2555" materials="199">
        <Bone refID="72" transformation="0.05113639310002327,-0.87081599235534668,0.48894250392913818,-0.090580597519874573,-0.49160924553871155,-0.86609214544296265,0.99457550048828125,0,-0.10401805490255356,-0.35204184055328369,19.639228820800781,4.3832831382751465">
        </Bone>
      </Part>
    </Brick>
    <Brick refID="70" designID="3069">
      <Part refID="73" designID="3069" materials="199,0" decoration="0">
        <Bone refID="73" transformation="-0.99457591772079468,0,0.10401303321123123,-0.090576820075511932,-0.49160966277122498,-0.8660922646522522,0.0511326864361763,-0.87081575393676758,0.48894357681274414,0.40293246507644653,20.335882186889648,3.9088912010192871">
        </Bone>
      </Part>
    </Brick>
    <Brick refID="71" designID="2555">
      <Part refID="74" designID="2555" materials="199">
        <Bone refID="74" transformation="0.05113639310002327,-0.87081599235534668,0.48894250392913818,-0.090580597519874573,-0.49160924553871155,-0.86609214544296265,0.99457550048828125,0,-0.10401805490255356,0.44362014532089233,19.639228820800781,4.3000693321228027">
        </Bone>
      </Part>
    </Brick>
    <Brick refID="72" designID="3940">
      <Part refID="75" designID="3940" materials="191">
        <Bone refID="75" transformation="-0.051135912537574768,0.8708159327507019,-0.48894250392913818,-0.090580284595489502,-0.49160921573638916,-0.86609214544296265,-0.99457544088363647,0,0.10401768237352371,-0.12015396356582642,20.897748947143555,6.6004791259765625">
        </Bone>
      </Part>
    </Brick>
    <Brick refID="73" designID="2449">
      <Part refID="76" designID="2449" materials="199">
        <Bone refID="76" transformation="-1,0,0,0,1,0,0,0,-1,1.2000010013580322,1.9200056791305542,-4.4000015258789062">
        </Bone>
      </Part>
    </Brick>
    <Brick refID="74" designID="4460">
      <Part refID="77" designID="4460" materials="199">
        <Bone refID="77" transformation="-1,0,0,0,1,0,0,0,-1,1.2000010013580322,4.8000059127807617,-4.4000015258789062">
        </Bone>
      </Part>
    </Brick>
    <Brick refID="75" designID="33286">
      <Part refID="78" designID="33286" materials="194">
        <Bone refID="78" transformation="0,0,-1,0,0.99999994039535522,0,1,0,0,0.40000265836715698,14.719993591308594,2.7999987602233887">
        </Bone>
      </Part>
    </Brick>
    <Brick refID="76" designID="58176">
      <Part refID="79" designID="58176" materials="43">
        <Bone refID="79" transformation="0,0,-1,0,0.99999994039535522,0,1,0,0,0.40000265836715698,15.359994888305664,2.7999987602233887">
        </Bone>
      </Part>
    </Brick>
    <Brick refID="77" designID="73983">
      <Part refID="80" designID="2429" materials="199">
        <Bone refID="80" transformation="0,0,1,0,0.99999994039535522,0,-1,0,0,-1.199995756149292,11.519998550415039,0.39999604225158691">
        </Bone>
      </Part>
      <Part refID="81" designID="2430" materials="199">
        <Bone refID="81" transformation="-0.86994892358779907,0,0.49314185976982117,0,0.99999994039535522,0,-0.49314185976982117,0,-0.86994892358779907,-1.7507083415985107,11.519998550415039,2.1452336311340332">
        </Bone>
      </Part>
    </Brick>
    <Brick refID="78" designID="4287">
      <Part refID="82" designID="4287" materials="199">
        <Bone refID="82" transformation="1,0,0,0,1,0,0,0,1,-1.199995756149292,10.559998512268066,-0.40000247955322266">
        </Bone>
      </Part>
    </Brick>
    <Brick refID="79" designID="61678">
      <Part refID="83" designID="61678" materials="199">
        <Bone refID="83" transformation="0,0,-1,0,0.99999994039535522,0,1,0,0,-1.199995756149292,12.159997940063477,1.1999974250793457">
        </Bone>
      </Part>
    </Brick>
    <Brick refID="80" designID="2449">
      <Part refID="84" designID="2449" materials="199">
        <Bone refID="84" transformation="1,0,0,0,1,0,0,0,1,-1.199995756149292,6.719998836517334,-2.8000030517578125">
        </Bone>
      </Part>
    </Brick>
    <Brick refID="81" designID="6541">
      <Part refID="85" designID="6541" materials="199">
        <Bone refID="85" transformation="0,0,-1,0,0.99999994039535522,0,1,0,0,-1.1999995708465576,9.5999984741210937,-2.8000030517578125">
        </Bone>
      </Part>
    </Brick>
    <Brick refID="82" designID="6141">
      <Part refID="86" designID="6141" materials="191">
        <Bone refID="86" transformation="0,0,1.0000001192092896,1.0000001192092896,0,0,0,1.0000001192092896,0,-1.9199988842010498,10.180000305175781,-2.8000030517578125">
        </Bone>
      </Part>
    </Brick>
    <Brick refID="83" designID="4274">
      <Part refID="87" designID="4274" materials="194">
        <Bone refID="87" transformation="0,0,-1,0,0.99999994039535522,0,1,0,0,0,10.179998397827148,-2.8000030517578125">
        </Bone>
      </Part>
    </Brick>
    <Brick refID="84" designID="60477">
      <Part refID="88" designID="60477" materials="199">
        <Bone refID="88" transformation="-1,0,0,0,1,0,0,0,-1,-1.1999995708465576,10.559999465942383,-1.2000045776367187">
        </Bone>
      </Part>
    </Brick>
    <Brick refID="85" designID="4287">
      <Part refID="89" designID="4287" materials="199">
        <Bone refID="89" transformation="1,0,0,0,1,0,0,0,1,-1.199995756149292,9.5999984741210937,-2">
        </Bone>
      </Part>
    </Brick>
    <Brick refID="86" designID="6141">
      <Part refID="90" designID="6141" materials="191">
        <Bone refID="90" transformation="0,0,1.0000001192092896,1.0000001192092896,0,0,0,1.0000001192092896,0,-1.9199988842010498,7.2999978065490723,-3.6000022888183594">
        </Bone>
      </Part>
    </Brick>
    <Brick refID="87" designID="6541">
      <Part refID="91" designID="6541" materials="199">
        <Bone refID="91" transformation="0,0,-1,0,0.99999994039535522,0,1,0,0,-1.1999975442886353,6.719998836517334,-3.6000022888183594">
        </Bone>
      </Part>
    </Brick>
    <Brick refID="88" designID="4460">
      <Part refID="92" designID="4460" materials="199">
        <Bone refID="92" transformation="-1,0,0,0,1,0,0,0,-1,-1.1999975442886353,7.6799983978271484,-3.6000022888183594">
        </Bone>
      </Part>
    </Brick>
    <Brick refID="89" designID="4274">
      <Part refID="93" designID="4274" materials="194">
        <Bone refID="93" transformation="0,0,-1,0,0.99999994039535522,0,1,0,0,0,7.2999978065490723,-3.6000022888183594">
        </Bone>
      </Part>
    </Brick>
    <Brick refID="90" designID="3005">
      <Part refID="94" designID="3005" materials="199,0" decoration="0">
        <Bone refID="94" transformation="-1,0,0,0,1,0,0,0,-1,-1.1999974250793457,5.7599987983703613,-3.6000022888183594">
        </Bone>
      </Part>
    </Brick>
    <Brick refID="91" designID="3005">
      <Part refID="95" designID="3005" materials="199,0" decoration="0">
        <Bone refID="95" transformation="-1,0,0,0,1,0,0,0,-1,-1.1999975442886353,4.7999987602233887,-3.6000022888183594">
        </Bone>
      </Part>
    </Brick>
    <Brick refID="92" designID="3005">
      <Part refID="96" designID="3005" materials="199,0" decoration="0">
        <Bone refID="96" transformation="-1,0,0,0,1,0,0,0,-1,-1.1999975442886353,3.8399982452392578,-3.6000022888183594">
        </Bone>
      </Part>
    </Brick>
    <Brick refID="93" designID="3245">
      <Part refID="97" designID="3245" materials="199">
        <Bone refID="97" transformation="0,0,-1,0,0.99999994039535522,0,1,0,0,-1.1999975442886353,1.9199984073638916,-2.8000030517578125">
        </Bone>
      </Part>
    </Brick>
    <Brick refID="94" designID="4287">
      <Part refID="98" designID="4287" materials="199">
        <Bone refID="98" transformation="-1,0,0,0,1,0,0,0,-1,-1.1999974250793457,0.95999777317047119,-2.8000035285949707">
        </Bone>
      </Part>
    </Brick>
    <Brick refID="95" designID="4287">
      <Part refID="99" designID="4287" materials="199">
        <Bone refID="99" transformation="-0.49314194917678833,0,-0.86994898319244385,0,1,0,0.86994898319244385,0,-0.49314194917678833,-3.1426293849945068,10.559998512268066,2.9342617988586426">
        </Bone>
      </Part>
    </Brick>
    <Brick refID="96" designID="61678">
      <Part refID="100" designID="61678" materials="199">
        <Bone refID="100" transformation="-0.8699493408203125,0,0.49314156174659729,0,0.99999994039535522,0,-0.49314156174659729,0,-0.8699493408203125,-1.7507128715515137,12.159998893737793,2.1452398300170898">
        </Bone>
      </Part>
    </Brick>
    <Brick refID="97" designID="3024">
      <Part refID="101" designID="3024" materials="199">
        <Bone refID="101" transformation="-0.49314194917678833,0,-0.86994898319244385,0,0.99999994039535522,0,0.86994898319244385,0,-0.49314194917678833,-1.7507120370864868,11.839999198913574,2.1452400684356689">
        </Bone>
      </Part>
    </Brick>
    <Brick refID="98" designID="2449">
      <Part refID="102" designID="2449" materials="199">
        <Bone refID="102" transformation="-0.49314215779304504,0,-0.86994892358779907,0,1,0,0.86994892358779907,0,-0.49314215779304504,-5.2305102348327637,6.719998836517334,4.1178040504455566">
        </Bone>
      </Part>
    </Brick>
    <Brick refID="99" designID="6541">
      <Part refID="103" designID="6541" materials="199">
        <Bone refID="103" transformation="-0.86994928121566772,0,0.49314150214195251,0,0.99999994039535522,0,-0.49314150214195251,0,-0.86994928121566772,-5.2305083274841309,9.5999984741210937,4.1178073883056641">
        </Bone>
      </Part>
    </Brick>
    <Brick refID="100" designID="6141">
      <Part refID="104" designID="6141" materials="191">
        <Bone refID="104" transformation="-0.86994946002960205,0,0.49314150214195251,0.49314147233963013,0,0.86994946002960205,0,1.0000001192092896,0,-5.5855708122253418,10.180000305175781,3.4914436340332031">
        </Bone>
      </Part>
    </Brick>
    <Brick refID="101" designID="4274">
      <Part refID="105" designID="4274" materials="194">
        <Bone refID="105" transformation="0.8699493408203125,0,-0.49314138293266296,0,1,0,0.49314138293266296,0,0.8699493408203125,-4.6387381553649902,10.179998397827148,5.161747932434082">
        </Bone>
      </Part>
    </Brick>
    <Brick refID="102" designID="60477">
      <Part refID="106" designID="60477" materials="199">
        <Bone refID="106" transformation="0.49314209818840027,0,0.86994898319244385,0,1,0,-0.86994898319244385,0,0.49314209818840027,-3.8385915756225586,10.559999465942383,3.3287811279296875">
        </Bone>
      </Part>
    </Brick>
    <Brick refID="103" designID="4287">
      <Part refID="107" designID="4287" materials="199">
        <Bone refID="107" transformation="-0.49314215779304504,0,-0.86994892358779907,0,1,0,0.86994892358779907,0,-0.49314215779304504,-4.5345487594604492,9.5999984741210937,3.7232894897460937">
        </Bone>
      </Part>
    </Brick>
    <Brick refID="104" designID="4287">
      <Part refID="108" designID="4287" materials="199">
        <Bone refID="108" transformation="0.49314209818840027,0,0.86994892358779907,0,1,0,-0.86994892358779907,0,0.49314209818840027,-5.2305092811584473,0.95999783277511597,4.1178059577941895">
        </Bone>
      </Part>
    </Brick>
    <Brick refID="105" designID="3245">
      <Part refID="109" designID="3245" materials="199">
        <Bone refID="109" transformation="-0.8699493408203125,0,0.49314159154891968,0,0.99999994039535522,0,-0.49314159154891968,0,-0.8699493408203125,-5.2305083274841309,1.9199981689453125,4.1178054809570313">
        </Bone>
      </Part>
    </Brick>
    <Brick refID="106" designID="3005">
      <Part refID="110" designID="3005" materials="199,0" decoration="0">
        <Bone refID="110" transformation="0.49314215779304504,0,0.86994904279708862,0,1,0,-0.86994904279708862,0,0.49314215779304504,-5.9264674186706543,3.8399980068206787,4.5123195648193359">
        </Bone>
      </Part>
    </Brick>
    <Brick refID="107" designID="3005">
      <Part refID="111" designID="3005" materials="199,0" decoration="0">
        <Bone refID="111" transformation="0.49314215779304504,0,0.86994904279708862,0,1,0,-0.86994904279708862,0,0.49314215779304504,-5.9264674186706543,4.7999978065490723,4.5123195648193359">
        </Bone>
      </Part>
    </Brick>
    <Brick refID="108" designID="3005">
      <Part refID="112" designID="3005" materials="199,0" decoration="0">
        <Bone refID="112" transformation="0.49314215779304504,0,0.86994904279708862,0,1,0,-0.86994904279708862,0,0.49314215779304504,-5.9264674186706543,5.7599978446960449,4.5123195648193359">
        </Bone>
      </Part>
    </Brick>
    <Brick refID="109" designID="6541">
      <Part refID="113" designID="6541" materials="199">
        <Bone refID="113" transformation="-0.8699493408203125,0,0.49314159154891968,0,0.99999994039535522,0,-0.49314159154891968,0,-0.8699493408203125,-5.9264674186706543,6.7199978828430176,4.5123195648193359">
        </Bone>
      </Part>
    </Brick>
    <Brick refID="110" designID="4460">
      <Part refID="114" designID="4460" materials="199">
        <Bone refID="114" transformation="0.49314215779304504,0,0.86994904279708862,0,1,0,-0.86994904279708862,0,0.49314215779304504,-5.9264674186706543,7.6799979209899902,4.5123195648193359">
        </Bone>
      </Part>
    </Brick>
    <Brick refID="111" designID="4274">
      <Part refID="115" designID="4274" materials="194">
        <Bone refID="115" transformation="0.86994940042495728,0,-0.49314147233963013,0,1,0,0.49314147233963013,0,0.86994940042495728,-5.3346953392028809,7.2999978065490723,5.5562591552734375">
        </Bone>
      </Part>
    </Brick>
    <Brick refID="112" designID="6141">
      <Part refID="116" designID="6141" materials="191">
        <Bone refID="116" transformation="-0.86994940042495728,0,0.49314150214195251,0.4931415319442749,0,0.86994951963424683,0,1.0000001192092896,0,-6.2815284729003906,7.2999978065490723,3.8859574794769287">
        </Bone>
      </Part>
    </Brick>
    <Brick refID="113" designID="4460">
      <Part refID="117" designID="4460" materials="199">
        <Bone refID="117" transformation="1,0,0,0,1,0,0,0,1,-1.199995756149292,3.8399982452392578,-2.7999992370605469">
        </Bone>
      </Part>
    </Brick>
    <Brick refID="114" designID="4287">
      <Part refID="118" designID="4287" materials="199">
        <Bone refID="118" transformation="-1,0,0,0,1,0,0,0,-1,-1.1999995708465576,0,-1.1999969482421875">
        </Bone>
      </Part>
    </Brick>
    <Brick refID="115" designID="4460">
      <Part refID="119" designID="4460" materials="199">
        <Bone refID="119" transformation="1,0,0,0,1,0,0,0,1,-1.1999995708465576,0.95999807119369507,-1.9999961853027344">
        </Bone>
      </Part>
    </Brick>
    <Brick refID="116" designID="4287">
      <Part refID="120" designID="4287" materials="199">
        <Bone refID="120" transformation="0.49314200878143311,0,0.86994880437850952,0,1,0,-0.86994880437850952,0,0.49314200878143311,-3.8385837078094482,0,3.3287777900695801">
        </Bone>
      </Part>
    </Brick>
    <Brick refID="117" designID="4460">
      <Part refID="121" designID="4460" materials="199">
        <Bone refID="121" transformation="-0.49314212799072266,0,-0.8699488639831543,0,1,0,0.8699488639831543,0,-0.49314212799072266,-4.534543514251709,0.95999807119369507,3.7232918739318848">
        </Bone>
      </Part>
    </Brick>
    <Brick refID="118" designID="4460">
      <Part refID="122" designID="4460" materials="199">
        <Bone refID="122" transformation="-0.49314212799072266,0,-0.8699488639831543,0,1,0,0.8699488639831543,0,-0.49314212799072266,-5.2305083274841309,3.8399982452392578,4.1178040504455566">
        </Bone>
      </Part>
    </Brick>
    <Brick refID="119" designID="75535">
      <Part refID="123" designID="75535" materials="191">
        <Bone refID="123" transformation="0.8699491024017334,0,-0.4931415319442749,0,1,0,0.4931415319442749,0,0.8699491024017334,-4.2442197799682617,10.179997444152832,5.8577084541320801">
        </Bone>
      </Part>
    </Brick>
    <Brick refID="120" designID="73983">
      <Part refID="124" designID="2430" materials="199">
        <Bone refID="124" transformation="0.86959046125411987,0,0.49377363920211792,0,1,0,-0.49377363920211792,0,0.86959046125411987,0.56526583433151245,11.520002365112305,4.2323613166809082">
        </Bone>
      </Part>
      <Part refID="125" designID="2429" materials="199">
        <Bone refID="125" transformation="0.85838896036148071,0,-0.51299941539764404,0,1,0,0.51299941539764404,0,0.85838896036148071,-1.2153403759002686,11.520002365112305,4.6549420356750488">
        </Bone>
      </Part>
    </Brick>
    <Brick refID="121" designID="4287">
      <Part refID="126" designID="4287" materials="199">
        <Bone refID="126" transformation="-0.49377349019050598,0,0.86959046125411987,0,0.99999994039535522,0,-0.86959046125411987,0,-0.49377349019050598,1.956613302230835,10.560002326965332,5.0223994255065918">
        </Bone>
      </Part>
    </Brick>
    <Brick refID="122" designID="61678">
      <Part refID="127" designID="61678" materials="199">
        <Bone refID="127" transformation="0.86959147453308105,0,0.49377188086509705,0,1,0,-0.49377188086509705,0,0.86959147453308105,0.56526809930801392,12.160001754760742,4.232356071472168">
        </Bone>
      </Part>
    </Brick>
    <Brick refID="123" designID="3024">
      <Part refID="128" designID="3024" materials="199">
        <Bone refID="128" transformation="-0.86959099769592285,0,-0.49377268552780151,0,1,0,0.49377268552780151,0,-0.86959099769592285,0.5652649998664856,11.840002059936523,4.2323617935180664">
        </Bone>
      </Part>
    </Brick>
    <Brick refID="124" designID="2449">
      <Part refID="129" designID="2449" materials="199">
        <Bone refID="129" transformation="-0.49377349019050598,0,0.86959046125411987,0,0.99999994039535522,0,-0.86959046125411987,0,-0.49377349019050598,4.0436387062072754,6.7200021743774414,6.2074575424194336">
        </Bone>
      </Part>
    </Brick>
    <Brick refID="125" designID="6541">
      <Part refID="130" designID="6541" materials="199">
        <Bone refID="130" transformation="0.86959099769592285,0,0.49377256631851196,0,0.99999994039535522,0,-0.49377256631851196,0,0.86959099769592285,4.0436363220214844,9.6000022888183594,6.2074556350708008">
        </Bone>
      </Part>
    </Brick>
    <Brick refID="126" designID="6141">
