<?xml version="1.0" encoding="UTF-8" standalone="no" ?>
<LXFML versionMajor="5" versionMinor="0">
  <Meta>
    <Application name="CCOP" versionMajor="0" versionMinor="0"/>
    <Brand name="LEGOUniverse"/>
    <BrickSet version="228"/>
  </Meta>
  <Bricks>
    <Brick refID="0" designID="4489">
      <Part refID="0" designID="4489" materials="192">
        <Bone refID="0" transformation="0,-0.32556810975074768,0.9455186128616333,0,0.94551867246627808,0.32556810975074768,-1,0,0,-1.7054407596588135,2.3084149360656738,-2.0899999141693115">
        </Bone>
      </Part>
    </Brick>
    <Brick refID="1" designID="4070">
      <Part refID="1" designID="4070" materials="199">
        <Bone refID="1" transformation="0,-0.32556810975074768,0.9455186128616333,0,0.94551867246627808,0.32556810975074768,-1,0,0,-1.2000013589859009,2.2980856895446777,-0.40136286616325378">
        </Bone>
      </Part>
    </Brick>
    <Brick refID="2" designID="6636">
      <Part refID="2" designID="6636" materials="192,0" decoration="0">
        <Bone refID="2" transformation="0,-0.32556813955307007,0.9455186128616333,-1.0000001192092896,0,0,0,-0.9455186128616333,-0.32556802034378052,-1.4511042833328247,4.1298484802246094,-4.0011191368103027">
        </Bone>
      </Part>
    </Brick>
    <Brick refID="3" designID="4070">
      <Part refID="3" designID="4070" materials="199">
        <Bone refID="3" transformation="0,-0.32556810975074768,0.9455186128616333,0,0.94551867246627808,0.32556810975074768,-1,0,0,-1.2000011205673218,3.6003584861755371,-4.1834373474121094">
        </Bone>
      </Part>
    </Brick>
    <Brick refID="4" designID="6141">
      <Part refID="4" designID="6141" materials="192">
        <Bone refID="4" transformation="0,-0.32556810975074768,0.9455186128616333,0,0.94551867246627808,0.32556810975074768,-1,0,0,-1.2000011205673218,4.5080561637878418,-3.870891809463501">
        </Bone>
      </Part>
    </Brick>
    <Brick refID="5" designID="4070">
      <Part refID="5" designID="4070" materials="199">
        <Bone refID="5" transformation="0,-0.32556810975074768,0.9455186128616333,0,0.94551867246627808,0.32556810975074768,-1,0,0,-1.2000011205673218,4.8106217384338379,-3.7667100429534912">
        </Bone>
      </Part>
    </Brick>
    <Brick refID="6" designID="6636">
      <Part refID="6" designID="6636" materials="192,0" decoration="0">
        <Bone refID="6" transformation="0,-0.32556813955307007,0.9455186128616333,-1.0000001192092896,0,0,0,-0.9455186128616333,-0.32556802034378052,-1.4511042833328247,5.3401122093200684,-3.5843920707702637">
        </Bone>
      </Part>
    </Brick>
    <Brick refID="7" designID="4070">
      <Part refID="7" designID="4070" materials="199">
        <Bone refID="7" transformation="0,-0.32556805014610291,0.94551855325698853,0,0.9455186128616333,0.32556805014610291,-1,0,0,-1.2000013589859009,3.5083494186401367,0.015364052727818489">
        </Bone>
      </Part>
    </Brick>
    <Brick refID="8" designID="6141">
      <Part refID="8" designID="6141" materials="192">
        <Bone refID="8" transformation="0,-0.32556810975074768,0.9455186128616333,0,0.94551867246627808,0.32556810975074768,-1,0,0,-1.2000013589859009,3.2057833671569824,-0.088817477226257324">
        </Bone>
      </Part>
    </Brick>
    <Brick refID="9" designID="3032">
      <Part refID="9" designID="3032" materials="192">
        <Bone refID="9" transformation="0,-0.32556810975074768,0.9455186128616333,0,0.94551867246627808,0.32556810975074768,-1,0,0,-1.2000011205673218,3.2977919578552246,-4.2876191139221191">
        </Bone>
      </Part>
    </Brick>
    <Brick refID="10" designID="2926">
      <Part refID="10" designID="2926" materials="26">
        <Bone refID="10" transformation="1,0,0,0,0.94551855325698853,0.32556813955307007,0,-0.32556813955307007,0.94551855325698853,-1.2000012397766113,2.2138628959655762,-2.1225566864013672">
        </Bone>
      </Part>
    </Brick>
    <Brick refID="11" designID="4070">
      <Part refID="11" designID="4070" materials="199">
        <Bone refID="11" transformation="0,0.32556813955307007,-0.9455186128616333,0,0.94551867246627808,0.32556813955307007,1,0,0,1.1999989748001099,3.6003580093383789,-4.1834373474121094">
        </Bone>
      </Part>
    </Brick>
    <Brick refID="12" designID="6141">
      <Part refID="12" designID="6141" materials="192">
        <Bone refID="12" transformation="0,-0.32556807994842529,0.9455186128616333,0,0.94551879167556763,0.32556810975074768,-1.0000001192092896,0,0,1.1999989748001099,4.5080561637878418,-3.8708925247192383">
        </Bone>
      </Part>
    </Brick>
    <Brick refID="13" designID="4070">
      <Part refID="13" designID="4070" materials="199">
        <Bone refID="13" transformation="0,0.32556813955307007,-0.9455186128616333,0,0.94551867246627808,0.32556813955307007,1,0,0,1.199999213218689,4.8106217384338379,-3.7667109966278076">
        </Bone>
      </Part>
    </Brick>
    <Brick refID="14" designID="6636">
      <Part refID="14" designID="6636" materials="192,0" decoration="0">
        <Bone refID="14" transformation="0,0.32556805014610291,-0.94551855325698853,1,0,0,0,-0.94551855325698853,-0.32556805014610291,1.4518609046936035,4.0378398895263672,0.19768194854259491">
        </Bone>
      </Part>
    </Brick>
    <Brick refID="15" designID="4070">
      <Part refID="15" designID="4070" materials="199">
        <Bone refID="15" transformation="0,0.32556813955307007,-0.9455186128616333,0,0.94551867246627808,0.32556813955307007,1,0,0,1.1999989748001099,3.5083494186401367,0.015364097431302071">
        </Bone>
      </Part>
    </Brick>
    <Brick refID="16" designID="6141">
      <Part refID="16" designID="6141" materials="192">
        <Bone refID="16" transformation="0,-0.32556807994842529,0.9455186128616333,0,0.94551879167556763,0.32556810975074768,-1.0000001192092896,0,0,1.1999989748001099,3.2057833671569824,-0.0888175368309021">
        </Bone>
      </Part>
    </Brick>
    <Brick refID="17" designID="4070">
      <Part refID="17" designID="4070" materials="199">
        <Bone refID="17" transformation="0,0.32556813955307007,-0.9455186128616333,0,0.94551867246627808,0.32556813955307007,1,0,0,1.1999989748001099,2.2980854511260986,-0.4013628363609314">
        </Bone>
      </Part>
    </Brick>
    <Brick refID="18" designID="2397">
      <Part refID="18" designID="2397" materials="199">
        <Bone refID="18" transformation="0,-0.32556810975074768,0.9455186128616333,0,0.94551867246627808,0.32556810975074768,-1,0,0,-0.40000137686729431,1.9534087181091309,-1.3661423921585083">
        </Bone>
      </Part>
    </Brick>
    <Brick refID="19" designID="3002">
      <Part refID="19" designID="3002" materials="5">
        <Bone refID="19" transformation="0,0.32556813955307007,-0.9455186128616333,0,0.94551867246627808,0.32556813955307007,1,0,0,0.39999914169311523,2.2980854511260986,-0.40136265754699707">
        </Bone>
      </Part>
    </Brick>
    <Brick refID="20" designID="6636">
      <Part refID="20" designID="6636" materials="192,0" decoration="0">
        <Bone refID="20" transformation="0,0.32556778192520142,-0.9455188512802124,1.0000001192092896,0,0,0,-0.9455188512802124,-0.32556766271591187,1.4518605470657349,2.8275761604309082,-0.21904467046260834">
        </Bone>
      </Part>
    </Brick>
    <Brick refID="21" designID="4489">
      <Part refID="21" designID="4489" materials="192">
        <Bone refID="21" transformation="0,0.32556816935539246,-0.9455186128616333,0,0.94551867246627808,0.32556816935539246,1,0,0,1.688239574432373,2.3084149360656738,-2.0899996757507324">
        </Bone>
      </Part>
    </Brick>
    <Brick refID="22" designID="3002">
      <Part refID="22" designID="3002" materials="5">
        <Bone refID="22" transformation="-1,0,0,0,0.89879405498504639,-0.43837109208106995,0,-0.43837109208106995,-0.89879405498504639,0.80223900079727173,3.5830793380737305,-2.5651021003723145">
        </Bone>
      </Part>
    </Brick>
  </Bricks>
  <RigidSystems>
    <RigidSystem>
      <Rigid refID="0" transformation="0,-0.32556810975074768,0.9455186128616333,0,0.94551867246627808,0.32556810975074768,-1,0,0,-1.7054407596588135,1.7000000476837158,-2.0899999141693115" boneRefs="0"/>
      <Rigid refID="1" transformation="0,-0.32556810975074768,0.9455186128616333,0,0.94551867246627808,0.32556810975074768,-1,0,0,-1.2000013589859009,1.6896709203720093,-0.40136286616325378" boneRefs="1,2,3,4,5,6,7,8,9,10,11,12,13,14,15,16,17,18,19,20"/>
      <Rigid refID="2" transformation="0,0.32556816935539246,-0.9455186128616333,0,0.94551867246627808,0.32556816935539246,1,0,0,1.688239574432373,1.7000000476837158,-2.0899996757507324" boneRefs="21"/>
      <Joint type="hinge">
        <RigidRef rigidRef="1" a="0,0,-1.0000001192092896" z="0,1,0" t="-1.6000007390975952,-0.52999991178512573,0.70999938249588013"/>
        <RigidRef rigidRef="0" a="0,0,-1.0000001192092896" z="0,1.0000001192092896,0" t="0,0,0.20000000298023224"/>
      </Joint>
      <Joint type="hinge">
        <RigidRef rigidRef="2" a="0,0,-1.0000001192092896" z="0,1.0000001192092896,0" t="0,0,0.20000000298023224"/>
        <RigidRef rigidRef="1" a="0,0,1.0000001192092896" z="0,-1,0" t="-1.5999995470046997,-0.52999973297119141,-3.1100003719329834"/>
      </Joint>
    </RigidSystem>
    <RigidSystem>
      <Rigid refID="3" transformation="-1,0,0,0,0.89879405498504639,-0.43837109208106995,0,-0.43837109208106995,-0.89879405498504639,0.80223900079727173,2.9746644496917725,-2.5651021003723145" boneRefs="22"/>
    </RigidSystem>
  </RigidSystems>
  <GroupSystems>
    <GroupSystem>
    </GroupSystem>
  </GroupSystems>
</LXFML>
