<?xml version="1.0" encoding="UTF-8" standalone="no" ?>
<LXFML versionMajor="5" versionMinor="0">
  <Meta>
    <Application name="LEGO Universe" versionMajor="0" versionMinor="0"/>
    <Brand name="LEGOUniverse"/>
    <BrickSet version="238"/>
  </Meta>
  <Bricks>
    <Brick refID="0" designID="6019">
      <Part refID="0" designID="6019" materials="26">
        <Bone refID="0" transformation="1,0,0,0,0.80901724100112915,0.58778494596481323,0,-0.58778494596481323,0.80901724100112915,-0.37400180101394653,3.8715088367462158,4.0793867111206055">
        </Bone>
      </Part>
    </Brick>
    <Brick refID="1" designID="2431">
      <Part refID="1" designID="2431" materials="26,0" decoration="0">
        <Bone refID="1" transformation="0,-0.58778530359268188,0.80901694297790527,0,0.80901694297790527,0.58778530359268188,-1,0,0,-0.37400195002555847,5.541079044342041,2.3258371353149414">
        </Bone>
      </Part>
    </Brick>
    <Brick refID="2" designID="3024">
      <Part refID="2" designID="3024" materials="26">
        <Bone refID="2" transformation="1,0,0,0,0.80901724100112915,0.58778494596481323,0,-0.58778494596481323,0.80901724100112915,-0.37400183081626892,4.3417367935180664,3.4321739673614502">
        </Bone>
      </Part>
    </Brick>
    <Brick refID="3" designID="60478">
      <Part refID="3" designID="60478" materials="26">
        <Bone refID="3" transformation="0,-0.58778530359268188,0.80901694297790527,0,0.80901694297790527,0.58778530359268188,-1,0,0,-0.37400183081626892,5.282193660736084,2.1377456188201904">
        </Bone>
      </Part>
    </Brick>
    <Brick refID="4" designID="48336">
      <Part refID="4" designID="48336" materials="26">
        <Bone refID="4" transformation="-1,0,0,0,-0.8090168833732605,0.58778542280197144,0,0.58778542280197144,0.8090168833732605,0.010997295379638672,3.332324743270874,4.0793857574462891">
        </Bone>
      </Part>
    </Brick>
    <Brick refID="5" designID="50950">
      <Part refID="5" designID="50950" materials="24">
        <Bone refID="5" transformation="0,-0.58778440952301025,-0.8090175986289978,0,-0.8090175986289978,0.58778440952301025,-0.99999994039535522,0,0,0.010997295379638672,3.0734391212463379,4.2674770355224609">
        </Bone>
      </Part>
    </Brick>
    <Brick refID="6" designID="6019">
      <Part refID="6" designID="6019" materials="26">
        <Bone refID="6" transformation="1,0,0,0,0.30901706218719482,-0.95105648040771484,0,0.95105648040771484,0.30901706218719482,-0.38700228929519653,5.1152524948120117,1.6247155666351318">
        </Bone>
      </Part>
    </Brick>
    <Brick refID="7" designID="2431">
      <Part refID="7" designID="2431" materials="26,0" decoration="0">
        <Bone refID="7" transformation="0,0.95105654001235962,0.30901697278022766,0,0.30901703238487244,-0.95105648040771484,-1,0,0,-0.38700023293495178,2.9316027164459229,0.57873719930648804">
        </Bone>
      </Part>
    </Brick>
    <Brick refID="8" designID="3023">
      <Part refID="8" designID="3023" materials="26">
        <Bone refID="8" transformation="0,0.95105654001235962,0.30901697278022766,0,0.30901703238487244,-0.95105648040771484,-1,0,0,-0.38700023293495178,3.5935623645782471,1.1302890777587891">
        </Bone>
      </Part>
    </Brick>
    <Brick refID="9" designID="6019">
      <Part refID="9" designID="6019" materials="26">
        <Bone refID="9" transformation="-1,0,0,0,0.30901703238487244,-0.95105648040771484,0,-0.95105648040771484,-0.30901700258255005,-0.38700023293495178,2.8327176570892334,0.88307517766952515">
        </Bone>
      </Part>
    </Brick>
    <Brick refID="10" designID="50950">
      <Part refID="10" designID="50950" materials="24">
        <Bone refID="10" transformation="0,-0.58778440952301025,-0.8090175986289978,0,-0.8090175986289978,0.58778440952301025,-0.99999994039535522,0,0,-0.78900295495986938,3.0734388828277588,4.2674770355224609">
        </Bone>
      </Part>
    </Brick>
    <Brick refID="11" designID="73587">
      <Part refID="11" designID="4592" materials="26">
        <Bone refID="11" transformation="0,0,1,0,0.99999994039535522,0,-1,0,0,-0.40000039339065552,2.2209081649780273,-0.39999991655349731">
        </Bone>
      </Part>
      <Part refID="12" designID="4593" materials="26">
        <Bone refID="12" transformation="0,0.30901703238487244,0.95105665922164917,0,0.95105671882629395,-0.30901703238487244,-1.0000001192092896,0,0,-0.40000039339065552,2.6409082412719727,-0.39999991655349731">
        </Bone>
      </Part>
    </Brick>
    <Brick refID="12" designID="60478">
      <Part refID="13" designID="60478" materials="26">
        <Bone refID="13" transformation="0,0,-1,0,1,0,1,0,0,-0.40000039339065552,1.9009082317352295,-0.40000054240226746">
        </Bone>
      </Part>
    </Brick>
    <Brick refID="13" designID="3032">
      <Part refID="14" designID="3032" materials="24">
        <Bone refID="14" transformation="0,0,1,0,0.99999994039535522,0,-1,0,0,-1.1999999284744263,1.5809082984924316,-4.4000005722045898">
        </Bone>
      </Part>
    </Brick>
    <Brick refID="14" designID="3039">
      <Part refID="15" designID="3039" materials="24,0" decoration="0">
        <Bone refID="15" transformation="1,0,0,0,1,0,0,0,1,-1.2000001668930054,2.2209081649780273,-2.0000007152557373">
        </Bone>
      </Part>
    </Brick>
    <Brick refID="15" designID="3023">
      <Part refID="16" designID="3023" materials="24">
        <Bone refID="16" transformation="-1,0,0,0,1,0,0,0,-1,-0.40000000596046448,1.9009082317352295,-2.0000007152557373">
        </Bone>
      </Part>
    </Brick>
    <Brick refID="16" designID="3023">
      <Part refID="17" designID="3023" materials="24">
        <Bone refID="17" transformation="0,0,1,0,0.99999994039535522,0,-1,0,0,-1.2000002861022949,1.9009082317352295,-1.2000007629394531">
        </Bone>
      </Part>
    </Brick>
    <Brick refID="17" designID="73081">
      <Part refID="18" designID="3829" materials="24">
        <Bone refID="18" transformation="-1,0,0,0,1,0,0,0,-1,1.1999996900558472,2.2209081649780273,-0.40000054240226746">
        </Bone>
      </Part>
      <Part refID="19" designID="3828" materials="26">
        <Bone refID="19" transformation="-1,0,0,0,0.57357639074325562,-0.81915199756622314,0,-0.81915199756622314,-0.57357645034790039,0.80002671480178833,3.4369683265686035,-0.17011862993240356">
        </Bone>
      </Part>
    </Brick>
    <Brick refID="18" designID="3023">
      <Part refID="20" designID="3023" materials="24">
        <Bone refID="20" transformation="1,0,0,0,1,0,0,0,1,0.39999949932098389,1.9009082317352295,-0.40000066161155701">
        </Bone>
      </Part>
    </Brick>
    <Brick refID="19" designID="4079">
      <Part refID="21" designID="4079" materials="23">
        <Bone refID="21" transformation="1,0,0,0,1,0,0,0,1,0.39999967813491821,1.9009082317352295,-1.2000002861022949">
        </Bone>
      </Part>
    </Brick>
    <Brick refID="20" designID="3069">
      <Part refID="22" designID="3069" materials="24,0" decoration="0">
        <Bone refID="22" transformation="1,0,0,0,1,0,0,0,1,0.39977678656578064,1.9009082317352295,-2.8000006675720215">
        </Bone>
      </Part>
    </Brick>
    <Brick refID="21" designID="74340">
      <Part refID="23" designID="3679" materials="24">
        <Bone refID="23" transformation="1,0,0,0,1,0,0,0,1,-0.40000003576278687,1.5809082984924316,-2.0000007152557373">
        </Bone>
      </Part>
      <Part refID="24" designID="3680" materials="24">
        <Bone refID="24" transformation="1,0,0,0,1,0,0,0,1,-0.40000003576278687,1.2609083652496338,-2.0000002384185791">
        </Bone>
      </Part>
    </Brick>
    <Brick refID="22" designID="4589">
      <Part refID="25" designID="4589" materials="26">
        <Bone refID="25" transformation="1,0,0,0,1,0,0,0,1,-0.80000048875808716,3.180908203125,-2.8000001907348633">
        </Bone>
      </Part>
    </Brick>
    <Brick refID="23" designID="3794">
      <Part refID="26" designID="3794" materials="24">
        <Bone refID="26" transformation="-1,0,0,0,1,0,0,0,-1,-0.40000006556510925,2.8609082698822021,-2.8000006675720215">
        </Bone>
      </Part>
    </Brick>
    <Brick refID="24" designID="3004">
      <Part refID="27" designID="3004" materials="24,0,0,0" decoration="0,0,0">
        <Bone refID="27" transformation="1,0,0,0,1,0,0,0,1,-1.2000001668930054,1.9009082317352295,-2.8000011444091797">
        </Bone>
      </Part>
    </Brick>
    <Brick refID="25" designID="3010">
      <Part refID="28" designID="3010" materials="24">
        <Bone refID="28" transformation="1,0,0,0,1,0,0,0,1,-1.2000002861022949,1.9009082317352295,-3.6000006198883057">
        </Bone>
      </Part>
    </Brick>
    <Brick refID="26" designID="87079">
      <Part refID="29" designID="87079" materials="24">
        <Bone refID="29" transformation="1,0,0,0,1,0,0,0,1,-1.2000002861022949,2.8609082698822021,-3.6000006198883057">
        </Bone>
      </Part>
    </Brick>
    <Brick refID="27" designID="4070">
      <Part refID="30" designID="4070" materials="24">
        <Bone refID="30" transformation="-1,0,0,0,1,0,0,0,-1,1.2000001668930054,1.9009082317352295,-4.4000000953674316">
        </Bone>
      </Part>
    </Brick>
    <Brick refID="28" designID="4070">
      <Part refID="31" designID="4070" materials="24">
        <Bone refID="31" transformation="-1,0,0,0,1,0,0,0,-1,0.40000003576278687,1.9009082317352295,-4.4000000953674316">
        </Bone>
      </Part>
    </Brick>
    <Brick refID="29" designID="50746">
      <Part refID="32" designID="50746" materials="24">
        <Bone refID="32" transformation="0,-1.0000001192092896,0,0,0,-1.0000001192092896,1.0000001192092896,0,0,1.2000001668930054,2.4609084129333496,-4.6518621444702148">
        </Bone>
      </Part>
    </Brick>
    <Brick refID="30" designID="4070">
      <Part refID="33" designID="4070" materials="24">
        <Bone refID="33" transformation="-1,0,0,0,1,0,0,0,-1,-0.39999991655349731,1.9009082317352295,-4.4000005722045898">
        </Bone>
      </Part>
    </Brick>
    <Brick refID="31" designID="3023">
      <Part refID="34" designID="3023" materials="26">
        <Bone refID="34" transformation="-1,0,0,0,0,-1.0000001192092896,0,-1.0000001192092896,0,0.40000003576278687,2.4609084129333496,-4.6518621444702148">
        </Bone>
      </Part>
    </Brick>
    <Brick refID="32" designID="4070">
      <Part refID="35" designID="4070" materials="24">
        <Bone refID="35" transformation="-1,0,0,0,1,0,0,0,-1,-1.1999999284744263,1.9009082317352295,-4.4000005722045898">
        </Bone>
      </Part>
    </Brick>
    <Brick refID="33" designID="2412">
      <Part refID="36" designID="2412" materials="26">
        <Bone refID="36" transformation="-1,0,0,0,0,-1.0000001192092896,0,-1.0000001192092896,0,0.40000012516975403,2.4609084129333496,-4.9718623161315918">
        </Bone>
      </Part>
    </Brick>
    <Brick refID="34" designID="50746">
      <Part refID="37" designID="50746" materials="24">
        <Bone refID="37" transformation="0,1,0,0,0,-1,-1,0,0,-1.2000000476837158,2.4609084129333496,-4.6518621444702148">
        </Bone>
      </Part>
    </Brick>
    <Brick refID="35" designID="3795">
      <Part refID="38" designID="3795" materials="24">
        <Bone refID="38" transformation="0,0,1,0,0.99999994039535522,0,-1,0,0,-0.40000006556510925,0.94090825319290161,-4.4000005722045898">
        </Bone>
      </Part>
    </Brick>
    <Brick refID="36" designID="3068">
      <Part refID="39" designID="3068" materials="24,0" decoration="0">
        <Bone refID="39" transformation="1,0,0,0,1,0,0,0,1,-0.4000001847743988,1.2609083652496338,-0.40000027418136597">
        </Bone>
      </Part>
    </Brick>
    <Brick refID="37" designID="4600">
      <Part refID="40" designID="4600" materials="26">
        <Bone refID="40" transformation="1,0,0,0,1,0,0,0,1,-0.40000006556510925,0.62090831995010376,-0.39999979734420776">
        </Bone>
      </Part>
    </Brick>
    <Brick refID="38" designID="4600">
      <Part refID="41" designID="4600" materials="26">
        <Bone refID="41" transformation="1,0,0,0,1,0,0,0,1,-0.40000006556510925,0.62090688943862915,-1.9999997615814209">
        </Bone>
      </Part>
    </Brick>
    <Brick refID="39" designID="3068">
      <Part refID="42" designID="3068" materials="24,0" decoration="0">
        <Bone refID="42" transformation="1,0,0,0,1,0,0,0,1,-0.40000006556510925,1.2609083652496338,-3.6000001430511475">
        </Bone>
      </Part>
    </Brick>
    <Brick refID="40" designID="4600">
      <Part refID="43" designID="4600" materials="26">
        <Bone refID="43" transformation="1,0,0,0,1,0,0,0,1,-0.40000006556510925,0.62090831995010376,-3.5999999046325684">
        </Bone>
      </Part>
    </Brick>
    <Brick refID="41" designID="3641">
      <Part refID="44" designID="3641" materials="26">
        <Bone refID="44" transformation="0,0,1,0,0.99999994039535522,0,-1,0,0,0.91000062227249146,0.72090828418731689,-0.80000001192092896">
        </Bone>
      </Part>
    </Brick>
    <Brick refID="42" designID="4624">
      <Part refID="45" designID="4624" materials="1">
        <Bone refID="45" transformation="0,0,1,0,0.99999994039535522,0,-1,0,0,0.91000062227249146,0.72090828418731689,-0.80000001192092896">
        </Bone>
      </Part>
    </Brick>
    <Brick refID="43" designID="3641">
      <Part refID="46" designID="3641" materials="26">
        <Bone refID="46" transformation="0,0,-1,0,0.99999994039535522,0,1,0,0,-0.91000097990036011,0.72090828418731689,-0.80000001192092896">
        </Bone>
      </Part>
    </Brick>
    <Brick refID="44" designID="4624">
      <Part refID="47" designID="4624" materials="1">
        <Bone refID="47" transformation="0,0,-1,0,0.99999994039535522,0,1,0,0,-0.91000097990036011,0.72090828418731689,-0.80000001192092896">
        </Bone>
      </Part>
    </Brick>
    <Brick refID="45" designID="3641">
      <Part refID="48" designID="3641" materials="26">
        <Bone refID="48" transformation="0,0,1,0,0.99999994039535522,0,-1,0,0,0.91000062227249146,0.72090691328048706,-2.3999998569488525">
        </Bone>
      </Part>
    </Brick>
    <Brick refID="46" designID="4624">
      <Part refID="49" designID="4624" materials="1">
        <Bone refID="49" transformation="0,0,1,0,0.99999994039535522,0,-1,0,0,0.91000062227249146,0.72090691328048706,-2.3999998569488525">
        </Bone>
      </Part>
    </Brick>
    <Brick refID="47" designID="3641">
      <Part refID="50" designID="3641" materials="26">
        <Bone refID="50" transformation="0,0,-1,0,0.99999994039535522,0,1,0,0,-0.91000097990036011,0.72090691328048706,-2.3999998569488525">
        </Bone>
      </Part>
    </Brick>
    <Brick refID="48" designID="4624">
      <Part refID="51" designID="4624" materials="1">
        <Bone refID="51" transformation="0,0,-1,0,0.99999994039535522,0,1,0,0,-0.91000097990036011,0.72090691328048706,-2.3999998569488525">
        </Bone>
      </Part>
    </Brick>
    <Brick refID="49" designID="3641">
      <Part refID="52" designID="3641" materials="26">
        <Bone refID="52" transformation="0,0,1,0,0.99999994039535522,0,-1,0,0,0.91000062227249146,0.72090828418731689,-4">
        </Bone>
      </Part>
    </Brick>
    <Brick refID="50" designID="4624">
      <Part refID="53" designID="4624" materials="1">
        <Bone refID="53" transformation="0,0,1,0,0.99999994039535522,0,-1,0,0,0.91000062227249146,0.72090828418731689,-4">
        </Bone>
      </Part>
    </Brick>
    <Brick refID="51" designID="3641">
      <Part refID="54" designID="3641" materials="26">
        <Bone refID="54" transformation="0,0,-1,0,0.99999994039535522,0,1,0,0,-0.91000097990036011,0.72090828418731689,-4">
        </Bone>
      </Part>
    </Brick>
    <Brick refID="52" designID="4624">
      <Part refID="55" designID="4624" materials="1">
        <Bone refID="55" transformation="0,0,-1,0,0.99999994039535522,0,1,0,0,-0.91000097990036011,0.72090828418731689,-4">
        </Bone>
      </Part>
    </Brick>
  </Bricks>
  <RigidSystems>
    <RigidSystem>
      <Rigid refID="0" transformation="1,0,0,0,0.80901724100112915,0.58778494596481323,0,-0.58778494596481323,0.80901724100112915,-0.37400180101394653,3.8900258541107178,4.8793869018554687" boneRefs="0,1,2,3"/>
      <Rigid refID="1" transformation="-1,0,0,0,-0.8090168833732605,0.58778542280197144,0,0.58778542280197144,0.8090168833732605,0.010997295379638672,3.350841760635376,4.8793859481811523" boneRefs="4"/>
      <Rigid refID="2" transformation="0,-0.58778440952301025,-0.8090175986289978,0,-0.8090175986289978,0.58778440952301025,-0.99999994039535522,0,0,0.010997295379638672,3.0919561386108398,5.0674772262573242" boneRefs="5"/>
      <Rigid refID="3" transformation="1,0,0,0,0.30901706218719482,-0.95105648040771484,0,0.95105648040771484,0.30901706218719482,-0.38700228929519653,5.1337695121765137,2.424715518951416" boneRefs="6,7,8,9"/>
      <Rigid refID="4" transformation="0,-0.58778440952301025,-0.8090175986289978,0,-0.8090175986289978,0.58778440952301025,-0.99999994039535522,0,0,-0.78900295495986938,3.0919559001922607,5.0674772262573242" boneRefs="10"/>
      <Rigid refID="5" transformation="0,0,1,0,0.99999994039535522,0,-1,0,0,-0.40000039339065552,2.2394251823425293,0.40000009536743164" boneRefs="11,13,14,15,16,17,18,20,21,22,23,25,26,27,28,29,30,31,32,33,34,35,36,37"/>
      <Rigid refID="6" transformation="0,0.30901703238487244,0.95105665922164917,0,0.95105671882629395,-0.30901703238487244,-1.0000001192092896,0,0,-0.40000039339065552,2.6594252586364746,0.40000009536743164" boneRefs="12"/>
      <Rigid refID="7" transformation="-1,0,0,0,0.57357639074325562,-0.81915199756622314,0,-0.81915199756622314,-0.57357645034790039,0.80002671480178833,3.4554853439331055,0.62988138198852539" boneRefs="19"/>
      <Rigid refID="8" transformation="1,0,0,0,1,0,0,0,1,-0.40000003576278687,1.2794253826141357,-1.2000002861022949" boneRefs="24,38,39,40,41,42,43"/>
      <Rigid refID="9" transformation="0,0,1,0,0.99999994039535522,0,-1,0,0,0.91000062227249146,0.73942536115646362,0" boneRefs="44,45"/>
      <Rigid refID="10" transformation="0,0,-1,0,0.99999994039535522,0,1,0,0,-0.91000097990036011,0.73942536115646362,0" boneRefs="46,47"/>
      <Rigid refID="11" transformation="0,0,1,0,0.99999994039535522,0,-1,0,0,0.91000062227249146,0.73942399024963379,-1.5999999046325684" boneRefs="48,49"/>
      <Rigid refID="12" transformation="0,0,-1,0,0.99999994039535522,0,1,0,0,-0.91000097990036011,0.73942399024963379,-1.5999999046325684" boneRefs="50,51"/>
      <Rigid refID="13" transformation="0,0,1,0,0.99999994039535522,0,-1,0,0,0.91000062227249146,0.73942536115646362,-3.2000000476837158" boneRefs="52,53"/>
      <Rigid refID="14" transformation="0,0,-1,0,0.99999994039535522,0,1,0,0,-0.91000097990036011,0.73942536115646362,-3.2000000476837158" boneRefs="54,55"/>
      <Joint type="hinge">
        <RigidRef rigidRef="1" a="-1,0,0" z="0,0,1" t="-0.17499999701976776,0.24799999594688416,0.80000001192092896"/>
        <RigidRef rigidRef="0" a="1,0,0" z="0,0.95105654001235962,0.30901721119880676" t="0.55999910831451416,0.24799937009811401,0.79999929666519165"/>
      </Joint>
      <Joint type="hinge">
        <RigidRef rigidRef="3" a="-1,0,0" z="0,1,0" t="-0.1600000262260437,0.24800001084804535,0.80000001192092896"/>
        <RigidRef rigidRef="0" a="-1,0,0" z="0,-0.30901655554771423,-0.95105671882629395" t="-0.1730005145072937,0.24760040640830994,-3.200000524520874"/>
      </Joint>
      <Joint type="hinge">
        <RigidRef rigidRef="4" a="0,1,0" z="0,0,1" t="0,0,0"/>
        <RigidRef rigidRef="1" a="0,1,0" z="0,0,1" t="0.80000007152557373,0.31999999284744263,0"/>
      </Joint>
      <Joint type="hinge">
        <RigidRef rigidRef="2" a="0,1,0" z="0,0,1" t="0,0,0"/>
        <RigidRef rigidRef="1" a="0,1,0" z="0,0,1" t="0,0.31999999284744263,0"/>
      </Joint>
      <Joint type="hinge">
        <RigidRef rigidRef="5" a="0,0,1" z="0,1,0" t="0.7999994158744812,-0.072399914264678955,0.17299993336200714"/>
        <RigidRef rigidRef="3" a="-1,0,0" z="0,0.30901706218719482,0.95105648040771484" t="-0.18599826097488403,0.2479996532201767,-3.1999995708465576"/>
      </Joint>
      <Joint type="hinge">
        <RigidRef rigidRef="5" a="-0.81915199756622314,0.57357650995254517,0" z="0,0,-1" t="0.11110305786132813,1.2992302179336548,-1.2000000476837158"/>
        <RigidRef rigidRef="7" a="0,1,0" z="-1,0,0" t="2.7000000045518391E-005,0.14500099420547485,0"/>
      </Joint>
      <Joint type="hinge">
        <RigidRef rigidRef="6" a="0,0,-1" z="-1,0,0" t="0,0,0"/>
        <RigidRef rigidRef="5" a="0,0,-1" z="0,1,0" t="0,0.41999998688697815,0"/>
      </Joint>
      <Joint type="hinge">
        <RigidRef rigidRef="8" a="0,-1,0" z="-1,0,0" t="0.40000000596046448,0.10999999940395355,-0.40000000596046448"/>
        <RigidRef rigidRef="5" a="0,-1,0" z="0,0,-1" t="-2.0000009536743164,-0.85002297163009644,-0.39999979734420776"/>
      </Joint>
      <Joint type="hinge">
        <RigidRef rigidRef="10" a="0,0,1" z="0,1,0" t="0,0,-0.20000000298023224"/>
        <RigidRef rigidRef="8" a="1,0,0" z="0,1,0" t="-0.71000003814697266,-0.53999996185302734,1.200000524520874"/>
      </Joint>
      <Joint type="hinge">
        <RigidRef rigidRef="11" a="0,0,1" z="0,1,0" t="0,0,-0.19999998807907104"/>
        <RigidRef rigidRef="8" a="-1,0,0" z="0,1,0" t="1.5099999904632568,-0.54000139236450195,-0.39999940991401672"/>
      </Joint>
      <Joint type="hinge">
        <RigidRef rigidRef="9" a="0,0,1" z="0,1,0" t="0,0,-0.20000000298023224"/>
        <RigidRef rigidRef="8" a="-1,0,0" z="0,1,0" t="1.5099999904632568,-0.53999996185302734,1.200000524520874"/>
      </Joint>
      <Joint type="hinge">
        <RigidRef rigidRef="12" a="0,0,1" z="0,1,0" t="0,0,-0.19999998807907104"/>
        <RigidRef rigidRef="8" a="1,0,0" z="0,1,0" t="-0.71000003814697266,-0.54000139236450195,-0.39999940991401672"/>
      </Joint>
      <Joint type="hinge">
        <RigidRef rigidRef="13" a="0,0,1" z="0,1,0" t="0,0,-0.19999998807907104"/>
        <RigidRef rigidRef="8" a="-1,0,0" z="0,1,0" t="1.5099999904632568,-0.53999996185302734,-1.9999996423721313"/>
      </Joint>
      <Joint type="hinge">
        <RigidRef rigidRef="14" a="0,0,1" z="0,1,0" t="0,0,-0.19999998807907104"/>
        <RigidRef rigidRef="8" a="1,0,0" z="0,1,0" t="-0.71000003814697266,-0.53999996185302734,-1.9999996423721313"/>
      </Joint>
    </RigidSystem>
  </RigidSystems>
  <GroupSystems>
    <GroupSystem>
    </GroupSystem>
  </GroupSystems>
</LXFML>
