<?xml version="1.0" encoding="UTF-8" standalone="no" ?>
<LXFML versionMajor="5" versionMinor="0">
  <Meta>
    <Application name="LEGO Universe" versionMajor="0" versionMinor="0"/>
    <Brand name="LEGOUniverse"/>
    <BrickSet version="330"/>
  </Meta>
  <Bricks>
    <Brick refID="0" designID="3708">
      <Part refID="0" designID="3708" materials="192">
        <Bone refID="0" transformation="-0.653281569480896,-0.38268277049064636,0.65328186750411987,0.7071068286895752,0,0.70710694789886475,-0.270597904920578,0.92387992143630981,0.27059736847877502,2.2052962779998779,8.9630050659179687,-2.2052969932556152">
        </Bone>
      </Part>
    </Brick>
    <Brick refID="1" designID="32015">
      <Part refID="1" designID="32015" materials="192">
        <Bone refID="1" transformation="0.70710712671279907,0,-0.70710670948028564,0,-0.99999994039535522,0,-0.70710670948028564,0,-0.70710688829421997,1.2485282421112061,9.3325614929199219,-1.2485288381576538">
        </Bone>
      </Part>
    </Brick>
    <Brick refID="2" designID="32062">
      <Part refID="2" designID="32062" materials="192">
        <Bone refID="2" transformation="-0.70710694789886475,0,-0.70710659027099609,0,0.99999994039535522,0,0.70710659027099609,0,-0.70710694789886475,1.8142139911651611,9.3325614929199219,-1.8142136335372925">
        </Bone>
      </Part>
    </Brick>
    <Brick refID="3" designID="32013">
      <Part refID="3" designID="32013" materials="192">
        <Bone refID="3" transformation="-0.70710712671279907,0,0.70710641145706177,0,0.99999988079071045,0,-0.70710641145706177,0,-0.70710712671279907,1.2485287189483643,9.3325614929199219,-1.2485285997390747">
        </Bone>
      </Part>
    </Brick>
    <Brick refID="4" designID="4274">
      <Part refID="4" designID="4274" materials="192">
        <Bone refID="4" transformation="1,0,0,0,0,1,0,-1,0,0.40000081062316895,8.932560920715332,-0.400002121925354">
        </Bone>
      </Part>
    </Brick>
    <Brick refID="5" designID="30562">
      <Part refID="5" designID="30562" materials="194">
        <Bone refID="5" transformation="0,0,-1,0,1,0,1,0,0,2.8000004291534424,10.052554130554199,-0.4000009298324585">
        </Bone>
      </Part>
    </Brick>
    <Brick refID="6" designID="41539">
      <Part refID="6" designID="41539" materials="194">
        <Bone refID="6" transformation="1,0,0,0,1,0,0,0,1,-2.8000001907348633,9.7325601577758789,2.8000001907348633">
        </Bone>
      </Part>
    </Brick>
    <Brick refID="7" designID="30562">
      <Part refID="7" designID="30562" materials="194">
        <Bone refID="7" transformation="-1,0,0,0,1,0,0,0,-1,-0.39999938011169434,10.052557945251465,-2.8000011444091797">
        </Bone>
      </Part>
    </Brick>
    <Brick refID="8" designID="30562">
      <Part refID="8" designID="30562" materials="194">
        <Bone refID="8" transformation="1,0,0,0,1,0,0,0,1,0.40000009536743164,10.05256175994873,2.7999987602233887">
        </Bone>
      </Part>
    </Brick>
    <Brick refID="9" designID="30562">
      <Part refID="9" designID="30562" materials="194">
        <Bone refID="9" transformation="0,0,1,0,0.99999994039535522,0,-1,0,0,-2.7999999523162842,10.052557945251465,0.39999938011169434">
        </Bone>
      </Part>
    </Brick>
    <Brick refID="10" designID="3298">
      <Part refID="10" designID="3298" materials="26">
        <Bone refID="10" transformation="-1,0,0,0,1,0,0,0,-1,0.40000486373901367,15.812557220458984,-1.2000023126602173">
        </Bone>
      </Part>
    </Brick>
    <Brick refID="11" designID="3298">
      <Part refID="11" designID="3298" materials="26">
        <Bone refID="11" transformation="0,0,-1,0,1,0,1,0,0,1.2000024318695068,15.812557220458984,0.40000081062316895">
        </Bone>
      </Part>
    </Brick>
    <Brick refID="12" designID="3675">
      <Part refID="12" designID="3675" materials="26">
        <Bone refID="12" transformation="0,0,1,0,0.99999994039535522,0,-1,0,0,-1.1999952793121338,15.812557220458984,-1.2000049352645874">
        </Bone>
      </Part>
    </Brick>
    <Brick refID="13" designID="3045">
      <Part refID="13" designID="3045" materials="26">
        <Bone refID="13" transformation="0,0,1,0,0.99999994039535522,0,-1,0,0,-0.39999628067016602,16.772554397583008,-0.40000379085540771">
        </Bone>
      </Part>
    </Brick>
    <Brick refID="14" designID="3045">
      <Part refID="14" designID="3045" materials="26">
        <Bone refID="14" transformation="-1,0,0,0,1,0,0,0,-1,0.4000093936920166,16.772554397583008,-0.39999914169311523">
        </Bone>
      </Part>
    </Brick>
    <Brick refID="15" designID="3675">
      <Part refID="15" designID="3675" materials="26">
        <Bone refID="15" transformation="0,0,-1,0,1,0,1,0,0,1.200000524520874,15.812557220458984,1.2000020742416382">
        </Bone>
      </Part>
    </Brick>
    <Brick refID="16" designID="3045">
      <Part refID="16" designID="3045" materials="26">
        <Bone refID="16" transformation="0,0,-1,0,1,0,1,0,0,0.40000247955322266,16.772554397583008,0.4000018835067749">
        </Bone>
      </Part>
    </Brick>
    <Brick refID="17" designID="3675">
      <Part refID="17" designID="3675" materials="26">
        <Bone refID="17" transformation="-1,0,0,0,1,0,0,0,-1,1.2000100612640381,15.812557220458984,-1.2000001668930054">
        </Bone>
      </Part>
    </Brick>
    <Brick refID="18" designID="3298">
      <Part refID="18" designID="3298" materials="26">
        <Bone refID="18" transformation="0,0,1,0,0.99999994039535522,0,-1,0,0,-1.1999990940093994,15.812557220458984,-0.4000018835067749">
        </Bone>
      </Part>
    </Brick>
    <Brick refID="19" designID="3688">
      <Part refID="19" designID="3688" materials="26">
        <Bone refID="19" transformation="1,0,0,0,1,0,0,0,1,-0.39999580383300781,17.73255729675293,0.39999604225158691">
        </Bone>
      </Part>
    </Brick>
    <Brick refID="20" designID="3045">
      <Part refID="20" designID="3045" materials="26">
        <Bone refID="20" transformation="1,0,0,0,1,0,0,0,1,-0.39999771118164063,16.772556304931641,0.39999890327453613">
        </Bone>
      </Part>
    </Brick>
    <Brick refID="21" designID="3298">
      <Part refID="21" designID="3298" materials="26">
        <Bone refID="21" transformation="1,0,0,0,1,0,0,0,1,-0.39999985694885254,15.812557220458984,1.1999993324279785">
        </Bone>
      </Part>
    </Brick>
    <Brick refID="22" designID="3675">
      <Part refID="22" designID="3675" materials="26">
        <Bone refID="22" transformation="1,0,0,0,1,0,0,0,1,-1.1999990940093994,15.812557220458984,1.1999993324279785">
        </Bone>
      </Part>
    </Brick>
    <Brick refID="23" designID="4274">
      <Part refID="23" designID="4274" materials="192">
        <Bone refID="23" transformation="-1,0,0,0,0,-1.0000001192092896,0,-1.0000001192092896,0,-0.39999985694885254,8.932560920715332,-0.40000021457672119">
        </Bone>
      </Part>
    </Brick>
    <Brick refID="24" designID="32062">
      <Part refID="24" designID="32062" materials="192">
        <Bone refID="24" transformation="-0.70710676908493042,0,0.70710676908493042,0,1,0,-0.70710676908493042,0,-0.70710676908493042,-1.8142133951187134,9.3325614929199219,-1.8142133951187134">
        </Bone>
      </Part>
    </Brick>
    <Brick refID="25" designID="32013">
      <Part refID="25" designID="32013" materials="192">
        <Bone refID="25" transformation="0.70710688829421997,0,0.70710664987564087,0,1,0,-0.70710664987564087,0,0.70710688829421997,-1.2485282421112061,9.3325614929199219,-1.2485281229019165">
        </Bone>
      </Part>
    </Brick>
    <Brick refID="26" designID="32015">
      <Part refID="26" designID="32015" materials="192">
        <Bone refID="26" transformation="-0.7071068286895752,0,-0.70710670948028564,0,-1,0,-0.70710676908493042,0,0.70710670948028564,-1.2485277652740479,9.3325614929199219,-1.2485281229019165">
        </Bone>
      </Part>
    </Brick>
    <Brick refID="27" designID="3708">
      <Part refID="27" designID="3708" materials="192">
        <Bone refID="27" transformation="0.65328192710876465,-0.38268297910690308,0.65328145027160645,0.70710670948028564,0,-0.7071068286895752,0.27059730887413025,0.92387968301773071,0.27059820294380188,-2.2052958011627197,8.9630050659179687,-2.2052955627441406">
        </Bone>
      </Part>
    </Brick>
    <Brick refID="28" designID="4274">
      <Part refID="28" designID="4274" materials="192">
        <Bone refID="28" transformation="1,0,0,0,0,1,0,-1,0,0.40000081062316895,8.932560920715332,0.39999711513519287">
        </Bone>
      </Part>
    </Brick>
    <Brick refID="29" designID="32013">
      <Part refID="29" designID="32013" materials="192">
        <Bone refID="29" transformation="-0.70710694789886475,0,-0.70710659027099609,0,1,0,0.70710659027099609,0,-0.70710694789886475,1.2485296726226807,9.3325624465942383,1.2485251426696777">
        </Bone>
      </Part>
    </Brick>
    <Brick refID="30" designID="32062">
      <Part refID="30" designID="32062" materials="192">
        <Bone refID="30" transformation="0.70710670948028564,0,-0.7071068286895752,0,1,0,0.7071068286895752,0,0.70710670948028564,1.8142154216766357,9.3325624465942383,1.8142101764678955">
        </Bone>
      </Part>
    </Brick>
    <Brick refID="31" designID="32015">
      <Part refID="31" designID="32015" materials="192">
        <Bone refID="31" transformation="0.70710694789886475,0,0.70710676908493042,0,-1,0,0.70710676908493042,0,-0.70710694789886475,1.2485296726226807,9.3325624465942383,1.2485249042510986">
        </Bone>
      </Part>
    </Brick>
    <Brick refID="32" designID="3708">
      <Part refID="32" designID="3708" materials="192">
        <Bone refID="32" transformation="-0.65328145027160645,-0.38268333673477173,-0.653281569480896,-0.70710688829421997,0,0.70710676908493042,-0.27059793472290039,0.92387962341308594,-0.27059799432754517,2.2052977085113525,8.9630060195922852,2.2052919864654541">
        </Bone>
      </Part>
    </Brick>
    <Brick refID="33" designID="4274">
      <Part refID="33" designID="4274" materials="192">
        <Bone refID="33" transformation="-1,0,0,0,0,-1.0000001192092896,0,-1.0000001192092896,0,-0.39999985694885254,8.932560920715332,0.39999902248382568">
        </Bone>
      </Part>
    </Brick>
    <Brick refID="34" designID="32013">
      <Part refID="34" designID="32013" materials="192">
        <Bone refID="34" transformation="0.7071070671081543,0,-0.70710653066635132,0,1,0,0.70710653066635132,0,0.7071070671081543,-1.2485281229019165,9.3325614929199219,1.2485260963439941">
        </Bone>
      </Part>
    </Brick>
    <Brick refID="35" designID="32062">
      <Part refID="35" designID="32062" materials="192">
        <Bone refID="35" transformation="0.70710676908493042,0,0.70710688829421997,0,1,0,-0.70710688829421997,0,0.70710676908493042,-1.8142135143280029,9.3325614929199219,1.8142111301422119">
        </Bone>
      </Part>
    </Brick>
    <Brick refID="36" designID="32015">
      <Part refID="36" designID="32015" materials="192">
        <Bone refID="36" transformation="-0.70710694789886475,0,0.70710664987564087,0,-1,0,0.70710670948028564,0,0.70710694789886475,-1.2485277652740479,9.3325614929199219,1.248525857925415">
        </Bone>
      </Part>
    </Brick>
    <Brick refID="37" designID="3708">
      <Part refID="37" designID="3708" materials="192">
        <Bone refID="37" transformation="0.65328174829483032,-0.38268300890922546,-0.65328168869018555,-0.70710664987564087,0,-0.70710694789886475,0.27059820294380188,0.92387974262237549,-0.27059724926948547,-2.2052953243255615,8.9630050659179687,2.2052938938140869">
        </Bone>
      </Part>
    </Brick>
  </Bricks>
  <RigidSystems>
    <RigidSystem>
      <Rigid refID="0" transformation="-0.653281569480896,-0.38268277049064636,0.65328186750411987,0.7071068286895752,0,0.70710694789886475,-0.270597904920578,0.92387992143630981,0.27059736847877502,5.4052963256835937,8.9630041122436523,-3.8052971363067627" boneRefs="0,1,2,3"/>
      <Rigid refID="1" transformation="1,0,0,0,0,1,0,-1,0,3.6000008583068848,8.9325599670410156,-2.0000021457672119" boneRefs="4"/>
      <Rigid refID="2" transformation="0,0,-1,0,1,0,1,0,0,6.0000004768371582,10.052553176879883,-2.0000009536743164" boneRefs="5,6,7,8,9,10,11,12,13,14,15,16,17,18,19,20,21,22"/>
      <Rigid refID="3" transformation="-1,0,0,0,0,-1.0000001192092896,0,-1.0000001192092896,0,2.8000001907348633,8.9325599670410156,-2.0000002384185791" boneRefs="23"/>
      <Rigid refID="4" transformation="-0.70710676908493042,0,0.70710676908493042,0,1,0,-0.70710676908493042,0,-0.70710676908493042,1.3857866525650024,9.3325605392456055,-3.4142134189605713" boneRefs="24,25,26,27"/>
      <Rigid refID="5" transformation="1,0,0,0,0,1,0,-1,0,3.6000008583068848,8.9325599670410156,-1.200002908706665" boneRefs="28"/>
      <Rigid refID="6" transformation="-0.70710694789886475,0,-0.70710659027099609,0,1,0,0.70710659027099609,0,-0.70710694789886475,4.4485297203063965,9.3325614929199219,-0.35147494077682495" boneRefs="29,30,31,32"/>
      <Rigid refID="7" transformation="-1,0,0,0,0,-1.0000001192092896,0,-1.0000001192092896,0,2.8000001907348633,8.9325599670410156,-1.2000010013580322" boneRefs="33"/>
      <Rigid refID="8" transformation="0.7071070671081543,0,-0.70710653066635132,0,1,0,0.70710653066635132,0,0.7071070671081543,1.9514719247817993,9.3325605392456055,-0.35147398710250854" boneRefs="34,35,36,37"/>
      <Joint type="hinge">
        <RigidRef rigidRef="1" a="0,0,-1" z="1,0,0" t="0,0,-0.80000013113021851"/>
        <RigidRef rigidRef="0" a="-0.38268283009529114,0,0.92387980222702026" z="-0.653281569480896,0.70710670948028564,-0.27059799432754517" t="2.0642366409301758,0,1.6879937648773193"/>
      </Joint>
      <Joint type="hinge">
        <RigidRef rigidRef="2" a="0,1,0" z="-1,0,0" t="0,-0.31999397277832031,-2.4000005722045898"/>
        <RigidRef rigidRef="1" a="0,0,-1" z="0,1,0" t="0,0,-0.80000001192092896"/>
      </Joint>
      <Joint type="hinge">
        <RigidRef rigidRef="7" a="0,0,-1" z="0,1,0" t="0,0,-0.80000001192092896"/>
        <RigidRef rigidRef="2" a="0,1,0" z="-1,0,0" t="-0.80000144243240356,-0.31999397277832031,-3.2000007629394531"/>
      </Joint>
      <Joint type="hinge">
        <RigidRef rigidRef="5" a="0,0,-1" z="0,1,0" t="0,0,-0.80000001192092896"/>
        <RigidRef rigidRef="2" a="0,1,0" z="-1,0,0" t="-0.80000138282775879,-0.31999397277832031,-2.4000005722045898"/>
      </Joint>
      <Joint type="hinge">
        <RigidRef rigidRef="3" a="0,0,-1" z="0,1,0" t="0,0,-0.80000001192092896"/>
        <RigidRef rigidRef="2" a="0,1,0" z="-1,0,0" t="0,-0.31999397277832031,-3.2000007629394531"/>
      </Joint>
      <Joint type="hinge">
        <RigidRef rigidRef="4" a="0,1,0" z="-1,0,0" t="0,0.40000000596046448,-1.9999997615814209"/>
        <RigidRef rigidRef="3" a="0,0,-1" z="-0.70710664987564087,0.70710688829421997,0" t="0,0,-0.80000048875808716"/>
      </Joint>
      <Joint type="hinge">
        <RigidRef rigidRef="6" a="0,1,0" z="0,0,-1" t="1.2000000476837158,0.40000000596046448,0"/>
        <RigidRef rigidRef="5" a="0,0,-1" z="-0.70710664987564087,0.70710700750350952,0" t="0,0,-0.80000126361846924"/>
      </Joint>
      <Joint type="hinge">
        <RigidRef rigidRef="8" a="0,1,0" z="0,0,-1" t="1.2000000476837158,0.40000000596046448,0"/>
        <RigidRef rigidRef="7" a="0,0,-1" z="0.70710664987564087,0.70710700750350952,0" t="0,0,-0.7999996542930603"/>
      </Joint>
    </RigidSystem>
  </RigidSystems>
  <GroupSystems>
    <GroupSystem>
    </GroupSystem>
  </GroupSystems>
</LXFML>
