<?xml version="1.0" encoding="UTF-8" standalone="no" ?>
<LXFML versionMajor="5" versionMinor="0">
  <Meta>
    <Application name="CCOP" versionMajor="0" versionMinor="0"/>
    <Brand name="LEGOUniverse"/>
    <BrickSet version="215"/>
  </Meta>
  <Bricks>
    <Brick refID="0" designID="3068">
      <Part refID="0" designID="3068" materials="26,0" decoration="0">
        <Bone refID="0" transformation="-0.7071068286895752,0,-0.70710670948028564,0,0.99999994039535522,0,0.70710670948028564,0,-0.7071068286895752,2.5141124725341797,2.1732239723205566,-5.5854830741882324">
        </Bone>
      </Part>
    </Brick>
    <Brick refID="1" designID="3024">
      <Part refID="1" designID="3024" materials="24">
        <Bone refID="1" transformation="-0.70710676908493042,0,-0.70710664987564087,0,0.99999988079071045,0,0.70710664987564087,0,-0.70710676908493042,2.5141124725341797,1.8532240390777588,-5.5854830741882324">
        </Bone>
      </Part>
    </Brick>
    <Brick refID="2" designID="3023">
      <Part refID="2" designID="3023" materials="24">
        <Bone refID="2" transformation="-0.70710676908493042,0,-0.70710664987564087,0,0.99999988079071045,0,0.70710664987564087,0,-0.70710676908493042,3.0797977447509766,1.5332241058349609,-5.0197978019714355">
        </Bone>
      </Part>
    </Brick>
    <Brick refID="3" designID="50746">
      <Part refID="3" designID="50746" materials="24">
        <Bone refID="3" transformation="0.70710670948028564,0,-0.70710670948028564,0,0.99999994039535522,0,0.70710670948028564,0,0.70710670948028564,3.0797977447509766,1.8532240390777588,-5.0197978019714355">
        </Bone>
      </Part>
    </Brick>
    <Brick refID="4" designID="3034">
      <Part refID="4" designID="3034" materials="24">
        <Bone refID="4" transformation="0.70710670948028564,0,-0.70710670948028564,0,0.99999994039535522,0,0.70710670948028564,0,0.70710670948028564,-0.87999975681304932,1.2132240533828735,-1.0600004196166992">
        </Bone>
      </Part>
    </Brick>
    <Brick refID="5" designID="3068">
      <Part refID="5" designID="3068" materials="26,0" decoration="0">
        <Bone refID="5" transformation="-0.70710676908493042,0,-0.70710664987564087,0,0.99999988079071045,0,0.70710664987564087,0,-0.70710676908493042,-0.87999999523162842,2.1732239723205566,-2.191370964050293">
        </Bone>
      </Part>
    </Brick>
    <Brick refID="6" designID="3024">
      <Part refID="6" designID="3024" materials="24">
        <Bone refID="6" transformation="-0.70710676908493042,0,-0.70710664987564087,0,0.99999982118606567,0,0.70710664987564087,0,-0.70710676908493042,-1.4456857442855835,1.8532240390777588,-1.625685453414917">
        </Bone>
      </Part>
    </Brick>
    <Brick refID="7" designID="3023">
      <Part refID="7" designID="3023" materials="24">
        <Bone refID="7" transformation="-0.70710676908493042,0,-0.70710664987564087,0,0.99999982118606567,0,0.70710664987564087,0,-0.70710676908493042,-0.88000023365020752,1.5332242250442505,-1.0600000619888306">
        </Bone>
      </Part>
    </Brick>
    <Brick refID="8" designID="50746">
      <Part refID="8" designID="50746" materials="24">
        <Bone refID="8" transformation="0.70710670948028564,0,-0.70710670948028564,0,0.99999988079071045,0,0.70710670948028564,0,0.70710670948028564,-0.88000023365020752,1.8532240390777588,-1.0600000619888306">
        </Bone>
      </Part>
    </Brick>
    <Brick refID="9" designID="2412">
      <Part refID="9" designID="2412" materials="1">
        <Bone refID="9" transformation="-0.70710676908493042,0,-0.70710664987564087,0,0.99999988079071045,0,0.70710664987564087,0,-0.70710676908493042,2.5141127109527588,1.5332241058349609,-4.4541125297546387">
        </Bone>
      </Part>
    </Brick>
    <Brick refID="10" designID="2412">
      <Part refID="10" designID="2412" materials="1">
        <Bone refID="10" transformation="-0.70710676908493042,0,-0.70710664987564087,0,0.99999988079071045,0,0.70710664987564087,0,-0.70710676908493042,1.9484270811080933,1.5332241058349609,-3.8884272575378418">
        </Bone>
      </Part>
    </Brick>
    <Brick refID="11" designID="2412">
      <Part refID="11" designID="2412" materials="1">
        <Bone refID="11" transformation="-0.70710676908493042,0,-0.70710664987564087,0,0.99999988079071045,0,0.70710664987564087,0,-0.70710676908493042,1.3827416896820068,1.5332241058349609,-3.3227419853210449">
        </Bone>
      </Part>
    </Brick>
    <Brick refID="12" designID="2412">
      <Part refID="12" designID="2412" materials="1">
        <Bone refID="12" transformation="-0.70710676908493042,0,-0.70710664987564087,0,0.99999988079071045,0,0.70710664987564087,0,-0.70710676908493042,0.81705635786056519,1.5332241058349609,-2.7570564746856689">
        </Bone>
      </Part>
    </Brick>
    <Brick refID="13" designID="2412">
      <Part refID="13" designID="2412" materials="1">
        <Bone refID="13" transformation="-0.70710676908493042,0,-0.70710664987564087,0,0.99999988079071045,0,0.70710664987564087,0,-0.70710676908493042,0.25137090682983398,1.5332241058349609,-2.191370964050293">
        </Bone>
      </Part>
    </Brick>
    <Brick refID="14" designID="2412">
      <Part refID="14" designID="2412" materials="1">
        <Bone refID="14" transformation="-0.70710676908493042,0,-0.70710664987564087,0,0.99999988079071045,0,0.70710664987564087,0,-0.70710676908493042,-0.31431460380554199,1.5332241058349609,-1.6256855726242065">
        </Bone>
      </Part>
    </Brick>
    <Brick refID="15" designID="3024">
      <Part refID="15" designID="3024" materials="24">
        <Bone refID="15" transformation="-0.70710676908493042,0,-0.70710664987564087,0,0.99999988079071045,0,0.70710664987564087,0,-0.70710676908493042,1.9484272003173828,0.89322406053543091,-4.4541125297546387">
        </Bone>
      </Part>
    </Brick>
    <Brick refID="16" designID="3024">
      <Part refID="16" designID="3024" materials="24">
        <Bone refID="16" transformation="-0.70710676908493042,0,-0.70710664987564087,0,0.99999988079071045,0,0.70710664987564087,0,-0.70710676908493042,-0.31431448459625244,0.89322406053543091,-2.191370964050293">
        </Bone>
      </Part>
    </Brick>
    <Brick refID="17" designID="6019">
      <Part refID="17" designID="6019" materials="24">
        <Bone refID="17" transformation="0.70710664987564087,0,0.70710676908493042,0,0.99999988079071045,0,-0.70710676908493042,0,0.70710664987564087,-0.31431448459625244,0.57322418689727783,-2.191370964050293">
        </Bone>
      </Part>
    </Brick>
    <Brick refID="18" designID="6019">
      <Part refID="18" designID="6019" materials="24">
        <Bone refID="18" transformation="-0.70710676908493042,0,-0.70710664987564087,0,0.99999988079071045,0,0.70710664987564087,0,-0.70710676908493042,1.9484272003173828,0.57322418689727783,-4.4541125297546387">
        </Bone>
      </Part>
    </Brick>
    <Brick refID="19" designID="4162">
      <Part refID="19" designID="4162" materials="24">
        <Bone refID="19" transformation="0.70710670948028564,0,-0.70710670948028564,-0.70710670948028564,0,-0.70710670948028564,0,0.99999994039535522,0,-2.067939281463623,1.7732241153717041,-2.2479395866394043">
        </Bone>
      </Part>
    </Brick>
    <Brick refID="20" designID="3460">
      <Part refID="20" designID="3460" materials="24">
        <Bone refID="20" transformation="0.70710664987564087,0,-0.70710664987564087,-0.70710664987564087,0,-0.70710664987564087,0,0.99999994039535522,0,-1.8416649103164673,1.7732241153717041,-2.0216653347015381">
        </Bone>
      </Part>
    </Brick>
    <Brick refID="21" designID="2436">
      <Part refID="21" designID="2436" materials="21">
        <Bone refID="21" transformation="-0.70710664987564087,0,0.70710676908493042,0,0.99999994039535522,0,-0.70710670948028564,0,-0.70710659027099609,1.9484272003173828,1.8532239198684692,-5.0197978019714355">
        </Bone>
      </Part>
    </Brick>
    <Brick refID="22" designID="2436">
      <Part refID="22" designID="2436" materials="24">
        <Bone refID="22" transformation="-0.70710664987564087,0,0.70710676908493042,0,0.99999994039535522,0,-0.70710670948028564,0,-0.70710659027099609,-0.31431436538696289,1.8532239198684692,-2.7570564746856689">
        </Bone>
      </Part>
    </Brick>
    <Brick refID="23" designID="3068">
      <Part refID="23" designID="3068" materials="26,0" decoration="0">
        <Bone refID="23" transformation="-0.7071068286895752,0,-0.70710670948028564,0,0.99999994039535522,0,0.70710670948028564,0,-0.7071068286895752,0.25137090682983398,2.1732239723205566,-3.3227417469024658">
        </Bone>
      </Part>
    </Brick>
    <Brick refID="24" designID="3068">
      <Part refID="24" designID="3068" materials="26,0" decoration="0">
        <Bone refID="24" transformation="-0.7071068286895752,0,-0.70710670948028564,0,0.99999994039535522,0,0.70710670948028564,0,-0.7071068286895752,1.3827416896820068,2.1732239723205566,-4.4541125297546387">
        </Bone>
      </Part>
    </Brick>
    <Brick refID="25" designID="3023">
      <Part refID="25" designID="3023" materials="23">
        <Bone refID="25" transformation="-0.70710670948028564,0,0.7071068286895752,0,1,0,-0.7071068286895752,0,-0.70710670948028564,0.81705629825592041,1.8532240390777588,-3.8884270191192627">
        </Bone>
      </Part>
    </Brick>
    <Brick refID="26" designID="30031">
      <Part refID="26" designID="30031" materials="24">
        <Bone refID="26" transformation="0.70710694789886475,0,0.70710676908493042,-0.1470155268907547,-0.97814768552780151,0.14701537787914276,0.69165498018264771,-0.20791125297546387,-0.69165486097335815,-0.87999999523162842,0.81322407722473145,-1.6256853342056274">
        </Bone>
      </Part>
    </Brick>
    <Brick refID="27" designID="30031">
      <Part refID="27" designID="30031" materials="24">
        <Bone refID="27" transformation="-0.70710676908493042,0,-0.70710694789886475,0.14701537787914276,-0.97814768552780151,-0.1470155268907547,-0.69165486097335815,-0.20791125297546387,0.69165498018264771,2.5141124725341797,0.81322407722473145,-5.0197978019714355">
        </Bone>
      </Part>
    </Brick>
    <Brick refID="28" designID="3023">
      <Part refID="28" designID="3023" materials="23">
        <Bone refID="28" transformation="0.7071068286895752,0,0.70710670948028564,0,1,0,-0.70710670948028564,0,0.7071068286895752,-1.1441124677658081,2.6432240009307861,2.8986291885375977">
        </Bone>
      </Part>
    </Brick>
    <Brick refID="29" designID="4162">
      <Part refID="29" designID="4162" materials="24">
        <Bone refID="29" transformation="-0.70710670948028564,0,-0.70710670948028564,-0.70710676908493042,0,0.70710676908493042,0,1,0,0.49637520313262939,2.5632240772247314,5.7836246490478516">
        </Bone>
      </Part>
    </Brick>
    <Brick refID="30" designID="3460">
      <Part refID="30" designID="3460" materials="24">
        <Bone refID="30" transformation="-0.70710664987564087,0,-0.70710664987564087,-0.70710670948028564,0,0.70710670948028564,0,1,0,0.72264915704727173,2.5632240772247314,5.5573506355285645">
        </Bone>
      </Part>
    </Brick>
    <Brick refID="31" designID="2436">
      <Part refID="31" designID="2436" materials="21">
        <Bone refID="31" transformation="0.70710676908493042,0,0.70710664987564087,0,1,0,-0.70710664987564087,0,0.70710676908493042,-2.2754836082458496,2.6432240009307861,1.7672586441040039">
        </Bone>
      </Part>
    </Brick>
    <Brick refID="32" designID="2436">
      <Part refID="32" designID="2436" materials="24">
        <Bone refID="32" transformation="0.70710676908493042,0,0.70710664987564087,0,1,0,-0.70710664987564087,0,0.70710676908493042,-0.012741804122924805,2.6432240009307861,4.0300002098083496">
        </Bone>
      </Part>
    </Brick>
    <Brick refID="33" designID="50746">
      <Part refID="33" designID="50746" materials="24">
        <Bone refID="33" transformation="-0.70710670948028564,0,-0.70710670948028564,0,1,0,0.70710670948028564,0,-0.70710670948028564,2.2499995231628418,1.6832239627838135,4.0300006866455078">
        </Bone>
      </Part>
    </Brick>
    <Brick refID="34" designID="3023">
      <Part refID="34" designID="3023" materials="24">
        <Bone refID="34" transformation="-0.70710664987564087,0,0.70710676908493042,0,0.99999994039535522,0,-0.70710676908493042,0,-0.70710664987564087,2.2499995231628418,1.3632240295410156,4.0300006866455078">
        </Bone>
      </Part>
    </Brick>
    <Brick refID="35" designID="3024">
      <Part refID="35" designID="3024" materials="24">
        <Bone refID="35" transformation="-0.70710664987564087,0,0.70710676908493042,0,0.99999994039535522,0,-0.70710676908493042,0,-0.70710664987564087,1.6843142509460449,1.6832239627838135,4.5956859588623047">
        </Bone>
      </Part>
    </Brick>
    <Brick refID="36" designID="3034">
      <Part refID="36" designID="3034" materials="24">
        <Bone refID="36" transformation="-0.70710670948028564,0,-0.70710670948028564,0,1,0,0.70710670948028564,0,-0.70710670948028564,2.2499995231628418,1.0432240962982178,4.0300006866455078">
        </Bone>
      </Part>
    </Brick>
    <Brick refID="37" designID="50746">
      <Part refID="37" designID="50746" materials="24">
        <Bone refID="37" transformation="-0.70710670948028564,0,-0.70710670948028564,0,1,0,0.70710670948028564,0,-0.70710670948028564,-1.7097979784011841,1.6832239627838135,0.070202738046646118">
        </Bone>
      </Part>
    </Brick>
    <Brick refID="38" designID="3023">
      <Part refID="38" designID="3023" materials="24">
        <Bone refID="38" transformation="-0.70710664987564087,0,0.70710676908493042,0,0.99999994039535522,0,-0.70710676908493042,0,-0.70710664987564087,-1.7097982168197632,1.3632240295410156,0.07020280510187149">
        </Bone>
      </Part>
    </Brick>
    <Brick refID="39" designID="3024">
      <Part refID="39" designID="3024" materials="24">
        <Bone refID="39" transformation="-0.70710664987564087,0,0.70710676908493042,0,0.99999994039535522,0,-0.70710676908493042,0,-0.70710664987564087,-2.2754836082458496,1.6832239627838135,0.63588827848434448">
        </Bone>
      </Part>
    </Brick>
    <Brick refID="40" designID="2412">
      <Part refID="40" designID="2412" materials="1">
        <Bone refID="40" transformation="-0.70710664987564087,0,0.70710676908493042,0,0.99999994039535522,0,-0.70710676908493042,0,-0.70710664987564087,-1.1441129446029663,1.3632240295410156,0.63588798046112061">
        </Bone>
      </Part>
    </Brick>
    <Brick refID="41" designID="2412">
      <Part refID="41" designID="2412" materials="1">
        <Bone refID="41" transformation="-0.70710664987564087,0,0.70710676908493042,0,0.99999994039535522,0,-0.70710676908493042,0,-0.70710664987564087,-0.57842743396759033,1.3632240295410156,1.2015734910964966">
        </Bone>
      </Part>
    </Brick>
    <Brick refID="42" designID="2412">
      <Part refID="42" designID="2412" materials="1">
        <Bone refID="42" transformation="-0.70710664987564087,0,0.70710676908493042,0,0.99999994039535522,0,-0.70710676908493042,0,-0.70710664987564087,-0.012741923332214355,1.3632240295410156,1.7672590017318726">
        </Bone>
      </Part>
    </Brick>
    <Brick refID="43" designID="2412">
      <Part refID="43" designID="2412" materials="1">
        <Bone refID="43" transformation="-0.70710664987564087,0,0.70710676908493042,0,0.99999994039535522,0,-0.70710676908493042,0,-0.70710664987564087,0.55294334888458252,1.3632240295410156,2.332944393157959">
        </Bone>
      </Part>
    </Brick>
    <Brick refID="44" designID="2412">
      <Part refID="44" designID="2412" materials="1">
        <Bone refID="44" transformation="-0.70710664987564087,0,0.70710676908493042,0,0.99999994039535522,0,-0.70710676908493042,0,-0.70710664987564087,1.1186288595199585,1.3632240295410156,2.898629903793335">
        </Bone>
      </Part>
    </Brick>
    <Brick refID="45" designID="2412">
      <Part refID="45" designID="2412" materials="1">
        <Bone refID="45" transformation="-0.70710664987564087,0,0.70710676908493042,0,0.99999994039535522,0,-0.70710676908493042,0,-0.70710664987564087,1.6843142509460449,1.3632240295410156,3.4643151760101318">
        </Bone>
      </Part>
    </Brick>
    <Brick refID="46" designID="4162">
      <Part refID="46" designID="4162" materials="24">
        <Bone refID="46" transformation="-0.70710664987564087,0,-0.70710664987564087,-0.70710670948028564,0,0.70710670948028564,0,1,0,1.0620603561401367,1.6032240390777588,5.2179398536682129">
        </Bone>
      </Part>
    </Brick>
    <Brick refID="47" designID="3710">
      <Part refID="47" designID="3710" materials="24">
        <Bone refID="47" transformation="-0.70710664987564087,0,-0.70710664987564087,-0.70710664987564087,0,0.70710664987564087,0,1,0,0.15696370601654053,1.6032241582870483,3.8602950572967529">
        </Bone>
      </Part>
    </Brick>
    <Brick refID="48" designID="2436">
      <Part refID="48" designID="2436" materials="24">
        <Bone refID="48" transformation="0.70710670948028564,0,0.70710659027099609,0,1,0,-0.70710659027099609,0,0.70710670948028564,-1.7097982168197632,1.683224081993103,1.2015737295150757">
        </Bone>
      </Part>
    </Brick>
    <Brick refID="49" designID="2436">
      <Part refID="49" designID="2436" materials="24">
        <Bone refID="49" transformation="0.70710670948028564,0,0.70710659027099609,0,1,0,-0.70710659027099609,0,0.70710670948028564,0.55294334888458252,1.683224081993103,3.4643151760101318">
        </Bone>
      </Part>
    </Brick>
    <Brick refID="50" designID="3024">
      <Part refID="50" designID="3024" materials="24">
        <Bone refID="50" transformation="-0.70710664987564087,0,-0.70710664987564087,-0.70710664987564087,0,0.70710664987564087,0,1,0,1.2883344888687134,1.6032241582870483,4.9916658401489258">
        </Bone>
      </Part>
    </Brick>
    <Brick refID="51" designID="3024">
      <Part refID="51" designID="3024" materials="24">
        <Bone refID="51" transformation="-0.70710664987564087,0,-0.70710664987564087,-0.70710664987564087,0,0.70710664987564087,0,1,0,-2.6714630126953125,1.6032241582870483,1.0318683385848999">
        </Bone>
      </Part>
    </Brick>
    <Brick refID="52" designID="4085">
      <Part refID="52" designID="4085" materials="24">
        <Bone refID="52" transformation="0.70710670948028564,0,0.70710659027099609,-0.70710659027099609,0,0.70710670948028564,0,-1,0,-2.1057777404785156,1.6032241582870483,1.5975536108016968">
        </Bone>
      </Part>
    </Brick>
    <Brick refID="53" designID="4085">
      <Part refID="53" designID="4085" materials="24">
        <Bone refID="53" transformation="0.70710670948028564,0,0.70710659027099609,-0.70710659027099609,0,0.70710670948028564,0,-1,0,0.7226489782333374,1.6032241582870483,4.4259805679321289">
        </Bone>
      </Part>
    </Brick>
    <Brick refID="54" designID="3034">
      <Part refID="54" designID="3034" materials="24">
        <Bone refID="54" transformation="-0.70710664987564087,0,-0.70710664987564087,0,1,0,0.70710664987564087,0,-0.70710664987564087,1.6843142509460449,2.0032241344451904,4.5956859588623047">
        </Bone>
      </Part>
    </Brick>
    <Brick refID="55" designID="3023">
      <Part refID="55" designID="3023" materials="24">
        <Bone refID="55" transformation="0.70710676908493042,0,0.70710664987564087,0,1,0,-0.70710664987564087,0,0.70710676908493042,-0.57842743396759033,1.6832239627838135,2.332944393157959">
        </Bone>
      </Part>
    </Brick>
    <Brick refID="56" designID="3068">
      <Part refID="56" designID="3068" materials="26,0" decoration="0">
        <Bone refID="56" transformation="-0.70710664987564087,0,0.70710676908493042,0,0.99999994039535522,0,-0.70710676908493042,0,-0.70710664987564087,-2.8411688804626465,2.963223934173584,1.2015734910964966">
        </Bone>
      </Part>
    </Brick>
    <Brick refID="57" designID="3024">
      <Part refID="57" designID="3024" materials="24">
        <Bone refID="57" transformation="-0.70710659027099609,0,0.70710670948028564,0,0.99999988079071045,0,-0.70710670948028564,0,-0.70710659027099609,-2.8411688804626465,2.6432240009307861,1.2015734910964966">
        </Bone>
      </Part>
    </Brick>
    <Brick refID="58" designID="3023">
      <Part refID="58" designID="3023" materials="24">
        <Bone refID="58" transformation="-0.70710659027099609,0,0.70710670948028564,0,0.99999988079071045,0,-0.70710670948028564,0,-0.70710659027099609,-2.2754836082458496,2.3232240676879883,0.63588809967041016">
        </Bone>
      </Part>
    </Brick>
    <Brick refID="59" designID="50746">
      <Part refID="59" designID="50746" materials="24">
        <Bone refID="59" transformation="-0.70710664987564087,0,-0.70710664987564087,0,0.99999994039535522,0,0.70710664987564087,0,-0.70710664987564087,-2.2754836082458496,2.6432240009307861,0.63588809967041016">
        </Bone>
      </Part>
    </Brick>
    <Brick refID="60" designID="3068">
      <Part refID="60" designID="3068" materials="26,0" decoration="0">
        <Bone refID="60" transformation="-0.70710664987564087,0,0.70710676908493042,0,0.99999994039535522,0,-0.70710676908493042,0,-0.70710664987564087,0.55294346809387207,2.963223934173584,4.5956859588623047">
        </Bone>
      </Part>
    </Brick>
    <Brick refID="61" designID="3024">
      <Part refID="61" designID="3024" materials="24">
        <Bone refID="61" transformation="-0.70710659027099609,0,0.70710670948028564,0,0.99999988079071045,0,-0.70710670948028564,0,-0.70710659027099609,1.1186288595199585,2.6432240009307861,5.1613707542419434">
        </Bone>
      </Part>
    </Brick>
    <Brick refID="62" designID="3023">
      <Part refID="62" designID="3023" materials="24">
        <Bone refID="62" transformation="-0.70710659027099609,0,0.70710670948028564,0,0.99999988079071045,0,-0.70710670948028564,0,-0.70710659027099609,1.6843141317367554,2.3232240676879883,4.5956854820251465">
        </Bone>
      </Part>
    </Brick>
    <Brick refID="63" designID="50746">
      <Part refID="63" designID="50746" materials="24">
        <Bone refID="63" transformation="-0.70710664987564087,0,-0.70710664987564087,0,0.99999994039535522,0,0.70710664987564087,0,-0.70710664987564087,1.6843141317367554,2.6432240009307861,4.5956854820251465">
        </Bone>
      </Part>
    </Brick>
    <Brick refID="64" designID="2412">
      <Part refID="64" designID="2412" materials="1">
        <Bone refID="64" transformation="-0.70710664987564087,0,0.70710676908493042,0,0.99999994039535522,0,-0.70710676908493042,0,-0.70710664987564087,-1.7097982168197632,2.3232240676879883,1.2015732526779175">
        </Bone>
      </Part>
    </Brick>
    <Brick refID="65" designID="2412">
      <Part refID="65" designID="2412" materials="1">
        <Bone refID="65" transformation="-0.70710664987564087,0,0.70710676908493042,0,0.99999994039535522,0,-0.70710676908493042,0,-0.70710664987564087,-1.1441127061843872,2.3232240676879883,1.7672587633132935">
        </Bone>
      </Part>
    </Brick>
    <Brick refID="66" designID="2412">
      <Part refID="66" designID="2412" materials="1">
        <Bone refID="66" transformation="-0.70710664987564087,0,0.70710676908493042,0,0.99999994039535522,0,-0.70710676908493042,0,-0.70710664987564087,-0.57842743396759033,2.3232240676879883,2.3329441547393799">
        </Bone>
      </Part>
    </Brick>
    <Brick refID="67" designID="2412">
      <Part refID="67" designID="2412" materials="1">
        <Bone refID="67" transformation="-0.70710664987564087,0,0.70710676908493042,0,0.99999994039535522,0,-0.70710676908493042,0,-0.70710664987564087,-0.012741923332214355,2.3232240676879883,2.8986296653747559">
        </Bone>
      </Part>
    </Brick>
    <Brick refID="68" designID="2412">
      <Part refID="68" designID="2412" materials="1">
        <Bone refID="68" transformation="-0.70710664987564087,0,0.70710676908493042,0,0.99999994039535522,0,-0.70710676908493042,0,-0.70710664987564087,0.55294334888458252,2.3232240676879883,3.4643151760101318">
        </Bone>
      </Part>
    </Brick>
    <Brick refID="69" designID="2412">
      <Part refID="69" designID="2412" materials="1">
        <Bone refID="69" transformation="-0.70710664987564087,0,0.70710676908493042,0,0.99999994039535522,0,-0.70710676908493042,0,-0.70710664987564087,1.1186288595199585,2.3232240676879883,4.0300006866455078">
        </Bone>
      </Part>
    </Brick>
    <Brick refID="70" designID="3068">
      <Part refID="70" designID="3068" materials="26,0" decoration="0">
        <Bone refID="70" transformation="-0.70710670948028564,0,0.7071068286895752,0,0.99999994039535522,0,-0.7071068286895752,0,-0.70710670948028564,-1.7097979784011841,2.963223934173584,2.3329439163208008">
        </Bone>
      </Part>
    </Brick>
    <Brick refID="71" designID="30031">
      <Part refID="71" designID="30031" materials="24">
        <Bone refID="71" transformation="0.70710676908493042,0,-0.70710694789886475,0.14701537787914276,-0.97814768552780151,0.1470155268907547,-0.69165486097335815,-0.20791125297546387,-0.69165498018264771,0.6095123291015625,0.81322401762008667,4.5391168594360352">
        </Bone>
      </Part>
    </Brick>
    <Brick refID="72" designID="3068">
      <Part refID="72" designID="3068" materials="26,0" decoration="0">
        <Bone refID="72" transformation="-0.70710670948028564,0,0.7071068286895752,0,0.99999994039535522,0,-0.7071068286895752,0,-0.70710670948028564,-0.57842719554901123,2.963223934173584,3.4643146991729736">
        </Bone>
      </Part>
    </Brick>
    <Brick refID="73" designID="30031">
      <Part refID="73" designID="30031" materials="24">
        <Bone refID="73" transformation="-0.70710694789886475,0,0.70710676908493042,-0.1470155268907547,-0.97814768552780151,-0.14701537787914276,0.69165498018264771,-0.20791125297546387,0.69165486097335815,-2.2189149856567383,0.81322401762008667,1.710689902305603">
        </Bone>
      </Part>
    </Brick>
  </Bricks>
  <RigidSystems>
    <RigidSystem>
      <Rigid refID="0" transformation="-0.7071068286895752,0,-0.70710670948028564,0,0.99999994039535522,0,0.70710670948028564,0,-0.7071068286895752,0.914112389087677,2.0799999237060547,-5.5854830741882324" boneRefs="0,1,2,3,4,5,6,7,8,9,10,11,12,13,14,15,16,17,18,19,20,21,22"/>
      <Rigid refID="1" transformation="-0.7071068286895752,0,-0.70710670948028564,0,0.99999994039535522,0,0.70710670948028564,0,-0.7071068286895752,-1.3486291170120239,2.0799999237060547,-3.3227417469024658" boneRefs="23"/>
      <Rigid refID="2" transformation="-0.7071068286895752,0,-0.70710670948028564,0,0.99999994039535522,0,0.70710670948028564,0,-0.7071068286895752,-0.21725836396217346,2.0799999237060547,-4.4541125297546387" boneRefs="24"/>
      <Rigid refID="3" transformation="-0.70710670948028564,0,0.7071068286895752,0,1,0,-0.7071068286895752,0,-0.70710670948028564,-0.7829437255859375,1.7599999904632568,-3.8884270191192627" boneRefs="25"/>
      <Rigid refID="4" transformation="0.70710694789886475,0,0.70710676908493042,-0.1470155268907547,-0.97814768552780151,0.14701537787914276,0.69165498018264771,-0.20791125297546387,-0.69165486097335815,-2.4800000190734863,0.72000002861022949,-1.6256853342056274" boneRefs="26"/>
      <Rigid refID="5" transformation="-0.70710676908493042,0,-0.70710694789886475,0.14701537787914276,-0.97814768552780151,-0.1470155268907547,-0.69165486097335815,-0.20791125297546387,0.69165498018264771,0.91411232948303223,0.72000002861022949,-5.0197978019714355" boneRefs="27"/>
      <Joint type="hinge">
        <RigidRef rigidRef="4" a="1.0000001192092896,0,0" z="0,0,-1" t="0.16500000655651093,0,0"/>
        <RigidRef rigidRef="0" a="-1.0000003576278687,0,0" z="0,0.20791132748126984,-0.97814786434173584" t="-0.56499952077865601,-1.3600000143051147,-5.1999998092651367"/>
      </Joint>
      <Joint type="hinge">
        <RigidRef rigidRef="5" a="1.0000001192092896,0,0" z="0,0,-1" t="0.16500000655651093,0,0"/>
        <RigidRef rigidRef="0" a="1.0000002384185791,0,0" z="0,0.20791132748126984,0.97814786434173584" t="-0.23499979078769684,-1.3600000143051147,-0.39999979734420776"/>
      </Joint>
      <Joint type="hinge">
        <RigidRef rigidRef="0" a="0,1,0" z="0.99999988079071045,0,0" t="0,0,-3.9999995231628418"/>
        <RigidRef rigidRef="1" a="0,1,0" z="0,0,1" t="0,0,-0.80000007152557373"/>
      </Joint>
      <Joint type="hinge">
        <RigidRef rigidRef="0" a="0,1,0" z="0.99999988079071045,0,0" t="0,0,-1.6000000238418579"/>
        <RigidRef rigidRef="2" a="0,1,0" z="0,0,1" t="0,0,0"/>
      </Joint>
      <Joint type="hinge">
        <RigidRef rigidRef="3" a="0,1,0" z="0,0,1" t="0.80000007152557373,0.31999999284744263,0"/>
        <RigidRef rigidRef="1" a="0,1,0" z="0,0,1" t="0,0,0"/>
      </Joint>
      <Joint type="hinge">
        <RigidRef rigidRef="3" a="0,1,0" z="0,0,1" t="0,0.31999999284744263,0"/>
        <RigidRef rigidRef="2" a="0,1,0" z="0,0,1" t="0,0,-0.80000007152557373"/>
      </Joint>
    </RigidSystem>
    <RigidSystem>
      <Rigid refID="6" transformation="0.7071068286895752,0,0.70710670948028564,0,1,0,-0.70710670948028564,0,0.7071068286895752,-2.744112491607666,2.5499999523162842,2.8986291885375977" boneRefs="28"/>
      <Rigid refID="7" transformation="-0.70710670948028564,0,-0.70710670948028564,-0.70710676908493042,0,0.70710676908493042,0,1,0,-1.1036248207092285,2.4700000286102295,5.7836246490478516" boneRefs="29,30,31,32,33,34,35,36,37,38,39,40,41,42,43,44,45,46,47,48,49,50,51,52,53,54,55,56,57,58,59,60,61,62,63,64,65,66,67,68,69"/>
      <Rigid refID="8" transformation="-0.70710670948028564,0,0.7071068286895752,0,0.99999994039535522,0,-0.7071068286895752,0,-0.70710670948028564,-3.309798002243042,2.869999885559082,2.3329439163208008" boneRefs="70"/>
      <Rigid refID="9" transformation="0.70710676908493042,0,-0.70710694789886475,0.14701537787914276,-0.97814768552780151,0.1470155268907547,-0.69165486097335815,-0.20791125297546387,-0.69165498018264771,-0.99048769474029541,0.71999996900558472,4.5391168594360352" boneRefs="71"/>
      <Rigid refID="10" transformation="-0.70710670948028564,0,0.7071068286895752,0,0.99999994039535522,0,-0.7071068286895752,0,-0.70710670948028564,-2.1784272193908691,2.869999885559082,3.4643146991729736" boneRefs="72"/>
      <Rigid refID="11" transformation="-0.70710694789886475,0,0.70710676908493042,-0.1470155268907547,-0.97814768552780151,-0.14701537787914276,0.69165498018264771,-0.20791125297546387,0.69165486097335815,-3.8189148902893066,0.71999996900558472,1.710689902305603" boneRefs="73"/>
      <Joint type="hinge">
        <RigidRef rigidRef="6" a="0,1,0" z="0,0,1" t="0,0.31999999284744263,0"/>
        <RigidRef rigidRef="8" a="0,1,0" z="0,0,1" t="0,0,-0.80000007152557373"/>
      </Joint>
      <Joint type="hinge">
        <RigidRef rigidRef="6" a="0,1,0" z="0,0,1" t="0.80000007152557373,0.31999999284744263,0"/>
        <RigidRef rigidRef="10" a="0,1,0" z="0,0,1" t="0,0,0"/>
      </Joint>
      <Joint type="hinge">
        <RigidRef rigidRef="7" a="0,-0.99999982118606567,0" z="-0.99999994039535522,0,0" t="0.79999971389770508,-1.1199991703033447,-1.7578110694885254"/>
        <RigidRef rigidRef="9" a="0.99999982118606567,0,0" z="0,0.20791111886501312,-0.97814762592315674" t="0.15999972820281982,0.0076403017155826092,0.0016238091047853231"/>
      </Joint>
      <Joint type="hinge">
        <RigidRef rigidRef="7" a="0,0.99999982118606567,0" z="-0.99999994039535522,0,0" t="4.8000001907348633,-0.7999994158744812,-1.7578109502792358"/>
        <RigidRef rigidRef="11" a="0.99999982118606567,0,0" z="0,-0.20791132748126984,0.97814762592315674" t="0.15999996662139893,0.0076402029953896999,0.001624350668862462"/>
      </Joint>
      <Joint type="hinge">
        <RigidRef rigidRef="7" a="0,0,1" z="0,0.99999994039535522,0" t="4,-0.87999963760375977,0.39999985694885254"/>
        <RigidRef rigidRef="8" a="0,1,0" z="0,0,1" t="0,0,0"/>
      </Joint>
      <Joint type="hinge">
        <RigidRef rigidRef="7" a="0,0,1" z="0,0.99999994039535522,0" t="1.5999999046325684,-0.87999951839447021,0.39999985694885254"/>
        <RigidRef rigidRef="10" a="0,1,0" z="0,0,1" t="0,0,-0.80000007152557373"/>
      </Joint>
    </RigidSystem>
  </RigidSystems>
  <GroupSystems>
    <GroupSystem>
    </GroupSystem>
  </GroupSystems>
</LXFML>
