<?xml version="1.0" encoding="UTF-8" standalone="no" ?>
<LXFML versionMajor="5" versionMinor="0">
  <Meta>
    <Application name="LEGO Universe" versionMajor="0" versionMinor="0"/>
    <Brand name="LEGOUniverse"/>
    <BrickSet version="238"/>
  </Meta>
  <Bricks>
    <Brick refID="0" designID="30377">
      <Part refID="0" designID="30377" materials="5">
        <Bone refID="0" transformation="0.13387149572372437,0.81155657768249512,-0.56873059272766113,-0.29662331938743591,0.58039987087249756,0.75838696956634521,0.94556498527526855,0.067172393202781677,0.31842559576034546,0.91002398729324341,5.6539111137390137,1.3714475631713867">
        </Bone>
      </Part>
    </Brick>
    <Brick refID="1" designID="30031">
      <Part refID="1" designID="30031" materials="5">
        <Bone refID="1" transformation="-1,0,0,0,1,0,0,0,-1,-0.0050002932548522949,5.0482416152954102,1.2000004053115845">
        </Bone>
      </Part>
    </Brick>
    <Brick refID="2" designID="30377">
      <Part refID="2" designID="30377" materials="5">
        <Bone refID="2" transformation="-0.12997305393218994,0.81535524129867554,-0.56418335437774658,0.33915552496910095,0.57124620676040649,0.74742984771728516,0.93170839548110962,-0.094200141727924347,-0.35077881813049316,-0.92774933576583862,5.6650481224060059,1.3798913955688477">
        </Bone>
      </Part>
    </Brick>
    <Brick refID="3" designID="2555">
      <Part refID="3" designID="2555" materials="192">
        <Bone refID="3" transformation="0,0,1,0,0.99999994039535522,0,-1,0,0,0,4.4802417755126953,1.2000004053115845">
        </Bone>
      </Part>
    </Brick>
    <Brick refID="4" designID="3040">
      <Part refID="4" designID="3040" materials="192">
        <Bone refID="4" transformation="1,0,0,0,1,0,0,0,1,0,3.5202417373657227,1.2000004053115845">
        </Bone>
      </Part>
    </Brick>
    <Brick refID="5" designID="3024">
      <Part refID="5" designID="3024" materials="26">
        <Bone refID="5" transformation="1,0,0,0,1,0,0,0,1,0,3.2002418041229248,2.0000004768371582">
        </Bone>
      </Part>
    </Brick>
    <Brick refID="6" designID="30377">
      <Part refID="6" designID="30377" materials="5">
        <Bone refID="6" transformation="-0.35077905654907227,0.017105858772993088,-0.9363020658493042,0.094200074672698975,0.99540650844573975,-0.017105739563703537,0.93170839548110962,-0.094200052320957184,-0.35077905654907227,-0.62960261106491089,5.6349034309387207,1.2676420211791992">
        </Bone>
      </Part>
    </Brick>
    <Brick refID="7" designID="30377">
      <Part refID="7" designID="30377" materials="5">
        <Bone refID="7" transformation="0.31866097450256348,0.0074676577933132648,-0.94783943891525269,-0.066046677529811859,0.99771356582641602,-0.014344108290970325,0.94556504487991333,0.067172542214393616,0.31842556595802307,0.60744315385818481,5.6324167251586914,1.2695515155792236">
        </Bone>
      </Part>
    </Brick>
    <Brick refID="8" designID="3794">
      <Part refID="8" designID="3794" materials="192">
        <Bone refID="8" transformation="1,0,0,0,1,0,0,0,1,-0.40000027418136597,3.2002420425415039,1.200000524520874">
        </Bone>
      </Part>
    </Brick>
    <Brick refID="9" designID="3660">
      <Part refID="9" designID="3660" materials="192">
        <Bone refID="9" transformation="1,0,0,0,1,0,0,0,1,-0.40000027418136597,2.2402420043945313,0.40000045299530029">
        </Bone>
      </Part>
    </Brick>
    <Brick refID="10" designID="50746">
      <Part refID="10" designID="50746" materials="192">
        <Bone refID="10" transformation="-1,0,0,0,1,0,0,0,-1,0.39999979734420776,3.2002420425415039,0.40000045299530029">
        </Bone>
      </Part>
    </Brick>
    <Brick refID="11" designID="50746">
      <Part refID="11" designID="50746" materials="192">
        <Bone refID="11" transformation="-1,0,0,0,1,0,0,0,-1,-0.40000015497207642,3.2002420425415039,0.40000045299530029">
        </Bone>
      </Part>
    </Brick>
    <Brick refID="12" designID="3020">
      <Part refID="12" designID="3020" materials="192">
        <Bone refID="12" transformation="0,0,1,0,0.99999994039535522,0,-1,0,0,-0.40000027418136597,1.9202419519424438,-1.9999997615814209">
        </Bone>
      </Part>
    </Brick>
    <Brick refID="13" designID="6215">
      <Part refID="13" designID="6215" materials="192">
        <Bone refID="13" transformation="0,0,-1,0,1,0,1,0,0,0.39999943971633911,2.2402420043945313,-0.39999973773956299">
        </Bone>
      </Part>
    </Brick>
    <Brick refID="14" designID="4589">
      <Part refID="14" designID="4589" materials="192">
        <Bone refID="14" transformation="1,0,0,0,1,0,0,0,1,0.39999997615814209,0.96024203300476074,0.40000021457672119">
        </Bone>
      </Part>
    </Brick>
    <Brick refID="15" designID="4589">
      <Part refID="15" designID="4589" materials="192">
        <Bone refID="15" transformation="1,0,0,0,1,0,0,0,1,0.39999997615814209,0.00024199999461416155,0.40000021457672119">
        </Bone>
      </Part>
    </Brick>
    <Brick refID="16" designID="4589">
      <Part refID="16" designID="4589" materials="192">
        <Bone refID="16" transformation="1,0,0,0,1,0,0,0,1,-0.40000003576278687,0.96024203300476074,0.40000021457672119">
        </Bone>
      </Part>
    </Brick>
    <Brick refID="17" designID="4589">
      <Part refID="17" designID="4589" materials="192">
        <Bone refID="17" transformation="1,0,0,0,1,0,0,0,1,-0.40000003576278687,0.00024199999461416155,0.40000021457672119">
        </Bone>
      </Part>
    </Brick>
    <Brick refID="18" designID="4589">
      <Part refID="18" designID="4589" materials="192">
        <Bone refID="18" transformation="1,0,0,0,1,0,0,0,1,0.39999997615814209,0.96024203300476074,-1.9999997615814209">
        </Bone>
      </Part>
    </Brick>
    <Brick refID="19" designID="4589">
      <Part refID="19" designID="4589" materials="192">
        <Bone refID="19" transformation="1,0,0,0,1,0,0,0,1,0.39999997615814209,0.00024199999461416155,-1.9999997615814209">
        </Bone>
      </Part>
    </Brick>
    <Brick refID="20" designID="4589">
      <Part refID="20" designID="4589" materials="192">
        <Bone refID="20" transformation="1,0,0,0,1,0,0,0,1,-0.40000003576278687,0.96024203300476074,-1.9999997615814209">
        </Bone>
      </Part>
    </Brick>
    <Brick refID="21" designID="4589">
      <Part refID="21" designID="4589" materials="192">
        <Bone refID="21" transformation="1,0,0,0,1,0,0,0,1,-0.40000003576278687,0.00024199999461416155,-1.9999997615814209">
        </Bone>
      </Part>
    </Brick>
  </Bricks>
  <RigidSystems>
    <RigidSystem>
      <Rigid refID="0" transformation="0.13387149572372437,0.81155657768249512,-0.56873059272766113,-0.29662331938743591,0.58039987087249756,0.75838696956634521,0.94556498527526855,0.067172393202781677,0.31842559576034546,0.91002398729324341,5.6539111137390137,1.3714475631713867" boneRefs="0"/>
      <Rigid refID="1" transformation="-1,0,0,0,1,0,0,0,-1,-0.0050002932548522949,5.0482416152954102,1.2000004053115845" boneRefs="1"/>
      <Rigid refID="2" transformation="-0.12997305393218994,0.81535524129867554,-0.56418335437774658,0.33915552496910095,0.57124620676040649,0.74742984771728516,0.93170839548110962,-0.094200141727924347,-0.35077881813049316,-0.92774933576583862,5.6650481224060059,1.3798913955688477" boneRefs="2"/>
      <Rigid refID="3" transformation="0,0,1,0,0.99999994039535522,0,-1,0,0,0,4.4802417755126953,1.2000004053115845" boneRefs="3,4,5"/>
      <Rigid refID="4" transformation="-0.35077905654907227,0.017105858772993088,-0.9363020658493042,0.094200074672698975,0.99540650844573975,-0.017105739563703537,0.93170839548110962,-0.094200052320957184,-0.35077905654907227,-0.62960261106491089,5.6349034309387207,1.2676420211791992" boneRefs="6"/>
      <Rigid refID="5" transformation="0.31866097450256348,0.0074676577933132648,-0.94783943891525269,-0.066046677529811859,0.99771356582641602,-0.014344108290970325,0.94556504487991333,0.067172542214393616,0.31842556595802307,0.60744315385818481,5.6324167251586914,1.2695515155792236" boneRefs="7"/>
      <Rigid refID="6" transformation="1,0,0,0,1,0,0,0,1,-0.40000027418136597,3.2002420425415039,1.200000524520874" boneRefs="8,9,10,11,12,13,14,15,16,17,18,19,20,21"/>
      <Joint type="hinge">
        <RigidRef rigidRef="1" a="-0.94556504487991333,0.067172296345233917,-0.31842532753944397" z="0.31930509209632874,0.0025063792709261179,-0.94764876365661621" t="-1.0284920930862427,0.61373043060302734,-0.20965820550918579"/>
        <RigidRef rigidRef="0" a="0,0,1" z="-0.57966858148574829,0.81485241651535034,0" t="0,0,0.12000005692243576"/>
      </Joint>
      <Joint type="hinge">
        <RigidRef rigidRef="5" a="0,0,-1" z="0.28209969401359558,0.95938509702682495,0" t="0,0,-0.15999999642372131"/>
        <RigidRef rigidRef="1" a="0.94556492567062378,-0.067172348499298096,0.31842565536499023" z="-0.02653016522526741,0.95929801464080811,0.28114664554595947" t="-0.46115303039550781,0.57342767715454102,-0.0186030063778162"/>
      </Joint>
      <Joint type="hinge">
        <RigidRef rigidRef="4" a="0,0,1" z="0.28209969401359558,0.95938509702682495,0" t="0,0,0.15999999642372131"/>
        <RigidRef rigidRef="1" a="-0.93170833587646484,-0.094200223684310913,0.35077890753746033" z="0.008580314926803112,0.95980358123779297,0.28054156899452209" t="0.47552898526191711,0.57158994674682617,-0.01151688676327467"/>
      </Joint>
      <Joint type="hinge">
        <RigidRef rigidRef="3" a="0,0,1" z="1,0,0" t="0,0.56800001859664917,0.15999999642372131"/>
        <RigidRef rigidRef="1" a="1,0,0" z="0,0,-1" t="0.15499970316886902,0,0"/>
      </Joint>
      <Joint type="hinge">
        <RigidRef rigidRef="2" a="0,0,1" z="0.28209969401359558,0.95938509702682495,0" t="0,0,0.15999999642372131"/>
        <RigidRef rigidRef="1" a="-0.93170839548110962,-0.094200260937213898,0.35077884793281555" z="-0.28871551156044006,0.7780565619468689,-0.55791705846786499" t="0.77367568016052246,0.60173463821411133,-0.12376635521650314"/>
      </Joint>
      <Joint type="hinge">
        <RigidRef rigidRef="6" a="0,1,0" z="0,0,1" t="0.40000000596046448,0.31999999284744263,0"/>
        <RigidRef rigidRef="3" a="0,1,0" z="1,0,0" t="0,-0.96000009775161743,0"/>
      </Joint>
    </RigidSystem>
  </RigidSystems>
  <GroupSystems>
    <GroupSystem>
    </GroupSystem>
  </GroupSystems>
</LXFML>
