<?xml version="1.0" encoding="UTF-8" standalone="no" ?>
<LXFML versionMajor="5" versionMinor="0">
  <Meta>
    <Application name="LEGO Universe" versionMajor="0" versionMinor="0"/>
    <Brand name="LEGOUniverse"/>
    <BrickSet version="238"/>
  </Meta>
  <Bricks>
    <Brick refID="0" designID="56750">
      <Part refID="0" designID="56750" materials="21">
        <Bone refID="0" transformation="0.93969255685806274,-0.34202015399932861,0,-0.34202015399932861,-0.93969261646270752,0,0,0,-1,0.8556523323059082,3.0022296905517578,0">
        </Bone>
      </Part>
    </Brick>
    <Brick refID="1" designID="3741">
      <Part refID="1" designID="3741" materials="28">
        <Bone refID="1" transformation="1,0,0,0,1,0,0,0,1,0,1.2819349765777588,0">
        </Bone>
      </Part>
    </Brick>
    <Brick refID="2" designID="6141">
      <Part refID="2" designID="6141" materials="28">
        <Bone refID="2" transformation="1,0,0,0,1,0,0,0,1,0,0.96193498373031616,0">
        </Bone>
      </Part>
    </Brick>
    <Brick refID="3" designID="6143">
      <Part refID="3" designID="6143" materials="192">
        <Bone refID="3" transformation="1,0,0,0,1,0,0,0,1,-0.40000057220458984,0.001934999949298799,0.39999961853027344">
        </Bone>
      </Part>
    </Brick>
    <Brick refID="4" designID="56750">
      <Part refID="4" designID="56750" materials="21">
        <Bone refID="4" transformation="0.98470145463943481,0.17226427793502808,0.02624078094959259,0.17226427793502808,-0.93969255685806274,-0.29547074437141418,-0.02624078094959259,0.29547074437141418,-0.95499134063720703,-0.39135217666625977,2.8023524284362793,0.67807388305664063">
        </Bone>
      </Part>
    </Brick>
    <Brick refID="5" designID="56750">
      <Part refID="5" designID="56750" materials="21">
        <Bone refID="5" transformation="0.98489612340927124,0.17116312682628632,-0.026129504665732384,0.17116312682628632,-0.93969231843948364,0.29611048102378845,0.026129504665732384,-0.29611048102378845,-0.9547961950302124,-0.35502099990844727,2.6022295951843262,-0.61494064331054688">
        </Bone>
      </Part>
    </Brick>
  </Bricks>
  <RigidSystems>
    <RigidSystem>
      <Rigid refID="0" transformation="0.93969255685806274,-0.34202015399932861,0,-0.34202015399932861,-0.93969261646270752,0,0,0,-1,-6.3443479537963867,3.0022296905517578,9.6000003814697266" boneRefs="0"/>
      <Rigid refID="1" transformation="1,0,0,0,1,0,0,0,1,-7.2000012397766113,1.2819349765777588,9.6000003814697266" boneRefs="1,2,3"/>
      <Rigid refID="2" transformation="0.98470145463943481,0.17226427793502808,0.02624078094959259,0.17226427793502808,-0.93969255685806274,-0.29547074437141418,-0.02624078094959259,0.29547074437141418,-0.95499134063720703,-7.5913524627685547,2.8023524284362793,10.278074264526367" boneRefs="4"/>
      <Rigid refID="3" transformation="0.98489612340927124,0.17116312682628632,-0.026129504665732384,0.17116312682628632,-0.93969231843948364,0.29611048102378845,0.026129504665732384,-0.29611048102378845,-0.9547961950302124,-7.5550212860107422,2.6022295951843262,8.9850597381591797" boneRefs="5"/>
      <Joint type="hinge">
        <RigidRef rigidRef="1" a="0.34202012419700623,0.93969273567199707,0" z="-0.93969273567199707,0.34202006459236145,0" t="0.883014976978302,1.7954699993133545,0"/>
        <RigidRef rigidRef="0" a="0,-1,0" z="-1,0,0" t="0,-0.079999968409538269,0"/>
      </Joint>
      <Joint type="hinge">
        <RigidRef rigidRef="2" a="0,-1,0" z="0,0,1" t="0,0,0"/>
        <RigidRef rigidRef="1" a="-0.17226427793502808,0.93969255685806274,0.29547074437141418" z="-0.02624078094959259,0.29547074437141418,-0.95499134063720703" t="-0.39135122299194336,1.5204174518585205,0.67807388305664063"/>
      </Joint>
      <Joint type="hinge">
        <RigidRef rigidRef="3" a="0,-1,0" z="0,0,1" t="0,0,0"/>
        <RigidRef rigidRef="1" a="-0.17116314172744751,0.93969243764877319,-0.29611051082611084" z="0.026129508391022682,-0.29611051082611084,-0.95479631423950195" t="-0.35502004623413086,1.3202946186065674,-0.61494064331054688"/>
      </Joint>
    </RigidSystem>
  </RigidSystems>
  <GroupSystems>
    <GroupSystem>
    </GroupSystem>
  </GroupSystems>
</LXFML>
