<?xml version="1.0" encoding="UTF-8" standalone="no" ?>
<LXFML versionMajor="5" versionMinor="0">
  <Meta>
    <Application name="CCOP" versionMajor="0" versionMinor="0"/>
    <Brand name="LEGOUniverse"/>
    <BrickSet version="215"/>
  </Meta>
  <Bricks>
    <Brick refID="0" designID="60478">
      <Part refID="0" designID="60478" materials="199">
        <Bone refID="0" transformation="-0.27912634611129761,0,-0.96025437116622925,0,1,0,0.96025437116622925,0,-0.27912634611129761,0.11164665222167969,7.3600010871887207,0.38411253690719604">
        </Bone>
      </Part>
    </Brick>
    <Brick refID="1" designID="74340">
      <Part refID="1" designID="3679" materials="194">
        <Bone refID="1" transformation="0.96025431156158447,0,-0.2791266143321991,0,1,0,0.2791266143321991,0,0.96025431156158447,-0.27245530486106873,7.0400009155273437,0.49577158689498901">
        </Bone>
      </Part>
      <Part refID="2" designID="3680" materials="194">
        <Bone refID="2" transformation="1,0,0,0,1,0,0,0,1,-0.40000152587890625,6.7200007438659668,0.40000456571578979">
        </Bone>
      </Part>
    </Brick>
    <Brick refID="2" designID="3794">
      <Part refID="3" designID="3794" materials="199">
        <Bone refID="3" transformation="0.96025431156158447,0,-0.2791266143321991,0,1,0,0.2791266143321991,0,0.96025431156158447,-0.49575707316398621,7.0400009155273437,-0.272441565990448">
        </Bone>
      </Part>
    </Brick>
    <Brick refID="3" designID="3794">
      <Part refID="4" designID="3794" materials="199">
        <Bone refID="4" transformation="0.96025431156158447,0,-0.2791266143321991,0,1,0,0.2791266143321991,0,0.96025431156158447,-0.27245420217514038,7.0400009155273437,0.49576801061630249">
        </Bone>
      </Part>
    </Brick>
    <Brick refID="4" designID="3031">
      <Part refID="5" designID="3031" materials="199">
        <Bone refID="5" transformation="1,0,0,0,1,0,0,0,1,-1.2000026702880859,0,-0.39999848604202271">
        </Bone>
      </Part>
    </Brick>
    <Brick refID="5" designID="32028">
      <Part refID="6" designID="32028" materials="199">
        <Bone refID="6" transformation="-1,0,0,0,1,0,0,0,-1,0.39999771118164063,0.31999987363815308,-2.7999999523162842">
        </Bone>
      </Part>
    </Brick>
    <Brick refID="6" designID="3004">
      <Part refID="7" designID="3004" materials="199,0,0,0" decoration="0,0,0">
        <Bone refID="7" transformation="1,0,0,0,1,0,0,0,1,-0.40000343322753906,0.6399998664855957,-2.7999999523162842">
        </Bone>
      </Part>
    </Brick>
    <Brick refID="7" designID="3004">
      <Part refID="8" designID="3004" materials="199,0,0,0" decoration="0,0,0">
        <Bone refID="8" transformation="1,0,0,0,1,0,0,0,1,-0.40000343322753906,1.5999999046325684,-2.7999999523162842">
        </Bone>
      </Part>
    </Brick>
    <Brick refID="8" designID="4175">
      <Part refID="9" designID="4175" materials="199">
        <Bone refID="9" transformation="-1,0,0,0,1,0,0,0,-1,0.39999771118164063,2.559999942779541,-2.7999999523162842">
        </Bone>
      </Part>
    </Brick>
    <Brick refID="9" designID="3004">
      <Part refID="10" designID="3004" materials="199,0,0,0" decoration="0,0,0">
        <Bone refID="10" transformation="1,0,0,0,1,0,0,0,1,-0.40000343322753906,2.880000114440918,-2.7999999523162842">
        </Bone>
      </Part>
    </Brick>
    <Brick refID="10" designID="3004">
      <Part refID="11" designID="3004" materials="199,0,0,0" decoration="0,0,0">
        <Bone refID="11" transformation="1,0,0,0,1,0,0,0,1,-0.40000343322753906,3.8400001525878906,-2.7999999523162842">
        </Bone>
      </Part>
    </Brick>
    <Brick refID="11" designID="4175">
      <Part refID="12" designID="4175" materials="199">
        <Bone refID="12" transformation="-1,0,0,0,1,0,0,0,-1,0.39999961853027344,4.8000001907348633,-2.7999999523162842">
        </Bone>
      </Part>
    </Brick>
    <Brick refID="12" designID="3660">
      <Part refID="13" designID="3660" materials="199">
        <Bone refID="13" transformation="-1,0,0,0,1,0,0,0,-1,0.39999961853027344,5.1200003623962402,-2.7999999523162842">
        </Bone>
      </Part>
    </Brick>
    <Brick refID="13" designID="6180">
      <Part refID="14" designID="6180" materials="199,0" decoration="0">
        <Bone refID="14" transformation="1,0,0,0,1,0,0,0,1,-2,6.0800004005432129,-1.1999938488006592">
        </Bone>
      </Part>
    </Brick>
    <Brick refID="14" designID="3676">
      <Part refID="15" designID="3676" materials="199">
        <Bone refID="15" transformation="0,0,1,0,0.99999994039535522,0,-1,0,0,-1.2000007629394531,5.1200003623962402,-2.7999999523162842">
        </Bone>
      </Part>
    </Brick>
    <Brick refID="15" designID="3676">
      <Part refID="16" designID="3676" materials="199">
        <Bone refID="16" transformation="-1,0,0,0,1,0,0,0,-1,1.2000007629394531,5.1200003623962402,-2.7999961376190186">
        </Bone>
      </Part>
    </Brick>
    <Brick refID="16" designID="3660">
      <Part refID="17" designID="3660" materials="199">
        <Bone refID="17" transformation="0,0,-1,0,0.99999994039535522,0,1,0,0,1.1999988555908203,5.1200003623962402,-1.2000014781951904">
        </Bone>
      </Part>
    </Brick>
    <Brick refID="17" designID="3660">
      <Part refID="18" designID="3660" materials="199">
        <Bone refID="18" transformation="0,0,1,0,0.99999994039535522,0,-1,0,0,-1.2000007629394531,5.1200003623962402,-1.9999969005584717">
        </Bone>
      </Part>
    </Brick>
    <Brick refID="18" designID="2454">
      <Part refID="19" designID="2454" materials="199">
        <Bone refID="19" transformation="0,0,1,0,0.99999994039535522,0,-1,0,0,-1.2000026702880859,0.31999999284744263,-2.7999999523162842">
        </Bone>
      </Part>
    </Brick>
    <Brick refID="19" designID="2454">
      <Part refID="20" designID="2454" materials="199">
        <Bone refID="20" transformation="0,0,1,0,0.99999994039535522,0,-1,0,0,-1.2000026702880859,0.31999999284744263,-1.1999976634979248">
        </Bone>
      </Part>
    </Brick>
    <Brick refID="20" designID="2454">
      <Part refID="21" designID="2454" materials="199">
        <Bone refID="21" transformation="0,0,1,0,0.99999994039535522,0,-1,0,0,1.1999988555908203,0.31999999284744263,-2.7999999523162842">
        </Bone>
      </Part>
    </Brick>
    <Brick refID="21" designID="2454">
      <Part refID="22" designID="2454" materials="199">
        <Bone refID="22" transformation="0,0,1,0,0.99999994039535522,0,-1,0,0,1.1999988555908203,0.31999999284744263,-1.1999976634979248">
        </Bone>
      </Part>
    </Brick>
    <Brick refID="22" designID="2454">
      <Part refID="23" designID="2454" materials="199">
        <Bone refID="23" transformation="1,0,0,0,1,0,0,0,1,-0.40000343322753906,0.31999999284744263,-0.39999848604202271">
        </Bone>
      </Part>
    </Brick>
    <Brick refID="23" designID="3660">
      <Part refID="24" designID="3660" materials="199">
        <Bone refID="24" transformation="1,0,0,0,1,0,0,0,1,-0.40000343322753906,5.1200003623962402,-0.40000230073928833">
        </Bone>
      </Part>
    </Brick>
    <Brick refID="24" designID="3795">
      <Part refID="25" designID="3795" materials="199">
        <Bone refID="25" transformation="1,0,0,0,1,0,0,0,1,-2.0000038146972656,6.0800004005432129,0.40000075101852417">
        </Bone>
      </Part>
    </Brick>
    <Brick refID="25" designID="3022">
      <Part refID="26" designID="3022" materials="194">
        <Bone refID="26" transformation="1,0,0,0,1,0,0,0,1,-0.40000152587890625,6.4000005722045898,0.40000456571578979">
        </Bone>
      </Part>
    </Brick>
    <Brick refID="26" designID="3676">
      <Part refID="27" designID="3676" materials="199">
        <Bone refID="27" transformation="0,0,-1,0,0.99999994039535522,0,1,0,0,1.1999988555908203,5.1200003623962402,-0.39999848604202271">
        </Bone>
      </Part>
    </Brick>
    <Brick refID="27" designID="3676">
      <Part refID="28" designID="3676" materials="199">
        <Bone refID="28" transformation="1,0,0,0,1,0,0,0,1,-1.2000007629394531,5.1200003623962402,-0.39999848604202271">
        </Bone>
      </Part>
    </Brick>
    <Brick refID="28" designID="50746">
      <Part refID="29" designID="50746" materials="194">
        <Bone refID="29" transformation="0,0,1,0,0.99999994039535522,0,-1,0,0,-1.2000026702880859,6.4000005722045898,0.40000075101852417">
        </Bone>
      </Part>
    </Brick>
    <Brick refID="29" designID="50746">
      <Part refID="30" designID="50746" materials="194">
        <Bone refID="30" transformation="0,0,1,0,0.99999994039535522,0,-1,0,0,-1.2000026702880859,6.4000005722045898,-0.39999657869338989">
        </Bone>
      </Part>
    </Brick>
    <Brick refID="30" designID="50746">
      <Part refID="31" designID="50746" materials="194">
        <Bone refID="31" transformation="0,0,-1,0,0.99999994039535522,0,1,0,0,1.1999988555908203,6.4000005722045898,-0.39999943971633911">
        </Bone>
      </Part>
    </Brick>
    <Brick refID="31" designID="50746">
      <Part refID="32" designID="50746" materials="194">
        <Bone refID="32" transformation="0,0,-1,0,0.99999994039535522,0,1,0,0,1.1999988555908203,6.4000005722045898,0.39999788999557495">
        </Bone>
      </Part>
    </Brick>
    <Brick refID="32" designID="2555">
      <Part refID="33" designID="2555" materials="199">
        <Bone refID="33" transformation="0.26582133769989014,-0.30506101250648499,0.9144817590713501,-0.085150524973869324,-0.95233279466629028,-0.29293617606163025,0.96025437116622925,0,-0.27912637591362,0.3957977294921875,8.1485271453857422,1.3150742053985596">
        </Bone>
      </Part>
    </Brick>
    <Brick refID="33" designID="60897">
      <Part refID="34" designID="60897" materials="199">
        <Bone refID="34" transformation="-0.96025395393371582,0,0.2791278064250946,-0.085152320563793182,-0.95233261585235596,-0.29293620586395264,0.2658221423625946,-0.30506157875061035,0.9144817590713501,0.4230467677116394,8.4532737731933594,1.4088120460510254">
        </Bone>
      </Part>
    </Brick>
    <Brick refID="34" designID="4360">
      <Part refID="35" designID="4360" materials="26">
        <Bone refID="35" transformation="0.085150524973869324,0.95233285427093506,0.29293608665466309,-0.26582139730453491,0.30506092309951782,-0.91448169946670532,-0.96025431156158447,0,0.27912655472755432,0.92919921875,8.2136726379394531,3.1500809192657471">
        </Bone>
      </Part>
    </Brick>
    <Brick refID="35" designID="6141">
      <Part refID="36" designID="6141" materials="41">
        <Bone refID="36" transformation="0.96025443077087402,0,-0.27912658452987671,-0.26582139730453491,0.30506086349487305,-0.91448181867599487,0.08515060693025589,0.95233297348022461,0.29293599724769592,1.5737547874450684,8.6208009719848633,2.7486109733581543">
        </Bone>
      </Part>
    </Brick>
    <Brick refID="36" designID="6141">
      <Part refID="37" designID="6141" materials="40">
        <Bone refID="37" transformation="0.96025443077087402,0,-0.27912658452987671,-0.26582139730453491,0.30506086349487305,-0.91448181867599487,0.08515060693025589,0.95233297348022461,0.29293599724769592,1.0142605304718018,8.1160545349121094,3.4427144527435303">
        </Bone>
      </Part>
    </Brick>
  </Bricks>
  <RigidSystems>
    <RigidSystem>
      <Rigid refID="0" transformation="-0.27912634611129761,0,-0.96025437116622925,0,1,0,0.96025437116622925,0,-0.27912634611129761,0.11164665222167969,7.3600010871887207,1.184112548828125" boneRefs="0,1,3,4"/>
      <Rigid refID="1" transformation="1,0,0,0,1,0,0,0,1,-1.2000026702880859,0,0.40000152587890625" boneRefs="5,6,7,8,9,10,11,12,13,14,15,16,17,18,19,20,21,22,23,24,25,2,26,27,28,29,30,31,32"/>
      <Rigid refID="2" transformation="0.26582133769989014,-0.30506101250648499,0.9144817590713501,-0.085150524973869324,-0.95233279466629028,-0.29293617606163025,0.96025437116622925,0,-0.27912637591362,0.3957977294921875,8.1485271453857422,2.1150741577148437" boneRefs="33,34"/>
      <Rigid refID="3" transformation="0.085150524973869324,0.95233285427093506,0.29293608665466309,-0.26582139730453491,0.30506092309951782,-0.91448169946670532,-0.96025431156158447,0,0.27912655472755432,0.92919921875,8.2136726379394531,3.9500808715820313" boneRefs="35,36,37"/>
      <Joint type="hinge">
        <RigidRef rigidRef="1" a="0,-1,0" z="-1,0,0" t="1.2000011205673218,6.8300008773803711,0.40000304579734802"/>
        <RigidRef rigidRef="0" a="0,-1,0" z="0,0,1" t="0.39999198913574219,-0.53002315759658813,0"/>
      </Joint>
      <Joint type="hinge">
        <RigidRef rigidRef="2" a="0,0,1.0000001192092896" z="1.0000001192092896,0,0" t="0,0.56800001859664917,0.15999999642372131"/>
        <RigidRef rigidRef="0" a="0,0,1.0000001192092896" z="-0.95233297348022461,-0.30506101250648499,0" t="-0.79999929666519165,0.24760103225708008,0.17300143837928772"/>
      </Joint>
      <Joint type="hinge">
        <RigidRef rigidRef="3" a="1,0,0" z="0,0,0.99999994039535522" t="-0.32499998807907104,1,0"/>
        <RigidRef rigidRef="2" a="0,-1.0000001192092896,0" z="0,0,-0.99999994039535522" t="0.79999613761901855,-0.31999975442886353,0"/>
      </Joint>
    </RigidSystem>
  </RigidSystems>
  <GroupSystems>
    <GroupSystem>
    </GroupSystem>
  </GroupSystems>
</LXFML>
