<?xml version="1.0" encoding="UTF-8" standalone="no" ?>
<LXFML versionMajor="5" versionMinor="0">
  <Meta>
    <Application name="LEGO Universe" versionMajor="0" versionMinor="0"/>
    <Brand name="LEGOUniverse"/>
    <BrickSet version="330"/>
  </Meta>
  <Bricks>
    <Brick refID="0" designID="30055">
      <Part refID="0" designID="30055" materials="138">
        <Bone refID="0" transformation="0,0,1,0,0.99999994039535522,0,-1,0,0,2.7999997138977051,0.32234680652618408,-0.40000057220458984">
        </Bone>
      </Part>
    </Brick>
    <Brick refID="1" designID="3666">
      <Part refID="1" designID="3666" materials="1">
        <Bone refID="1" transformation="0,0,1,0,0.99999994039535522,0,-1,0,0,2.7999997138977051,0.0023466278798878193,-2">
        </Bone>
      </Part>
    </Brick>
    <Brick refID="2" designID="3008">
      <Part refID="2" designID="3008" materials="192">
        <Bone refID="2" transformation="-1,0,0,0,1,0,0,0,-1,2.7999997138977051,7.0423469543457031,-1.1999998092651367">
        </Bone>
      </Part>
    </Brick>
    <Brick refID="3" designID="87079">
      <Part refID="3" designID="87079" materials="1">
        <Bone refID="3" transformation="-1,0,0,0,1,0,0,0,-1,2.8000001907348633,8.0023460388183594,-2.0000009536743164">
        </Bone>
      </Part>
    </Brick>
    <Brick refID="4" designID="87079">
      <Part refID="4" designID="87079" materials="1">
        <Bone refID="4" transformation="-1,0,0,0,1,0,0,0,-1,-0.39999675750732422,8.0023460388183594,-2.0000009536743164">
        </Bone>
      </Part>
    </Brick>
    <Brick refID="5" designID="3008">
      <Part refID="5" designID="3008" materials="192">
        <Bone refID="5" transformation="-1,0,0,0,1,0,0,0,-1,2.8000001907348633,6.0823469161987305,-1.1999998092651367">
        </Bone>
      </Part>
    </Brick>
    <Brick refID="6" designID="3008">
      <Part refID="6" designID="3008" materials="192">
        <Bone refID="6" transformation="-1,0,0,0,1,0,0,0,-1,2.8000001907348633,5.1223440170288086,-1.1999998092651367">
        </Bone>
      </Part>
    </Brick>
    <Brick refID="7" designID="3008">
      <Part refID="7" designID="3008" materials="21">
        <Bone refID="7" transformation="-1,0,0,0,1,0,0,0,-1,2.8000001907348633,7.0423469543457031,-2.0000009536743164">
        </Bone>
      </Part>
    </Brick>
    <Brick refID="8" designID="3004">
      <Part refID="8" designID="3004" materials="192,0,0,0" decoration="0,0,0">
        <Bone refID="8" transformation="-1,0,0,0,1,0,0,0,-1,2.8000001907348633,4.1623430252075195,-1.1999998092651367">
        </Bone>
      </Part>
    </Brick>
    <Brick refID="9" designID="3008">
      <Part refID="9" designID="3008" materials="21">
        <Bone refID="9" transformation="-1,0,0,0,1,0,0,0,-1,2.8000001907348633,6.0823469161987305,-2.0000009536743164">
        </Bone>
      </Part>
    </Brick>
    <Brick refID="10" designID="3004">
      <Part refID="10" designID="3004" materials="192,0,0,0" decoration="0,0,0">
        <Bone refID="10" transformation="-1,0,0,0,1,0,0,0,-1,-2.0000028610229492,4.1623430252075195,-1.1999998092651367">
        </Bone>
      </Part>
    </Brick>
    <Brick refID="11" designID="3004">
      <Part refID="11" designID="3004" materials="192,0,0,0" decoration="0,0,0">
        <Bone refID="11" transformation="-1,0,0,0,1,0,0,0,-1,2.8000001907348633,3.2023446559906006,-1.1999998092651367">
        </Bone>
      </Part>
    </Brick>
    <Brick refID="12" designID="3010">
      <Part refID="12" designID="3010" materials="21">
        <Bone refID="12" transformation="-1,0,0,0,1,0,0,0,-1,1.1999940872192383,5.1223440170288086,-2">
        </Bone>
      </Part>
    </Brick>
    <Brick refID="13" designID="3004">
      <Part refID="13" designID="3004" materials="192,0,0,0" decoration="0,0,0">
        <Bone refID="13" transformation="-1,0,0,0,1,0,0,0,-1,-2.0000028610229492,3.2023446559906006,-1.1999998092651367">
        </Bone>
      </Part>
    </Brick>
    <Brick refID="14" designID="3004">
      <Part refID="14" designID="3004" materials="192,0,0,0" decoration="0,0,0">
        <Bone refID="14" transformation="-1,0,0,0,1,0,0,0,-1,2.8000001907348633,2.2423429489135742,-1.1999998092651367">
        </Bone>
      </Part>
    </Brick>
    <Brick refID="15" designID="3004">
      <Part refID="15" designID="3004" materials="192,0,0,0" decoration="0,0,0">
        <Bone refID="15" transformation="-1,0,0,0,1,0,0,0,-1,-2.0000028610229492,2.2423429489135742,-1.1999998092651367">
        </Bone>
      </Part>
    </Brick>
    <Brick refID="16" designID="2454">
      <Part refID="16" designID="2454" materials="21">
        <Bone refID="16" transformation="-1,0,0,0,1,0,0,0,-1,2.8000001907348633,1.2823429107666016,-2.0000009536743164">
        </Bone>
      </Part>
    </Brick>
    <Brick refID="17" designID="60594">
      <Part refID="17" designID="60594" materials="1">
        <Bone refID="17" transformation="-1,0,0,0,1,0,0,0,-1,1.1999940872192383,2.2423429489135742,-2">
        </Bone>
      </Part>
    </Brick>
    <Brick refID="18" designID="3008">
      <Part refID="18" designID="3008" materials="192">
        <Bone refID="18" transformation="-1,0,0,0,1,0,0,0,-1,2.8000001907348633,1.2823429107666016,-1.1999998092651367">
        </Bone>
      </Part>
    </Brick>
    <Brick refID="19" designID="2431">
      <Part refID="19" designID="2431" materials="194,0" decoration="0">
        <Bone refID="19" transformation="1,0,0,0,1,0,0,0,1,-1.200007438659668,2.2423429489135742,-1.1999998092651367">
        </Bone>
      </Part>
    </Brick>
    <Brick refID="20" designID="2454">
      <Part refID="20" designID="2454" materials="21">
        <Bone refID="20" transformation="-1,0,0,0,1,0,0,0,-1,-2.0000028610229492,1.2823429107666016,-2.0000009536743164">
        </Bone>
      </Part>
    </Brick>
    <Brick refID="21" designID="3008">
      <Part refID="21" designID="3008" materials="192">
        <Bone refID="21" transformation="-1,0,0,0,1,0,0,0,-1,2.8000001907348633,0.32234284281730652,-1.1999998092651367">
        </Bone>
      </Part>
    </Brick>
    <Brick refID="22" designID="32028">
      <Part refID="22" designID="32028" materials="194">
        <Bone refID="22" transformation="-1,0,0,0,1,0,0,0,-1,1.1999979019165039,1.9223427772521973,-2">
        </Bone>
      </Part>
    </Brick>
    <Brick refID="23" designID="3710">
      <Part refID="23" designID="3710" materials="21">
        <Bone refID="23" transformation="1,0,0,0,1,0,0,0,1,-1.1999998092651367,1.6023426055908203,-2.0000009536743164">
        </Bone>
      </Part>
    </Brick>
    <Brick refID="24" designID="32028">
      <Part refID="24" designID="32028" materials="194">
        <Bone refID="24" transformation="-1,0,0,0,1,0,0,0,-1,-0.40001201629638672,1.9223437309265137,-2.0000009536743164">
        </Bone>
      </Part>
    </Brick>
    <Brick refID="25" designID="3710">
      <Part refID="25" designID="3710" materials="21">
        <Bone refID="25" transformation="1,0,0,0,1,0,0,0,1,-1.1999998092651367,1.2823429107666016,-2.0000009536743164">
        </Bone>
      </Part>
    </Brick>
    <Brick refID="26" designID="3795">
      <Part refID="26" designID="3795" materials="1">
        <Bone refID="26" transformation="-1,0,0,0,1,0,0,0,-1,2.0000009536743164,0.002343151718378067,-2">
        </Bone>
      </Part>
    </Brick>
    <Brick refID="27" designID="3008">
      <Part refID="27" designID="3008" materials="21">
        <Bone refID="27" transformation="-1,0,0,0,1,0,0,0,-1,2.8000001907348633,0.32234284281730652,-2.0000009536743164">
        </Bone>
      </Part>
    </Brick>
    <Brick refID="28" designID="30055">
      <Part refID="28" designID="30055" materials="138">
        <Bone refID="28" transformation="0,0,1,0,0.99999994039535522,0,-1,0,0,-2.7999992370605469,0.32234680652618408,-0.40000057220458984">
        </Bone>
      </Part>
    </Brick>
    <Brick refID="29" designID="3666">
      <Part refID="29" designID="3666" materials="1">
        <Bone refID="29" transformation="0,0,1,0,0.99999994039535522,0,-1,0,0,-2.7999992370605469,0.0023466278798878193,-2">
        </Bone>
      </Part>
    </Brick>
    <Brick refID="30" designID="3854">
      <Part refID="30" designID="3854" materials="1">
        <Bone refID="30" transformation="-1,0,0,0,1,0,0,0,-1,1.2999920845031738,2.5623364448547363,-2.2100028991699219">
        </Bone>
      </Part>
    </Brick>
    <Brick refID="31" designID="3854">
      <Part refID="31" designID="3854" materials="1">
        <Bone refID="31" transformation="1,0,0,0,1,0,0,0,1,-1.3100090026855469,2.5623364448547363,-2.2100028991699219">
        </Bone>
      </Part>
    </Brick>
    <Brick refID="32" designID="2489">
      <Part refID="32" designID="2489" materials="192">
        <Bone refID="32" transformation="0,0,1,0,0.99999994039535522,0,-1,0,0,-2.0000038146972656,0.0023695006966590881,1.1999988555908203">
        </Bone>
      </Part>
    </Brick>
    <Brick refID="33" designID="4489">
      <Part refID="33" designID="4489" materials="26">
        <Bone refID="33" transformation="-0.70455026626586914,-0.0019555469043552876,-0.7096514105796814,0.24023634195327759,0.94029629230499268,-0.24110060930252075,0.66775405406951904,-0.34035155177116394,-0.66201621294021606,0.013374805450439453,1.8612834215164185,1.2000513076782227">
        </Bone>
      </Part>
    </Brick>
    <Brick refID="34" designID="4489">
      <Part refID="34" designID="4489" materials="26">
        <Bone refID="34" transformation="-0.70455026626586914,-0.0019555469043552876,-0.7096514105796814,0.24023634195327759,0.94029629230499268,-0.24110060930252075,0.66775405406951904,-0.34035155177116394,-0.66201621294021606,0.66544771194458008,1.8612834215164185,0.94533443450927734">
        </Bone>
      </Part>
    </Brick>
  </Bricks>
  <RigidSystems>
    <RigidSystem>
      <Rigid refID="0" transformation="0,0,1,0,0.99999994039535522,0,-1,0,0,2.7999997138977051,0.32234683632850647,-0.40000057220458984" boneRefs="0,1,2,3,4,5,6,7,8,9,10,11,12,13,14,15,16,17,18,19,20,21,22,23,24,25,26,27,28,29"/>
      <Rigid refID="1" transformation="-1,0,0,0,1,0,0,0,-1,1.2999920845031738,2.5623364448547363,-2.2100028991699219" boneRefs="30"/>
      <Rigid refID="2" transformation="1,0,0,0,1,0,0,0,1,-1.3100090026855469,2.5623364448547363,-2.2100028991699219" boneRefs="31"/>
      <Joint type="hinge">
        <RigidRef rigidRef="2" a="0,-1,0" z="-1,0,0" t="0,1.2000000476837158,0"/>
        <RigidRef rigidRef="0" a="0,-1,0" z="-1,0,0" t="-1.8099994659423828,3.4399862289428711,4.1100053787231445"/>
      </Joint>
      <Joint type="hinge">
        <RigidRef rigidRef="1" a="0,-1,0" z="-1,0,0" t="0,1.2000000476837158,0"/>
        <RigidRef rigidRef="0" a="0,-1,0" z="-1,0,0" t="-1.8099994659423828,3.4399862289428711,1.5000056028366089"/>
      </Joint>
    </RigidSystem>
    <RigidSystem>
      <Rigid refID="3" transformation="0,0,1,0,0.99999994039535522,0,-1,0,0,-2.0000038146972656,0.0023695267736911774,1.1999988555908203" boneRefs="32"/>
    </RigidSystem>
    <RigidSystem>
      <Rigid refID="4" transformation="-0.70455026626586914,-0.0019555469043552876,-0.7096514105796814,0.24023634195327759,0.94029629230499268,-0.24110060930252075,0.66775405406951904,-0.34035155177116394,-0.66201621294021606,0.013374805450439453,1.8612834215164185,1.2000513076782227" boneRefs="33"/>
    </RigidSystem>
    <RigidSystem>
      <Rigid refID="5" transformation="-0.70455026626586914,-0.0019555469043552876,-0.7096514105796814,0.24023634195327759,0.94029629230499268,-0.24110060930252075,0.66775405406951904,-0.34035155177116394,-0.66201621294021606,0.66544771194458008,1.8612834215164185,0.94533443450927734" boneRefs="34"/>
    </RigidSystem>
  </RigidSystems>
  <GroupSystems>
    <GroupSystem>
    </GroupSystem>
  </GroupSystems>
</LXFML>
