<?xml version="1.0" encoding="UTF-8" standalone="no" ?>
<LXFML versionMajor="5" versionMinor="0">
  <Meta>
    <Application name="LEGO Universe" versionMajor="0" versionMinor="0"/>
    <Brand name="LEGOUniverse"/>
    <BrickSet version="238"/>
  </Meta>
  <Bricks>
    <Brick refID="0" designID="2335">
      <Part refID="0" designID="2335" materials="194">
        <Bone refID="0" transformation="-0.95105654001235962,0.30901706218719482,0,0,0,1.0000001192092896,0.30901706218719482,0.95105659961700439,0,-0.40000009536743164,1.2079999446868896,-0.76999855041503906">
        </Bone>
      </Part>
    </Brick>
    <Brick refID="1" designID="3069">
      <Part refID="1" designID="3069" materials="1,0" decoration="0">
        <Bone refID="1" transformation="0,0,1,0,0.99999994039535522,0,-1,0,0,0.40000009536743164,1.2799999713897705,-0.4002227783203125">
        </Bone>
      </Part>
    </Brick>
    <Brick refID="2" designID="2540">
      <Part refID="2" designID="2540" materials="1">
        <Bone refID="2" transformation="0,0,1,0,0.99999994039535522,0,-1,0,0,0.40000009536743164,0.96000003814697266,-0.39999961853027344">
        </Bone>
      </Part>
    </Brick>
    <Brick refID="3" designID="3023">
      <Part refID="3" designID="3023" materials="1">
        <Bone refID="3" transformation="0,0,1,0,0.99999994039535522,0,-1,0,0,0.40000009536743164,0.64000004529953003,-0.39999961853027344">
        </Bone>
      </Part>
    </Brick>
    <Brick refID="4" designID="2540">
      <Part refID="4" designID="2540" materials="1">
        <Bone refID="4" transformation="0,0,1,0,0.99999994039535522,0,-1,0,0,0.40000009536743164,0.32000002264976501,-0.39999961853027344">
        </Bone>
      </Part>
    </Brick>
    <Brick refID="5" designID="3021">
      <Part refID="5" designID="3021" materials="199">
        <Bone refID="5" transformation="-1,0,0,0,1,0,0,0,-1,2,0,-0.39999961853027344">
        </Bone>
      </Part>
    </Brick>
    <Brick refID="6" designID="3069">
      <Part refID="6" designID="3069" materials="194,0" decoration="0">
        <Bone refID="6" transformation="1,0,0,0,1,0,0,0,1,1.1997771263122559,0.96000003814697266,0.39999961853027344">
        </Bone>
      </Part>
    </Brick>
    <Brick refID="7" designID="3023">
      <Part refID="7" designID="3023" materials="1">
        <Bone refID="7" transformation="-1,0,0,0,1,0,0,0,-1,2.0000002384185791,0.64000004529953003,0.39999961853027344">
        </Bone>
      </Part>
    </Brick>
    <Brick refID="8" designID="3023">
      <Part refID="8" designID="3023" materials="1">
        <Bone refID="8" transformation="-1,0,0,0,1,0,0,0,-1,2.0000002384185791,0.32000002264976501,0.39999961853027344">
        </Bone>
      </Part>
    </Brick>
    <Brick refID="9" designID="3937">
      <Part refID="9" designID="3937" materials="1">
        <Bone refID="9" transformation="-1,0,0,0,1,0,0,0,-1,2.0000004768371582,0.32000002264976501,-0.39999961853027344">
        </Bone>
      </Part>
    </Brick>
    <Brick refID="10" designID="2335">
      <Part refID="10" designID="2335" materials="194">
        <Bone refID="10" transformation="-0.95105654001235962,0.30901706218719482,0,0,0,1.0000001192092896,0.30901706218719482,0.95105659961700439,0,-0.40000009536743164,0.56800007820129395,-0.76999855041503906">
        </Bone>
      </Part>
    </Brick>
    <Brick refID="11" designID="3068">
      <Part refID="11" designID="3068" materials="1,0" decoration="0">
        <Bone refID="11" transformation="1,0,0,0,0.95105654001235962,-0.30901691317558289,0,0.30901691317558289,0.95105654001235962,1.2000002861022949,1.5076363086700439,0.23723793029785156">
        </Bone>
      </Part>
    </Brick>
    <Brick refID="12" designID="3938">
      <Part refID="12" designID="3938" materials="1">
        <Bone refID="12" transformation="1,0,0,0,0.95105654001235962,-0.30901691317558289,0,0.30901691317558289,0.95105654001235962,1.2000002861022949,0.87999904155731201,-0.40000152587890625">
        </Bone>
      </Part>
    </Brick>
  </Bricks>
  <RigidSystems>
    <RigidSystem>
      <Rigid refID="0" transformation="-0.95105654001235962,0.30901706218719482,0,0,0,1.0000001192092896,0.30901706218719482,0.95105659961700439,0,-2.8000001907348633,1.2079999446868896,16.830001831054687" boneRefs="0"/>
      <Rigid refID="1" transformation="0,0,1,0,0.99999994039535522,0,-1,0,0,-2,1.2799999713897705,17.199777603149414" boneRefs="1,2,3,4,5,6,7,8,9"/>
      <Rigid refID="2" transformation="-0.95105654001235962,0.30901706218719482,0,0,0,1.0000001192092896,0.30901706218719482,0.95105659961700439,0,-2.8000001907348633,0.56800001859664917,16.830001831054687" boneRefs="10"/>
      <Rigid refID="3" transformation="1,0,0,0,0.95105654001235962,-0.30901691317558289,0,0.30901691317558289,0.95105654001235962,-1.1999998092651367,1.5076363086700439,17.837238311767578" boneRefs="11,12"/>
      <Joint type="hinge">
        <RigidRef rigidRef="1" a="-1,0,0" z="0,0,-1" t="-0.39977678656578064,-0.07199995219707489,0.79999995231628418"/>
        <RigidRef rigidRef="0" a="0,-1,0" z="-0.95105659961700439,0,0.30901700258255005" t="0,-0.030000275000929832,0"/>
      </Joint>
      <Joint type="hinge">
        <RigidRef rigidRef="2" a="0,1,0" z="0,0,1" t="0,0.31999999284744263,0"/>
        <RigidRef rigidRef="1" a="1,0,0" z="0,0.95105648040771484,-0.30901700258255005" t="-0.049775868654251099,-0.71199989318847656,0.80000007152557373"/>
      </Joint>
      <Joint type="hinge">
        <RigidRef rigidRef="3" a="1,0,0" z="0,1,0" t="0.40000000596046448,-0.40000090003013611,-0.80000108480453491"/>
        <RigidRef rigidRef="1" a="0,0,-1" z="0,1,0" t="0.00022322974109556526,-0.39999997615814209,-1.2000002861022949"/>
      </Joint>
    </RigidSystem>
  </RigidSystems>
  <GroupSystems>
    <GroupSystem>
    </GroupSystem>
  </GroupSystems>
</LXFML>
