<?xml version="1.0" encoding="UTF-8" standalone="no" ?>
<LXFML versionMajor="5" versionMinor="0">
  <Meta>
    <Application name="LEGO Universe" versionMajor="0" versionMinor="0"/>
    <Brand name="LEGOUniverse"/>
    <BrickSet version="238"/>
  </Meta>
  <Bricks>
    <Brick refID="0" designID="3069">
      <Part refID="0" designID="3069" materials="154,0" decoration="0">
        <Bone refID="0" transformation="0.99675267934799194,0.080523043870925903,0,0,0,1,0.080523043870925903,-0.99675273895263672,0,-1.5771362781524658,17.166351318359375,0">
        </Bone>
      </Part>
    </Brick>
    <Brick refID="1" designID="87087">
      <Part refID="1" designID="87087" materials="154">
        <Bone refID="1" transformation="0.99675256013870239,0.080525368452072144,0,-0.080525368452072144,0.99675256013870239,0,0,0,1,-0.73441618680953979,16.672605514526367,-0.40000081062316895">
        </Bone>
      </Part>
    </Brick>
    <Brick refID="2" designID="3068">
      <Part refID="2" designID="3068" materials="154,0" decoration="0">
        <Bone refID="2" transformation="0.99675256013870239,0.080525368452072144,0,-0.080525368452072144,0.99675256013870239,0,0,0,1,-1.6091225147247314,17.565067291259766,-0.40000271797180176">
        </Bone>
      </Part>
    </Brick>
    <Brick refID="3" designID="87087">
      <Part refID="3" designID="87087" materials="154">
        <Bone refID="3" transformation="0,0,1,-0.080523043870925903,0.99675267934799194,0,-0.99675273895263672,-0.080523043870925903,0,-1.5318214893341064,16.608186721801758,-0.40000271797180176">
        </Bone>
      </Part>
    </Brick>
    <Brick refID="4" designID="3069">
      <Part refID="4" designID="3069" materials="154,0" decoration="0">
        <Bone refID="4" transformation="0,0,1.0000001192092896,-0.99675279855728149,-0.080522894859313965,0,0.080523006618022919,-0.99675279855728149,0,-1.9756119251251221,17.134160995483398,-1.2002270221710205">
        </Bone>
      </Part>
    </Brick>
    <Brick refID="5" designID="87087">
      <Part refID="5" designID="87087" materials="154">
        <Bone refID="5" transformation="-0.99675273895263672,-0.0805230513215065,0,-0.0805230513215065,0.99675285816192627,0,0,0,-1,-1.5318176746368408,16.608186721801758,-1.2000057697296143">
        </Bone>
      </Part>
    </Brick>
    <Brick refID="6" designID="3069">
      <Part refID="6" designID="3069" materials="154,0" decoration="0">
        <Bone refID="6" transformation="0,0,-1.0000001192092896,0.99675279855728149,0.080523267388343811,0,0.080523163080215454,-0.99675279855728149,0,-0.38080900907516479,17.262996673583984,-0.39977574348449707">
        </Bone>
      </Part>
    </Brick>
    <Brick refID="7" designID="87087">
      <Part refID="7" designID="87087" materials="154">
        <Bone refID="7" transformation="0,0,-1,-0.080523043870925903,0.99675267934799194,0,0.99675273895263672,0.080523043870925903,0,-0.73441618680953979,16.672605514526367,-1.1999962329864502">
        </Bone>
      </Part>
    </Brick>
    <Brick refID="8" designID="3660">
      <Part refID="8" designID="3660" materials="154">
        <Bone refID="8" transformation="0,0,-1,-0.080523021519184113,0.99675279855728149,0,0.99675279855728149,0.080523021519184113,0,-1.4545204639434814,15.651303291320801,-0.40000081062316895">
        </Bone>
      </Part>
    </Brick>
    <Brick refID="9" designID="3938">
      <Part refID="9" designID="3938" materials="154">
        <Bone refID="9" transformation="0,0,1,-0.080523021519184113,0.99675279855728149,0,-0.99675279855728149,-0.080523021519184113,0,-1.4223089218139648,15.252602577209473,-1.200002908706665">
        </Bone>
      </Part>
    </Brick>
    <Brick refID="10" designID="3069">
      <Part refID="10" designID="3069" materials="154,0" decoration="0">
        <Bone refID="10" transformation="-0.99675244092941284,-0.080526836216449738,0,0,0,-1.0000001192092896,0.080526836216449738,-0.99675256013870239,0,-0.77928847074508667,17.230804443359375,-1.6000053882598877">
        </Bone>
      </Part>
    </Brick>
    <Brick refID="11" designID="60470">
      <Part refID="11" designID="60470" materials="192">
        <Bone refID="11" transformation="1,0,0,0,1,0,0,0,1,-3.5999939441680908,8.9600019454956055,1.1999995708465576">
        </Bone>
      </Part>
    </Brick>
    <Brick refID="12" designID="3937">
      <Part refID="12" designID="3937" materials="154">
        <Bone refID="12" transformation="0,0,-1,-0.80022948980331421,0.59969395399093628,0,0.5996938943862915,0.80022948980331421,0,-0.97418493032455444,14.916775703430176,-0.40000307559967041">
        </Bone>
      </Part>
    </Brick>
    <Brick refID="13" designID="3030">
      <Part refID="13" designID="3030" materials="1">
        <Bone refID="13" transformation="-0.5996938943862915,-0.80022948980331421,0,-0.80022948980331421,0.59969395399093628,0,0,0,-1,-0.23835200071334839,15.365058898925781,-1.2000018358230591">
        </Bone>
      </Part>
    </Brick>
    <Brick refID="14" designID="6044">
      <Part refID="14" designID="6044" materials="192">
        <Bone refID="14" transformation="-1,0,0,0,1,0,0,0,-1,-0.40122431516647339,13.440920829772949,1.1999974250793457">
        </Bone>
      </Part>
    </Brick>
    <Brick refID="15" designID="3009">
      <Part refID="15" designID="3009" materials="192">
        <Bone refID="15" transformation="1,0,0,0,1,0,0,0,1,-1.998769998550415,11.520920753479004,1.1999974250793457">
        </Bone>
      </Part>
    </Brick>
    <Brick refID="16" designID="3004">
      <Part refID="16" designID="3004" materials="192,0,0,0" decoration="0,0,0">
        <Bone refID="16" transformation="1,0,0,0,1,0,0,0,1,1.201227068901062,10.560921669006348,1.1999977827072144">
        </Bone>
      </Part>
    </Brick>
    <Brick refID="17" designID="3666">
      <Part refID="17" designID="3666" materials="192">
        <Bone refID="17" transformation="1,0,0,0,1,0,0,0,1,-1.9987740516662598,10.240922927856445,1.1999973058700562">
        </Bone>
      </Part>
    </Brick>
    <Brick refID="18" designID="3700">
      <Part refID="18" designID="3700" materials="192">
        <Bone refID="18" transformation="1,0,0,0,1,0,0,0,1,-0.39877539873123169,10.560921669006348,1.1999974250793457">
        </Bone>
      </Part>
    </Brick>
    <Brick refID="19" designID="3004">
      <Part refID="19" designID="3004" materials="192,0,0,0" decoration="0,0,0">
        <Bone refID="19" transformation="1,0,0,0,1,0,0,0,1,-1.9987702369689941,10.560921669006348,1.1999973058700562">
        </Bone>
      </Part>
    </Brick>
    <Brick refID="20" designID="3007">
      <Part refID="20" designID="3007" materials="192">
        <Bone refID="20" transformation="1,0,0,0,1,0,0,0,1,-2.8000016212463379,9.280003547668457,1.1999974250793457">
        </Bone>
      </Part>
    </Brick>
    <Brick refID="21" designID="4477">
      <Part refID="21" designID="4477" materials="192">
        <Bone refID="21" transformation="1,0,0,0,1,0,0,0,1,-3.5999929904937744,8.9600057601928711,0.39999651908874512">
        </Bone>
      </Part>
    </Brick>
    <Brick refID="22" designID="3034">
      <Part refID="22" designID="3034" materials="192">
        <Bone refID="22" transformation="-1,0,0,0,1,0,0,0,-1,2.8000049591064453,8.6400041580200195,0.39999815821647644">
        </Bone>
      </Part>
    </Brick>
    <Brick refID="23" designID="60470">
      <Part refID="23" designID="60470" materials="192">
        <Bone refID="23" transformation="1,0,0,0,1,0,0,0,1,-0.39999228715896606,8.9600038528442383,1.199999213218689">
        </Bone>
      </Part>
    </Brick>
    <Brick refID="24" designID="3023">
      <Part refID="24" designID="3023" materials="192">
        <Bone refID="24" transformation="1,0,0,0,1,0,0,0,1,1.2000062465667725,8.9600048065185547,1.1999993324279785">
        </Bone>
      </Part>
    </Brick>
    <Brick refID="25" designID="3023">
      <Part refID="25" designID="3023" materials="192">
        <Bone refID="25" transformation="1,0,0,0,1,0,0,0,1,-1.999990701675415,8.9600048065185547,1.1999999284744263">
        </Bone>
      </Part>
    </Brick>
    <Brick refID="26" designID="3034">
      <Part refID="26" designID="3034" materials="192">
        <Bone refID="26" transformation="-1,0,0,0,1,0,0,0,-1,2.8000047206878662,8.3200044631958008,0.39999812841415405">
        </Bone>
      </Part>
    </Brick>
    <Brick refID="27" designID="3001">
      <Part refID="27" designID="3001" materials="192">
        <Bone refID="27" transformation="0,0,1,0,1,0,-1,0,0,-0.39999216794967651,12.480005264282227,-1.1999984979629517">
        </Bone>
      </Part>
    </Brick>
    <Brick refID="28" designID="3009">
      <Part refID="28" designID="3009" materials="192">
        <Bone refID="28" transformation="1,0,0,0,1,0,0,0,1,-1.9987738132476807,11.520920753479004,-1.2000037431716919">
        </Bone>
      </Part>
    </Brick>
    <Brick refID="29" designID="6044">
      <Part refID="29" designID="6044" materials="192">
        <Bone refID="29" transformation="1,0,0,0,1,0,0,0,1,0.40122386813163757,13.440920829772949,-1.2000041007995605">
        </Bone>
      </Part>
    </Brick>
    <Brick refID="30" designID="3030">
      <Part refID="30" designID="3030" materials="1">
        <Bone refID="30" transformation="0.59969395399093628,-0.80022943019866943,0,0.80022943019866943,0.59969395399093628,0,0,0,1,0.23835158348083496,15.365056991577148,1.1999973058700562">
        </Bone>
      </Part>
    </Brick>
    <Brick refID="31" designID="6044">
      <Part refID="31" designID="6044" materials="192">
        <Bone refID="31" transformation="1,0,0,0,1,0,0,0,1,2.8000006675720215,10.240002632141113,-1.2000021934509277">
        </Bone>
      </Part>
    </Brick>
    <Brick refID="32" designID="2420">
      <Part refID="32" designID="2420" materials="192">
        <Bone refID="32" transformation="0,0,-1,0,0.99999994039535522,0,1,0,0,3.6000001430511475,8.9600038528442383,-0.40000301599502563">
        </Bone>
      </Part>
    </Brick>
    <Brick refID="33" designID="3003">
      <Part refID="33" designID="3003" materials="192,0,0" decoration="0,0">
        <Bone refID="33" transformation="1,0,0,0,1,0,0,0,1,3.5999999046325684,8.0000028610229492,-0.40000301599502563">
        </Bone>
      </Part>
    </Brick>
    <Brick refID="34" designID="3002">
      <Part refID="34" designID="3002" materials="192">
        <Bone refID="34" transformation="0,0,1,0,0.99999994039535522,0,-1,0,0,3.6000001430511475,7.0400018692016602,-1.2000038623809814">
        </Bone>
      </Part>
    </Brick>
    <Brick refID="35" designID="2357">
      <Part refID="35" designID="2357" materials="192">
        <Bone refID="35" transformation="0,0,-1,0,1,0,1,0,0,3.6000041961669922,8.0000038146972656,1.1999975442886353">
        </Bone>
      </Part>
    </Brick>
    <Brick refID="36" designID="3005">
      <Part refID="36" designID="3005" materials="192,0" decoration="0">
        <Bone refID="36" transformation="1,0,0,0,1,0,0,0,1,3.5999999046325684,7.0400018692016602,1.1999974250793457">
        </Bone>
      </Part>
    </Brick>
    <Brick refID="37" designID="2357">
      <Part refID="37" designID="2357" materials="192">
        <Bone refID="37" transformation="0,0,-1,0,1,0,1,0,0,3.6000001430511475,6.0800027847290039,1.1999973058700562">
        </Bone>
      </Part>
    </Brick>
    <Brick refID="38" designID="3005">
      <Part refID="38" designID="3005" materials="192,0" decoration="0">
        <Bone refID="38" transformation="1,0,0,0,1,0,0,0,1,3.6000006198883057,5.1200032234191895,1.1999979019165039">
        </Bone>
      </Part>
    </Brick>
    <Brick refID="39" designID="2454">
      <Part refID="39" designID="2454" materials="192">
        <Bone refID="39" transformation="0,0,-1,0,0.99999994039535522,0,1,0,0,3.6000006198883057,0.3199998140335083,1.1999974250793457">
        </Bone>
      </Part>
    </Brick>
    <Brick refID="40" designID="3020">
      <Part refID="40" designID="3020" materials="192">
        <Bone refID="40" transformation="0,0,1,0,0.99999994039535522,0,-1,0,0,3.5999996662139893,0,-1.2000018358230591">
        </Bone>
      </Part>
    </Brick>
    <Brick refID="41" designID="2454">
      <Part refID="41" designID="2454" materials="192">
        <Bone refID="41" transformation="0,0,-1,0,0.99999994039535522,0,1,0,0,3.6000003814697266,0.32000121474266052,-0.40000110864639282">
        </Bone>
      </Part>
    </Brick>
    <Brick refID="42" designID="3002">
      <Part refID="42" designID="3002" materials="192">
        <Bone refID="42" transformation="0,0,1,0,0.99999994039535522,0,-1,0,0,3.6000003814697266,5.1200008392333984,-1.2000037431716919">
        </Bone>
      </Part>
    </Brick>
    <Brick refID="43" designID="3003">
      <Part refID="43" designID="3003" materials="192,0,0" decoration="0,0">
        <Bone refID="43" transformation="1,0,0,0,1,0,0,0,1,3.6000039577484131,6.0800013542175293,-0.40000301599502563">
        </Bone>
      </Part>
    </Brick>
    <Brick refID="44" designID="3755">
      <Part refID="44" designID="3755" materials="192">
        <Bone refID="44" transformation="0,0,1,0,0.99999994039535522,0,-1,0,0,4.3999996185302734,0.31999999284744263,-1.2000041007995605">
        </Bone>
      </Part>
    </Brick>
    <Brick refID="45" designID="3062">
      <Part refID="45" designID="3062" materials="21">
        <Bone refID="45" transformation="-1,0,0,0,1,0,0,0,-1,4.3999991416931152,0.31999990344047546,1.1999974250793457">
        </Bone>
      </Part>
    </Brick>
    <Brick refID="46" designID="3062">
      <Part refID="46" designID="3062" materials="1">
        <Bone refID="46" transformation="-1,0,0,0,1,0,0,0,-1,4.4000000953674316,1.2799996137619019,1.1999977827072144">
        </Bone>
      </Part>
    </Brick>
    <Brick refID="47" designID="3062">
      <Part refID="47" designID="3062" materials="21">
        <Bone refID="47" transformation="-1,0,0,0,1,0,0,0,-1,4.3999996185302734,2.2400012016296387,1.1999973058700562">
        </Bone>
      </Part>
    </Brick>
    <Brick refID="48" designID="3062">
      <Part refID="48" designID="3062" materials="1">
        <Bone refID="48" transformation="-1,0,0,0,1,0,0,0,-1,4.4000000953674316,3.2000010013580322,1.1999974250793457">
        </Bone>
      </Part>
    </Brick>
    <Brick refID="49" designID="3062">
      <Part refID="49" designID="3062" materials="21">
        <Bone refID="49" transformation="-1,0,0,0,1,0,0,0,-1,4.3999996185302734,4.1600022315979004,1.1999979019165039">
        </Bone>
      </Part>
    </Brick>
    <Brick refID="50" designID="3062">
      <Part refID="50" designID="3062" materials="1">
        <Bone refID="50" transformation="-1,0,0,0,1,0,0,0,-1,4.4000000953674316,5.120002269744873,1.1999977827072144">
        </Bone>
      </Part>
    </Brick>
    <Brick refID="51" designID="3062">
      <Part refID="51" designID="3062" materials="21">
        <Bone refID="51" transformation="-1,0,0,0,1,0,0,0,-1,4.3999996185302734,6.0800023078918457,1.1999974250793457">
        </Bone>
      </Part>
    </Brick>
    <Brick refID="52" designID="3062">
      <Part refID="52" designID="3062" materials="1">
        <Bone refID="52" transformation="-1,0,0,0,1,0,0,0,-1,4.3999996185302734,7.0400028228759766,1.1999974250793457">
        </Bone>
      </Part>
    </Brick>
    <Brick refID="53" designID="3062">
      <Part refID="53" designID="3062" materials="21">
        <Bone refID="53" transformation="-1,0,0,0,1,0,0,0,-1,4.3999991416931152,8.0000019073486328,1.1999977827072144">
        </Bone>
      </Part>
    </Brick>
    <Brick refID="54" designID="3024">
      <Part refID="54" designID="3024" materials="192">
        <Bone refID="54" transformation="1,0,0,0,1,0,0,0,1,4.4000034332275391,8.9600019454956055,1.1999973058700562">
        </Bone>
      </Part>
    </Brick>
    <Brick refID="55" designID="6044">
      <Part refID="55" designID="6044" materials="192">
        <Bone refID="55" transformation="1,0,0,0,1,0,0,0,1,2.8000009059906006,10.240001678466797,1.1999973058700562">
        </Bone>
      </Part>
    </Brick>
    <Brick refID="56" designID="4150">
      <Part refID="56" designID="4150" materials="21,0" decoration="0">
        <Bone refID="56" transformation="0,0,-1,0.80022954940795898,0.59969395399093628,0,0.59969395399093628,-0.80022960901260376,0,1.9336907863616943,13.636408805847168,-0.40000087022781372">
        </Bone>
      </Part>
    </Brick>
    <Brick refID="57" designID="4150">
      <Part refID="57" designID="4150" materials="24,0" decoration="0">
        <Bone refID="57" transformation="0,0,-1,0.80022954940795898,0.59969395399093628,0,0.59969395399093628,-0.80022960901260376,0,0.97418004274368286,14.916775703430176,-0.40000087022781372">
        </Bone>
      </Part>
    </Brick>
    <Brick refID="58" designID="4150">
      <Part refID="58" designID="4150" materials="21,0" decoration="0">
        <Bone refID="58" transformation="0,0,-1,0.80022954940795898,0.59969395399093628,0,0.59969395399093628,-0.80022960901260376,0,4.8122196197509766,9.7953071594238281,-0.40000110864639282">
        </Bone>
      </Part>
    </Brick>
    <Brick refID="59" designID="4150">
      <Part refID="59" designID="4150" materials="24,0" decoration="0">
        <Bone refID="59" transformation="0,0,-1,0.80022954940795898,0.59969395399093628,0,0.59969395399093628,-0.80022960901260376,0,4.8122200965881348,9.7953071594238281,1.1999974250793457">
        </Bone>
      </Part>
    </Brick>
    <Brick refID="60" designID="4150">
      <Part refID="60" designID="4150" materials="106,0" decoration="0">
        <Bone refID="60" transformation="0,0,-1,0.80022954940795898,0.59969395399093628,0,0.59969395399093628,-0.80022960901260376,0,3.852712869644165,11.075674057006836,-0.40000110864639282">
        </Bone>
      </Part>
    </Brick>
    <Brick refID="61" designID="4150">
      <Part refID="61" designID="4150" materials="28,0" decoration="0">
        <Bone refID="61" transformation="0,0,-1,0.80022954940795898,0.59969395399093628,0,0.59969395399093628,-0.80022960901260376,0,2.8932015895843506,12.35604190826416,-0.40000110864639282">
        </Bone>
      </Part>
    </Brick>
    <Brick refID="62" designID="4150">
      <Part refID="62" designID="4150" materials="21,0" decoration="0">
        <Bone refID="62" transformation="0,0,-1,0.80022954940795898,0.59969395399093628,0,0.59969395399093628,-0.80022960901260376,0,3.8527126312255859,11.075674057006836,1.1999974250793457">
        </Bone>
      </Part>
    </Brick>
    <Brick refID="63" designID="4150">
      <Part refID="63" designID="4150" materials="28,0" decoration="0">
        <Bone refID="63" transformation="0,0,-1,0.80022948980331421,0.59969401359558105,0,0.59969395399093628,-0.80022948980331421,0,0.97418004274368286,14.916775703430176,1.1999973058700562">
        </Bone>
      </Part>
    </Brick>
    <Brick refID="64" designID="4150">
      <Part refID="64" designID="4150" materials="23,0" decoration="0">
        <Bone refID="64" transformation="0,0,-1,0.80022954940795898,0.59969395399093628,0,0.59969395399093628,-0.80022960901260376,0,2.8932015895843506,12.356040954589844,1.1999977827072144">
        </Bone>
      </Part>
    </Brick>
    <Brick refID="65" designID="6044">
      <Part refID="65" designID="6044" materials="192">
        <Bone refID="65" transformation="1,0,0,0,1,0,0,0,1,0.4012276828289032,13.440919876098633,1.1999974250793457">
        </Bone>
      </Part>
    </Brick>
    <Brick refID="66" designID="4150">
      <Part refID="66" designID="4150" materials="268,0" decoration="0">
        <Bone refID="66" transformation="0,0,-1,0.80022954940795898,0.59969395399093628,0,0.59969395399093628,-0.80022960901260376,0,1.9336910247802734,13.636408805847168,1.1999977827072144">
        </Bone>
      </Part>
    </Brick>
    <Brick refID="67" designID="3009">
      <Part refID="67" designID="3009" materials="192">
        <Bone refID="67" transformation="1,0,0,0,1,0,0,0,1,-1.9987778663635254,10.560920715332031,-1.2000041007995605">
        </Bone>
      </Part>
    </Brick>
    <Brick refID="68" designID="3666">
      <Part refID="68" designID="3666" materials="192">
        <Bone refID="68" transformation="1,0,0,0,1,0,0,0,1,-1.9987778663635254,10.240921020507812,-1.2000041007995605">
        </Bone>
      </Part>
    </Brick>
    <Brick refID="69" designID="3008">
      <Part refID="69" designID="3008" materials="192">
        <Bone refID="69" transformation="1,0,0,0,1,0,0,0,1,-2.7987773418426514,9.2809209823608398,-1.2000041007995605">
        </Bone>
      </Part>
    </Brick>
    <Brick refID="70" designID="3007">
      <Part refID="70" designID="3007" materials="192">
        <Bone refID="70" transformation="1,0,0,0,1,0,0,0,1,-2.7987768650054932,8.3209209442138672,-0.40000301599502563">
        </Bone>
      </Part>
    </Brick>
    <Brick refID="71" designID="6044">
      <Part refID="71" designID="6044" materials="192">
        <Bone refID="71" transformation="-1,0,0,0,1,0,0,0,-1,-0.40122443437576294,13.440920829772949,-1.2000018358230591">
        </Bone>
      </Part>
    </Brick>
    <Brick refID="72" designID="3069">
      <Part refID="72" designID="3069" materials="154,0" decoration="0">
        <Bone refID="72" transformation="0,0,1,-0.80022948980331421,0.59969395399093628,0,-0.59969401359558105,-0.80022954940795898,0,-0.49442881345748901,15.556961059570313,-1.2002249956130981">
        </Bone>
      </Part>
    </Brick>
    <Brick refID="73" designID="6044">
      <Part refID="73" designID="6044" materials="192">
        <Bone refID="73" transformation="-1,0,0,0,1,0,0,0,-1,-2.8000016212463379,10.240002632141113,-1.1999999284744263">
        </Bone>
      </Part>
    </Brick>
    <Brick refID="74" designID="2420">
      <Part refID="74" designID="2420" materials="192">
        <Bone refID="74" transformation="1,0,0,0,1,0,0,0,1,-4.4000034332275391,8.9600038528442383,-1.2000002861022949">
        </Bone>
      </Part>
    </Brick>
    <Brick refID="75" designID="3003">
      <Part refID="75" designID="3003" materials="192,0,0" decoration="0,0">
        <Bone refID="75" transformation="1,0,0,0,1,0,0,0,1,-4.4000034332275391,8.0000038146972656,-0.40000110864639282">
        </Bone>
      </Part>
    </Brick>
    <Brick refID="76" designID="3002">
      <Part refID="76" designID="3002" materials="192">
        <Bone refID="76" transformation="0,0,1,0,1,0,-1,0,0,-4.4000034332275391,7.0400042533874512,-1.2000020742416382">
        </Bone>
      </Part>
    </Brick>
    <Brick refID="77" designID="3003">
      <Part refID="77" designID="3003" materials="192,0,0" decoration="0,0">
        <Bone refID="77" transformation="1,0,0,0,1,0,0,0,1,-4.4000034332275391,6.0800023078918457,-0.40000110864639282">
        </Bone>
      </Part>
    </Brick>
    <Brick refID="78" designID="3002">
      <Part refID="78" designID="3002" materials="192">
        <Bone refID="78" transformation="0,0,1,0,1,0,-1,0,0,-4.4000034332275391,5.1200027465820312,-1.2000021934509277">
        </Bone>
      </Part>
    </Brick>
    <Brick refID="79" designID="2454">
      <Part refID="79" designID="2454" materials="192">
        <Bone refID="79" transformation="0,0,-1,0,1,0,1,0,0,-3.6000049114227295,0.32000216841697693,-0.40000110864639282">
        </Bone>
      </Part>
    </Brick>
    <Brick refID="80" designID="3020">
      <Part refID="80" designID="3020" materials="192">
        <Bone refID="80" transformation="0,0,1,0,0.99999994039535522,0,-1,0,0,-4.3999996185302734,0,-1.2000041007995605">
        </Bone>
      </Part>
    </Brick>
    <Brick refID="81" designID="2454">
      <Part refID="81" designID="2454" materials="192">
        <Bone refID="81" transformation="0,0,-1,0,1,0,1,0,0,-3.6000044345855713,0.32000181078910828,1.1999977827072144">
        </Bone>
      </Part>
    </Brick>
    <Brick refID="82" designID="3005">
      <Part refID="82" designID="3005" materials="192,0" decoration="0">
        <Bone refID="82" transformation="1,0,0,0,1,0,0,0,1,-3.6000044345855713,5.120002269744873,1.1999974250793457">
        </Bone>
      </Part>
    </Brick>
    <Brick refID="83" designID="2357">
      <Part refID="83" designID="2357" materials="192">
        <Bone refID="83" transformation="1,0,0,0,1,0,0,0,1,-4.4000034332275391,6.0800023078918457,0.39999815821647644">
        </Bone>
      </Part>
    </Brick>
    <Brick refID="84" designID="3005">
      <Part refID="84" designID="3005" materials="192,0" decoration="0">
        <Bone refID="84" transformation="1,0,0,0,1,0,0,0,1,-3.6000044345855713,7.0400042533874512,1.1999977827072144">
        </Bone>
      </Part>
    </Brick>
    <Brick refID="85" designID="2357">
      <Part refID="85" designID="2357" materials="192">
        <Bone refID="85" transformation="1,0,0,0,1,0,0,0,1,-4.3999996185302734,8.0000038146972656,0.39999812841415405">
        </Bone>
      </Part>
    </Brick>
    <Brick refID="86" designID="3062">
      <Part refID="86" designID="3062" materials="21">
        <Bone refID="86" transformation="-1,0,0,0,1,0,0,0,-1,-4.3999996185302734,0.32000184059143066,1.1999979019165039">
        </Bone>
      </Part>
    </Brick>
    <Brick refID="87" designID="3062">
      <Part refID="87" designID="3062" materials="1">
        <Bone refID="87" transformation="-1,0,0,0,1,0,0,0,-1,-4.4000039100646973,1.2800019979476929,1.1999977827072144">
        </Bone>
      </Part>
    </Brick>
    <Brick refID="88" designID="3062">
      <Part refID="88" designID="3062" materials="21">
        <Bone refID="88" transformation="-1,0,0,0,1,0,0,0,-1,-4.4000000953674316,2.2400012016296387,1.1999979019165039">
        </Bone>
      </Part>
    </Brick>
    <Brick refID="89" designID="3062">
      <Part refID="89" designID="3062" materials="1">
        <Bone refID="89" transformation="-1,0,0,0,1,0,0,0,-1,-4.3999996185302734,3.2000026702880859,1.1999979019165039">
        </Bone>
      </Part>
    </Brick>
    <Brick refID="90" designID="3062">
      <Part refID="90" designID="3062" materials="21">
        <Bone refID="90" transformation="-1,0,0,0,1,0,0,0,-1,-4.3999996185302734,4.160001277923584,1.1999977827072144">
        </Bone>
      </Part>
    </Brick>
    <Brick refID="91" designID="3062">
      <Part refID="91" designID="3062" materials="1">
        <Bone refID="91" transformation="-1,0,0,0,1,0,0,0,-1,-4.3999996185302734,5.1200032234191895,1.1999977827072144">
        </Bone>
      </Part>
    </Brick>
    <Brick refID="92" designID="3062">
      <Part refID="92" designID="3062" materials="21">
        <Bone refID="92" transformation="-1,0,0,0,1,0,0,0,-1,-4.3999996185302734,6.0800018310546875,1.1999979019165039">
        </Bone>
      </Part>
    </Brick>
    <Brick refID="93" designID="3062">
      <Part refID="93" designID="3062" materials="1">
        <Bone refID="93" transformation="-1,0,0,0,1,0,0,0,-1,-4.4000000953674316,7.040003776550293,1.1999979019165039">
        </Bone>
      </Part>
    </Brick>
    <Brick refID="94" designID="3062">
      <Part refID="94" designID="3062" materials="21">
        <Bone refID="94" transformation="-1,0,0,0,1,0,0,0,-1,-4.4000000953674316,8.0000028610229492,1.1999977827072144">
        </Bone>
      </Part>
    </Brick>
    <Brick refID="95" designID="3024">
      <Part refID="95" designID="3024" materials="192">
        <Bone refID="95" transformation="1,0,0,0,1,0,0,0,1,-4.3999958038330078,8.9600028991699219,1.1999977827072144">
        </Bone>
      </Part>
    </Brick>
    <Brick refID="96" designID="6044">
      <Part refID="96" designID="6044" materials="192">
        <Bone refID="96" transformation="-1,0,0,0,1,0,0,0,-1,-2.8000013828277588,10.240001678466797,1.1999977827072144">
        </Bone>
      </Part>
    </Brick>
    <Brick refID="97" designID="3755">
      <Part refID="97" designID="3755" materials="192">
        <Bone refID="97" transformation="0,0,1,0,1,0,-1,0,0,-4.4000039100646973,0.32000133395195007,-1.2000019550323486">
        </Bone>
      </Part>
    </Brick>
    <Brick refID="98" designID="4150">
      <Part refID="98" designID="4150" materials="106,0" decoration="0">
        <Bone refID="98" transformation="0,0,1,-0.80022948980331421,0.59969395399093628,0,-0.59969395399093628,-0.80022943019866943,0,-1.9336915016174316,13.636409759521484,-1.2000021934509277">
        </Bone>
      </Part>
    </Brick>
    <Brick refID="99" designID="4150">
      <Part refID="99" designID="4150" materials="24,0" decoration="0">
        <Bone refID="99" transformation="0,0,1,-0.80022948980331421,0.59969395399093628,0,-0.59969401359558105,-0.80022954940795898,0,-0.97418051958084106,14.916777610778809,0.39999836683273315">
        </Bone>
      </Part>
    </Brick>
    <Brick refID="100" designID="4150">
      <Part refID="100" designID="4150" materials="23,0" decoration="0">
        <Bone refID="100" transformation="0,0,1,-0.80022948980331421,0.59969395399093628,0,-0.59969395399093628,-0.80022943019866943,0,-1.9336915016174316,13.636409759521484,0.39999815821647644">
        </Bone>
      </Part>
    </Brick>
    <Brick refID="101" designID="4150">
      <Part refID="101" designID="4150" materials="24,0" decoration="0">
        <Bone refID="101" transformation="0,0,1,-0.80022948980331421,0.59969395399093628,0,-0.59969395399093628,-0.80022943019866943,0,-2.8932023048400879,12.35604190826416,-1.2000019550323486">
        </Bone>
      </Part>
    </Brick>
    <Brick refID="102" designID="4150">
      <Part refID="102" designID="4150" materials="268,0" decoration="0">
        <Bone refID="102" transformation="0,0,1,-0.80022948980331421,0.59969413280487061,0,-0.59969407320022583,-0.80022948980331421,0,-2.8932023048400879,12.35604190826416,0.39999812841415405">
        </Bone>
      </Part>
    </Brick>
    <Brick refID="103" designID="4150">
      <Part refID="103" designID="4150" materials="28,0" decoration="0">
        <Bone refID="103" transformation="0,0,1,-0.80022960901260376,0.59969401359558105,0,-0.59969395399093628,-0.80022960901260376,0,-3.852712869644165,11.075675010681152,0.39999818801879883">
        </Bone>
      </Part>
    </Brick>
    <Brick refID="104" designID="4150">
      <Part refID="104" designID="4150" materials="21,0" decoration="0">
        <Bone refID="104" transformation="0,0,1,-0.80022960901260376,0.59969401359558105,0,-0.59969395399093628,-0.80022960901260376,0,-3.852712869644165,11.075675010681152,-1.2000019550323486">
        </Bone>
      </Part>
    </Brick>
    <Brick refID="105" designID="4150">
      <Part refID="105" designID="4150" materials="106,0" decoration="0">
        <Bone refID="105" transformation="0,0,1,-0.80022948980331421,0.59969395399093628,0,-0.59969401359558105,-0.80022954940795898,0,-4.8122234344482422,9.7953062057495117,-1.2000020742416382">
        </Bone>
      </Part>
    </Brick>
    <Brick refID="106" designID="4150">
      <Part refID="106" designID="4150" materials="21,0" decoration="0">
        <Bone refID="106" transformation="0,0,1,-0.80022948980331421,0.59969395399093628,0,-0.59969401359558105,-0.80022954940795898,0,-4.8122234344482422,9.7953062057495117,0.39999815821647644">
        </Bone>
      </Part>
    </Brick>
    <Brick refID="107" designID="60470">
      <Part refID="107" designID="60470" materials="192">
        <Bone refID="107" transformation="1,0,0,0,1,0,0,0,1,2.8000037670135498,8.9600028991699219,1.1999996900558472">
        </Bone>
      </Part>
    </Brick>
    <Brick refID="108" designID="60470">
      <Part refID="108" designID="60470" materials="192">
        <Bone refID="108" transformation="0,0,1,0,0.99999994039535522,0,-1,0,0,-4.4000005722045898,8.9600009918212891,-0.40000247955322266">
        </Bone>
      </Part>
    </Brick>
    <Brick refID="109" designID="60470">
      <Part refID="109" designID="60470" materials="192">
        <Bone refID="109" transformation="0,0,-1,0,1,0,1,0,0,4.4000024795532227,8.9600009918212891,0.39999616146087646">
        </Bone>
      </Part>
    </Brick>
    <Brick refID="110" designID="4274">
      <Part refID="110" designID="4274" materials="192">
        <Bone refID="110" transformation="-1,0,0,0,1,0,0,0,-1,0.0012214779853820801,11.140915870666504,0.79999995231628418">
        </Bone>
      </Part>
    </Brick>
    <Brick refID="111" designID="42409">
      <Part refID="111" designID="42409" materials="1">
        <Bone refID="111" transformation="0.99999994039535522,0,0,0,0,1,0,-1,0,0.0012252926826477051,11.14091682434082,1.5999991893768311">
        </Bone>
      </Part>
    </Brick>
    <Brick refID="112" designID="30374">
      <Part refID="112" designID="30374" materials="1">
        <Bone refID="112" transformation="0,-1.0000001192092896,0,0,0,-1.0000001192092896,1.0000001192092896,0,0,1.6000068187713623,9.2080011367797852,1.9999988079071045">
        </Bone>
      </Part>
    </Brick>
    <Brick refID="113" designID="30374">
      <Part refID="113" designID="30374" materials="1">
        <Bone refID="113" transformation="0,-1.0000001192092896,0,0,0,-1.0000001192092896,1.0000001192092896,0,0,-1.5999977588653564,9.2080001831054687,1.9999988079071045">
        </Bone>
      </Part>
    </Brick>
    <Brick refID="114" designID="30374">
      <Part refID="114" designID="30374" materials="1">
        <Bone refID="114" transformation="0,-1.0000001192092896,0,0,0,-1.0000001192092896,1.0000001192092896,0,0,4.8000001907348633,9.2079982757568359,1.9999969005584717">
        </Bone>
      </Part>
    </Brick>
    <Brick refID="115" designID="30374">
      <Part refID="115" designID="30374" materials="1">
        <Bone refID="115" transformation="-1,0,0,0,1,0,0,0,-1,-5.1999998092651367,9.2080001831054687,-1.6000034809112549">
        </Bone>
      </Part>
    </Brick>
    <Brick refID="116" designID="30374">
      <Part refID="116" designID="30374" materials="1">
        <Bone refID="116" transformation="1,0,0,0,1,0,0,0,1,5.2000017166137695,9.2080011367797852,1.5999972820281982">
        </Bone>
      </Part>
    </Brick>
  </Bricks>
  <RigidSystems>
    <RigidSystem>
      <Rigid refID="0" transformation="0.99675267934799194,0.080523043870925903,0,0,0,1,0.080523043870925903,-0.99675273895263672,0,-2.37713623046875,17.166351318359375,0" boneRefs="0"/>
      <Rigid refID="1" transformation="0.99675256013870239,0.080525368452072144,0,-0.080525368452072144,0.99675256013870239,0,0,0,1,-1.5344161987304687,16.672605514526367,-0.40000081062316895" boneRefs="1"/>
      <Rigid refID="2" transformation="0.99675256013870239,0.080525368452072144,0,-0.080525368452072144,0.99675256013870239,0,0,0,1,-2.4091224670410156,17.565067291259766,-0.40000271797180176" boneRefs="2"/>
      <Rigid refID="3" transformation="0,0,1,-0.080523043870925903,0.99675267934799194,0,-0.99675273895263672,-0.080523043870925903,0,-2.3318214416503906,16.608186721801758,-0.40000271797180176" boneRefs="3"/>
      <Rigid refID="4" transformation="0,0,1.0000001192092896,-0.99675279855728149,-0.080522894859313965,0,0.080523006618022919,-0.99675279855728149,0,-2.7756118774414063,17.134160995483398,-1.2002270221710205" boneRefs="4"/>
      <Rigid refID="5" transformation="-0.99675273895263672,-0.0805230513215065,0,-0.0805230513215065,0.99675285816192627,0,0,0,-1,-2.331817626953125,16.608186721801758,-1.2000057697296143" boneRefs="5"/>
      <Rigid refID="6" transformation="0,0,-1.0000001192092896,0.99675279855728149,0.080523267388343811,0,0.080523163080215454,-0.99675279855728149,0,-1.1808090209960937,17.262996673583984,-0.39977574348449707" boneRefs="6"/>
      <Rigid refID="7" transformation="0,0,-1,-0.080523043870925903,0.99675267934799194,0,0.99675273895263672,0.080523043870925903,0,-1.5344161987304687,16.672605514526367,-1.1999962329864502" boneRefs="7"/>
      <Rigid refID="8" transformation="0,0,-1,-0.080523021519184113,0.99675279855728149,0,0.99675279855728149,0.080523021519184113,0,-2.2545204162597656,15.651302337646484,-0.40000081062316895" boneRefs="8,9"/>
      <Rigid refID="9" transformation="-0.99675244092941284,-0.080526836216449738,0,0,0,-1.0000001192092896,0.080526836216449738,-0.99675256013870239,0,-1.5792884826660156,17.230804443359375,-1.6000053882598877" boneRefs="10"/>
      <Rigid refID="10" transformation="1,0,0,0,1,0,0,0,1,-4.399993896484375,8.9600009918212891,1.1999995708465576" boneRefs="11,12,13,14,15,16,17,18,19,20,21,22,23,24,25,26,27,28,29,30,31,32,33,34,35,36,37,38,39,40,41,42,43,44,45,46,47,48,49,50,51,52,53,54,55,56,57,58,59,60,61,62,63,64,65,66,67,68,69,70,71,72,73,74,75,76,77,78,79,80,81,82,83,84,85,86,87,88,89,90,91,92,93,94,95,96,97,98,99,100,101,102,103,104,105,106,107,108,109"/>
      <Rigid refID="11" transformation="-1,0,0,0,1,0,0,0,-1,-0.79877853393554688,11.140914916992188,0.79999995231628418" boneRefs="110"/>
      <Rigid refID="12" transformation="0.99999994039535522,0,0,0,0,1,0,-1,0,-0.79877471923828125,11.140915870666504,1.5999991893768311" boneRefs="111"/>
      <Rigid refID="13" transformation="0,-1.0000001192092896,0,0,0,-1.0000001192092896,1.0000001192092896,0,0,0.80000686645507813,9.2080001831054687,1.9999988079071045" boneRefs="112"/>
      <Rigid refID="14" transformation="0,-1.0000001192092896,0,0,0,-1.0000001192092896,1.0000001192092896,0,0,-2.3999977111816406,9.2079992294311523,1.9999988079071045" boneRefs="113"/>
      <Rigid refID="15" transformation="0,-1.0000001192092896,0,0,0,-1.0000001192092896,1.0000001192092896,0,0,4,9.2079973220825195,1.9999969005584717" boneRefs="114"/>
      <Rigid refID="16" transformation="-1,0,0,0,1,0,0,0,-1,-6,9.2079992294311523,-1.6000034809112549" boneRefs="115"/>
      <Rigid refID="17" transformation="1,0,0,0,1,0,0,0,1,4.4000015258789062,9.2080001831054687,1.5999972820281982" boneRefs="116"/>
      <Joint type="hinge">
        <RigidRef rigidRef="1" a="0,0,1" z="0,-1,0" t="0,0.55999994277954102,0.39999997615814209"/>
        <RigidRef rigidRef="0" a="0,1,0" z="0,0,1" t="0.80022305250167847,0,0"/>
      </Joint>
      <Joint type="hinge">
        <RigidRef rigidRef="2" a="0,1,0" z="0,0,1" t="0.80000007152557373,0,0"/>
        <RigidRef rigidRef="1" a="0,1,0" z="0,0,1" t="0,0.95999997854232788,0"/>
      </Joint>
      <Joint type="hinge">
        <RigidRef rigidRef="8" a="0,1,0" z="0,0,1" t="0,0.95999997854232788,0.80000007152557373"/>
        <RigidRef rigidRef="1" a="0,1,0" z="0,0,1" t="0,0,0"/>
      </Joint>
      <Joint type="hinge">
        <RigidRef rigidRef="3" a="0,1,0" z="0,0,1" t="0,0.95999997854232788,0"/>
        <RigidRef rigidRef="2" a="0,1,0" z="0,0,1" t="0,0,0"/>
      </Joint>
      <Joint type="hinge">
        <RigidRef rigidRef="5" a="0,1,0" z="0,0,1" t="0,0.95999997854232788,0"/>
        <RigidRef rigidRef="2" a="0,1,0" z="0,0,1" t="0,0,-0.80000007152557373"/>
      </Joint>
      <Joint type="hinge">
        <RigidRef rigidRef="7" a="0,1,0" z="0,0,1" t="0,0.95999997854232788,0"/>
        <RigidRef rigidRef="2" a="0,1,0" z="0,0,1" t="0.80000007152557373,0,-0.80000007152557373"/>
      </Joint>
      <Joint type="hinge">
        <RigidRef rigidRef="8" a="0,1,0" z="0,0,1" t="0,0.95999997854232788,0"/>
        <RigidRef rigidRef="3" a="0,1,0" z="0,0,1" t="0,0,0"/>
      </Joint>
      <Joint type="hinge">
        <RigidRef rigidRef="4" a="0,1,0" z="0,0,1" t="0.80022305250167847,0,0"/>
        <RigidRef rigidRef="3" a="0,0,1" z="0,-1,0" t="0,0.55999994277954102,0.39999997615814209"/>
      </Joint>
      <Joint type="hinge">
        <RigidRef rigidRef="8" a="0,1,0" z="0,0,1" t="0.80000007152557373,0.95999997854232788,0"/>
        <RigidRef rigidRef="5" a="0,1,0" z="0,0,1" t="0,0,0"/>
      </Joint>
      <Joint type="hinge">
        <RigidRef rigidRef="9" a="0,1,0" z="0,0,1" t="0.80022305250167847,0,0"/>
        <RigidRef rigidRef="5" a="0,0,1" z="0,-1,0" t="0,0.55999994277954102,0.39999997615814209"/>
      </Joint>
      <Joint type="hinge">
        <RigidRef rigidRef="7" a="0,0,1" z="0,-1,0" t="0,0.55999994277954102,0.39999997615814209"/>
        <RigidRef rigidRef="6" a="0,1,0" z="0,0,1" t="0.80022305250167847,0,0"/>
      </Joint>
      <Joint type="hinge">
