<?xml version="1.0" encoding="UTF-8" standalone="no" ?>
<LXFML versionMajor="5" versionMinor="0">
  <Meta>
    <Application name="LEGO Universe" versionMajor="0" versionMinor="0"/>
    <Brand name="LEGOUniverse"/>
    <BrickSet version="434"/>
  </Meta>
  <Bricks>
    <Brick refID="0" designID="59228">
      <Part refID="0" designID="59228" materials="1">
        <Bone refID="0" transformation="0,0,1,0,0.99999994039535522,0,-1,0,0,0.39999771118164063,0.3200019896030426,-2.0000019073486328">
        </Bone>
      </Part>
    </Brick>
    <Brick refID="1" designID="2420">
      <Part refID="1" designID="2420" materials="192">
        <Bone refID="1" transformation="0,0,1,0,0.99999994039535522,0,-1,0,0,1.9999961853027344,0,-4.4000034332275391">
        </Bone>
      </Part>
    </Brick>
    <Brick refID="2" designID="3004">
      <Part refID="2" designID="3004" materials="192,0,0,0" decoration="0,0,0">
        <Bone refID="2" transformation="0,0,1,0,0.99999994039535522,0,-1,0,0,1.9999961853027344,0.32000014185905457,-4.4000034332275391">
        </Bone>
      </Part>
    </Brick>
    <Brick refID="3" designID="2454">
      <Part refID="3" designID="2454" materials="192">
        <Bone refID="3" transformation="0,0,-1,0,0.99999994039535522,0,1,0,0,1.9999961853027344,1.2799999713897705,-3.6000003814697266">
        </Bone>
      </Part>
    </Brick>
    <Brick refID="4" designID="3937">
      <Part refID="4" designID="3937" materials="192">
        <Bone refID="4" transformation="0,0,-1,0,0.99999994039535522,0,1,0,0,1.9999885559082031,6.0800037384033203,-3.6000041961669922">
        </Bone>
      </Part>
    </Brick>
    <Brick refID="5" designID="61406">
      <Part refID="5" designID="61406" materials="192,0" decoration="0">
        <Bone refID="5" transformation="0,0,-1,0.66937142610549927,0.74292802810668945,0,0.74292796850204468,-0.66937142610549927,0,2.2677555084228516,6.937169075012207,-3.6000022888183594">
        </Bone>
      </Part>
    </Brick>
    <Brick refID="6" designID="6134">
      <Part refID="6" designID="6134" materials="192">
        <Bone refID="6" transformation="0,0,1,0.66937142610549927,0.74292802810668945,0,-0.74292796850204468,0.66937142610549927,0,1.625152587890625,6.2239575386047363,-4.4000091552734375">
        </Bone>
      </Part>
    </Brick>
    <Brick refID="7" designID="3043">
      <Part refID="7" designID="3043" materials="26">
        <Bone refID="7" transformation="0.74292832612991333,-0.66937106847763062,0,0.66937106847763062,0.74292826652526855,0,0,0,1,1.8876113891601563,7.7104043960571289,-3.6000022888183594">
        </Bone>
      </Part>
    </Brick>
    <Brick refID="8" designID="4282">
      <Part refID="8" designID="4282" materials="192">
        <Bone refID="8" transformation="0,0,1,0.66937142610549927,0.74292802810668945,0,-0.74292796850204468,0.66937142610549927,0,1.079071044921875,8.0081653594970703,-6.0000095367431641">
        </Bone>
      </Part>
    </Brick>
    <Brick refID="9" designID="6134">
      <Part refID="9" designID="6134" materials="192">
        <Bone refID="9" transformation="0,0,1,0.66937142610549927,0.74292802810668945,0,-0.74292796850204468,0.66937142610549927,0,1.6251449584960937,6.2239575386047363,3.5999984741210937">
        </Bone>
      </Part>
    </Brick>
    <Brick refID="10" designID="61406">
      <Part refID="10" designID="61406" materials="192,0" decoration="0">
        <Bone refID="10" transformation="0,0,-1,0.66937142610549927,0.74292802810668945,0,0.74292796850204468,-0.66937142610549927,0,2.2677421569824219,6.9371719360351562,4.3999977111816406">
        </Bone>
      </Part>
    </Brick>
    <Brick refID="11" designID="3043">
      <Part refID="11" designID="3043" materials="26">
        <Bone refID="11" transformation="0.74292832612991333,-0.66937106847763062,0,0.66937106847763062,0.74292826652526855,0,0,0,1,1.8876113891601563,7.7104034423828125,4.3999900817871094">
        </Bone>
      </Part>
    </Brick>
    <Brick refID="12" designID="3043">
      <Part refID="12" designID="3043" materials="26">
        <Bone refID="12" transformation="0.74292820692062378,-0.66937112808227539,0,0.66937112808227539,0.74292820692062378,0,0,0,1,1.8876113891601563,7.7104058265686035,-5.2000045776367188">
        </Bone>
      </Part>
    </Brick>
    <Brick refID="13" designID="61406">
      <Part refID="13" designID="61406" materials="192,0" decoration="0">
        <Bone refID="13" transformation="0,0,-1.0000001192092896,0.66937142610549927,0.74292820692062378,0,0.742928147315979,-0.66937142610549927,0,2.2677536010742187,6.9371719360351562,-5.2000045776367188">
        </Bone>
      </Part>
    </Brick>
    <Brick refID="14" designID="3300">
      <Part refID="14" designID="3300" materials="192">
        <Bone refID="14" transformation="-0.74292796850204468,0.66937148571014404,0,0.66937142610549927,0.7429279088973999,0,0,0,-1,1.2932701110839844,8.2459011077880859,-6.0000095367431641">
        </Bone>
      </Part>
    </Brick>
    <Brick refID="15" designID="3043">
      <Part refID="15" designID="3043" materials="26">
        <Bone refID="15" transformation="0.74292820692062378,-0.66937112808227539,0,0.66937112808227539,0.74292820692062378,0,0,0,1,1.8876075744628906,7.7104048728942871,-2.0000019073486328">
        </Bone>
      </Part>
    </Brick>
    <Brick refID="16" designID="61406">
      <Part refID="16" designID="61406" materials="192,0" decoration="0">
        <Bone refID="16" transformation="0,0,-1.0000001192092896,0.66937142610549927,0.74292820692062378,0,0.742928147315979,-0.66937142610549927,0,2.2677497863769531,6.9371700286865234,-2.0000019073486328">
        </Bone>
      </Part>
    </Brick>
    <Brick refID="17" designID="3043">
      <Part refID="17" designID="3043" materials="26">
        <Bone refID="17" transformation="0.74292820692062378,-0.66937112808227539,0,0.66937112808227539,0.74292820692062378,0,0,0,1,1.8876094818115234,7.7104029655456543,-0.4000091552734375">
        </Bone>
      </Part>
    </Brick>
    <Brick refID="18" designID="61406">
      <Part refID="18" designID="61406" materials="192,0" decoration="0">
        <Bone refID="18" transformation="0,0,-1.0000001192092896,0.66937142610549927,0.74292820692062378,0,0.742928147315979,-0.66937142610549927,0,2.2677497863769531,6.9371705055236816,-0.40000534057617188">
        </Bone>
      </Part>
    </Brick>
    <Brick refID="19" designID="3043">
      <Part refID="19" designID="3043" materials="26">
        <Bone refID="19" transformation="0.74292820692062378,-0.66937112808227539,0,0.66937112808227539,0.74292820692062378,0,0,0,1,1.8876094818115234,7.7104048728942871,1.1999912261962891">
        </Bone>
      </Part>
    </Brick>
    <Brick refID="20" designID="61406">
      <Part refID="20" designID="61406" materials="192,0" decoration="0">
        <Bone refID="20" transformation="0,0,-1.0000001192092896,0.66937142610549927,0.74292820692062378,0,0.742928147315979,-0.66937142610549927,0,2.2677459716796875,6.9371709823608398,1.1999950408935547">
        </Bone>
      </Part>
    </Brick>
    <Brick refID="21" designID="3043">
      <Part refID="21" designID="3043" materials="26">
        <Bone refID="21" transformation="0.74292820692062378,-0.66937112808227539,0,0.66937112808227539,0.74292820692062378,0,0,0,1,1.8876113891601563,7.7104048728942871,6">
        </Bone>
      </Part>
    </Brick>
    <Brick refID="22" designID="61406">
      <Part refID="22" designID="61406" materials="192,0" decoration="0">
        <Bone refID="22" transformation="0,0,-1.0000001192092896,0.66937142610549927,0.74292820692062378,0,0.742928147315979,-0.66937142610549927,0,2.2677421569824219,6.9371709823608398,6.0000019073486328">
        </Bone>
      </Part>
    </Brick>
    <Brick refID="23" designID="3300">
      <Part refID="23" designID="3300" materials="192">
        <Bone refID="23" transformation="-0.74292796850204468,0.66937148571014404,0,0.66937142610549927,0.7429279088973999,0,0,0,-1,1.2932701110839844,8.2459011077880859,-4.4000110626220703">
        </Bone>
      </Part>
    </Brick>
    <Brick refID="24" designID="3300">
      <Part refID="24" designID="3300" materials="192">
        <Bone refID="24" transformation="-0.74292796850204468,0.66937148571014404,0,0.66937142610549927,0.7429279088973999,0,0,0,-1,1.2932701110839844,8.2459011077880859,0.39999198913574219">
        </Bone>
      </Part>
    </Brick>
    <Brick refID="25" designID="3300">
      <Part refID="25" designID="3300" materials="192">
        <Bone refID="25" transformation="-0.74292796850204468,0.66937148571014404,0,0.66937142610549927,0.7429279088973999,0,0,0,-1,1.2932701110839844,8.2459011077880859,-2.8000106811523438">
        </Bone>
      </Part>
    </Brick>
    <Brick refID="26" designID="3300">
      <Part refID="26" designID="3300" materials="192">
        <Bone refID="26" transformation="-0.74292796850204468,0.66937148571014404,0,0.66937142610549927,0.7429279088973999,0,0,0,-1,1.2932701110839844,8.2459011077880859,3.5999965667724609">
        </Bone>
      </Part>
    </Brick>
    <Brick refID="27" designID="3300">
      <Part refID="27" designID="3300" materials="192">
        <Bone refID="27" transformation="-0.74292796850204468,0.66937148571014404,0,0.66937142610549927,0.7429279088973999,0,0,0,-1,1.2932682037353516,8.2459020614624023,1.9999923706054687">
        </Bone>
      </Part>
    </Brick>
    <Brick refID="28" designID="3300">
      <Part refID="28" designID="3300" materials="192">
        <Bone refID="28" transformation="-0.74292796850204468,0.66937148571014404,0,0.66937142610549927,0.7429279088973999,0,0,0,-1,1.2932701110839844,8.2459011077880859,5.1999950408935547">
        </Bone>
      </Part>
    </Brick>
    <Brick refID="29" designID="3300">
      <Part refID="29" designID="3300" materials="192">
        <Bone refID="29" transformation="-0.74292796850204468,0.66937148571014404,0,0.66937142610549927,0.7429279088973999,0,0,0,-1,1.2932701110839844,8.2459011077880859,-1.2000102996826172">
        </Bone>
      </Part>
    </Brick>
    <Brick refID="30" designID="3023">
      <Part refID="30" designID="3023" materials="192">
        <Bone refID="30" transformation="0,0,1,0.66937142610549927,0.74292802810668945,0,-0.74292796850204468,0.66937142610549927,0,1.4592094421386719,7.2349309921264648,-0.40001106262207031">
        </Bone>
      </Part>
    </Brick>
    <Brick refID="31" designID="60470">
      <Part refID="31" designID="60470" materials="192">
        <Bone refID="31" transformation="0,0,1,0.66937142610549927,0.74292802810668945,0,-0.74292796850204468,0.66937142610549927,0,1.2450103759765625,6.997194766998291,-0.40001106262207031">
        </Bone>
      </Part>
    </Brick>
    <Brick refID="32" designID="3043">
      <Part refID="32" designID="3043" materials="26">
        <Bone refID="32" transformation="0.74292832612991333,-0.66937106847763062,0,0.66937106847763062,0.74292826652526855,0,0,0,1,1.8876113891601563,7.7104043960571289,2.7999935150146484">
        </Bone>
      </Part>
    </Brick>
    <Brick refID="33" designID="61406">
      <Part refID="33" designID="61406" materials="192,0" decoration="0">
        <Bone refID="33" transformation="0,0,-1.0000001192092896,0.66937142610549927,0.74292820692062378,0,0.742928147315979,-0.66937142610549927,0,2.2677459716796875,6.937171459197998,2.7999992370605469">
        </Bone>
      </Part>
    </Brick>
    <Brick refID="34" designID="48336">
      <Part refID="34" designID="48336" materials="192">
        <Bone refID="34" transformation="0,0,-1,0,1,0,1,0,0,0.016668319702148438,7.4689397811889648,0.41498947143554688">
        </Bone>
      </Part>
    </Brick>
    <Brick refID="35" designID="3049">
      <Part refID="35" designID="3049" materials="26">
        <Bone refID="35" transformation="0,0,1,0,0.99999994039535522,0,-1,0,0,-0.78333091735839844,9.0689401626586914,-5.9850101470947266">
        </Bone>
      </Part>
    </Brick>
    <Brick refID="36" designID="4282">
      <Part refID="36" designID="4282" materials="26">
        <Bone refID="36" transformation="0,0,-1,0,0.99999994039535522,0,1,0,0,0.016666412353515625,8.7489404678344727,6.0149898529052734">
        </Bone>
      </Part>
    </Brick>
    <Brick refID="37" designID="3041">
      <Part refID="37" designID="3041" materials="26">
        <Bone refID="37" transformation="0,0,1,0,1,0,-1,0,0,-0.78333282470703125,9.0689401626586914,-5.1850147247314453">
        </Bone>
      </Part>
    </Brick>
    <Brick refID="38" designID="3049">
      <Part refID="38" designID="3049" materials="26">
        <Bone refID="38" transformation="0,0,-1,0,0.99999994039535522,0,1,0,0,0.01666259765625,9.0689401626586914,6.0149898529052734">
        </Bone>
      </Part>
    </Brick>
    <Brick refID="39" designID="3043">
      <Part refID="39" designID="3043" materials="26">
        <Bone refID="39" transformation="0,0,1,0,1,0,-1,0,0,-0.78332901000976563,9.068939208984375,-1.9850139617919922">
        </Bone>
      </Part>
    </Brick>
    <Brick refID="40" designID="3006">
      <Part refID="40" designID="3006" materials="26">
        <Bone refID="40" transformation="0,0,-1,0,1,0,1,0,0,0.016666412353515625,7.7889399528503418,3.6149845123291016">
        </Bone>
      </Part>
    </Brick>
    <Brick refID="41" designID="48336">
      <Part refID="41" designID="48336" materials="192">
        <Bone refID="41" transformation="0,0,1,0,1,0,-1,0,0,-0.78333473205566406,7.468940258026123,-0.38501167297363281">
        </Bone>
      </Part>
    </Brick>
    <Brick refID="42" designID="61406">
      <Part refID="42" designID="61406" materials="192,0" decoration="0">
        <Bone refID="42" transformation="0,0,1,-0.66937142610549927,0.74292802810668945,0,-0.74292802810668945,-0.66937148571014404,0,-3.0344219207763672,6.9371705055236816,3.6299915313720703">
        </Bone>
      </Part>
    </Brick>
    <Brick refID="43" designID="6134">
      <Part refID="43" designID="6134" materials="192">
        <Bone refID="43" transformation="0,0,-1,-0.66937142610549927,0.74292802810668945,0,0.74292802810668945,0.66937148571014404,0,-2.3918209075927734,6.2239575386047363,4.4299831390380859">
        </Bone>
      </Part>
    </Brick>
    <Brick refID="44" designID="3043">
      <Part refID="44" designID="3043" materials="26">
        <Bone refID="44" transformation="-0.74292796850204468,-0.66937148571014404,0,-0.66937148571014404,0.74292796850204468,0,0,0,-1,-2.6542758941650391,7.7104039192199707,3.6299915313720703">
        </Bone>
      </Part>
    </Brick>
    <Brick refID="45" designID="4282">
      <Part refID="45" designID="4282" materials="192">
        <Bone refID="45" transformation="0,0,-1,-0.66937142610549927,0.74292802810668945,0,0.74292802810668945,0.66937148571014404,0,-1.8457317352294922,8.0081653594970703,6.0299911499023437">
        </Bone>
      </Part>
    </Brick>
    <Brick refID="46" designID="6134">
      <Part refID="46" designID="6134" materials="192">
        <Bone refID="46" transformation="0,0,-1,-0.66937142610549927,0.74292802810668945,0,0.74292802810668945,0.66937148571014404,0,-2.3918361663818359,6.2239584922790527,-3.5700283050537109">
        </Bone>
      </Part>
    </Brick>
    <Brick refID="47" designID="61406">
      <Part refID="47" designID="61406" materials="192,0" decoration="0">
        <Bone refID="47" transformation="0,0,1,-0.66937142610549927,0.74292802810668945,0,-0.74292802810668945,-0.66937148571014404,0,-3.0344333648681641,6.937169075012207,-4.3700294494628906">
        </Bone>
      </Part>
    </Brick>
    <Brick refID="48" designID="3043">
      <Part refID="48" designID="3043" materials="26">
        <Bone refID="48" transformation="-0.74292796850204468,-0.66937148571014404,0,-0.66937148571014404,0.74292796850204468,0,0,0,-1,-2.6542720794677734,7.7104063034057617,-4.3700218200683594">
        </Bone>
      </Part>
    </Brick>
    <Brick refID="49" designID="3043">
      <Part refID="49" designID="3043" materials="26">
        <Bone refID="49" transformation="-0.74292802810668945,-0.66937142610549927,0,-0.66937136650085449,0.74292796850204468,0,0,0,-1,-2.6542911529541016,7.7104034423828125,-5.9700107574462891">
        </Bone>
      </Part>
    </Brick>
    <Brick refID="50" designID="61406">
      <Part refID="50" designID="61406" materials="192,0" decoration="0">
        <Bone refID="50" transformation="0,0,1.0000001192092896,-0.66937142610549927,0.74292826652526855,0,-0.74292820692062378,-0.66937148571014404,0,-3.0344371795654297,6.9371685981750488,-5.9700107574462891">
        </Bone>
      </Part>
    </Brick>
    <Brick refID="51" designID="3300">
      <Part refID="51" designID="3300" materials="192">
        <Bone refID="51" transformation="0.74292832612991333,0.66937106847763062,0,-0.66937106847763062,0.74292832612991333,0,0,0,1,-2.0599308013916016,8.2459020614624023,-5.1700057983398437">
        </Bone>
      </Part>
    </Brick>
    <Brick refID="52" designID="3043">
      <Part refID="52" designID="3043" materials="26">
        <Bone refID="52" transformation="-0.74292802810668945,-0.66937142610549927,0,-0.66937136650085449,0.74292796850204468,0,0,0,-1,-2.6542739868164062,7.7104043960571289,-2.7700214385986328">
        </Bone>
      </Part>
    </Brick>
    <Brick refID="53" designID="61406">
      <Part refID="53" designID="61406" materials="192,0" decoration="0">
        <Bone refID="53" transformation="0,0,1.0000001192092896,-0.66937142610549927,0.74292826652526855,0,-0.74292820692062378,-0.66937148571014404,0,-3.0344333648681641,6.937169075012207,-2.7700233459472656">
        </Bone>
      </Part>
    </Brick>
    <Brick refID="54" designID="3043">
      <Part refID="54" designID="3043" materials="26">
        <Bone refID="54" transformation="-0.74292802810668945,-0.66937142610549927,0,-0.66937136650085449,0.74292796850204468,0,0,0,-1,-2.6542720794677734,7.7104063034057617,-1.1700172424316406">
        </Bone>
      </Part>
    </Brick>
    <Brick refID="55" designID="61406">
      <Part refID="55" designID="61406" materials="192,0" decoration="0">
        <Bone refID="55" transformation="0,0,1.0000001192092896,-0.66937142610549927,0.74292826652526855,0,-0.74292820692062378,-0.66937148571014404,0,-3.0344257354736328,6.9371695518493652,-1.1700210571289063">
        </Bone>
      </Part>
    </Brick>
    <Brick refID="56" designID="3043">
      <Part refID="56" designID="3043" materials="26">
        <Bone refID="56" transformation="-0.74292802810668945,-0.66937142610549927,0,-0.66937136650085449,0.74292796850204468,0,0,0,-1,-2.6542739868164062,7.7104048728942871,0.42999458312988281">
        </Bone>
      </Part>
    </Brick>
    <Brick refID="57" designID="61406">
      <Part refID="57" designID="61406" materials="192,0" decoration="0">
        <Bone refID="57" transformation="0,0,1.0000001192092896,-0.66937142610549927,0.74292826652526855,0,-0.74292820692062378,-0.66937148571014404,0,-3.0344257354736328,6.9371695518493652,0.42997932434082031">
        </Bone>
      </Part>
    </Brick>
    <Brick refID="58" designID="3043">
      <Part refID="58" designID="3043" materials="26">
        <Bone refID="58" transformation="-0.74292802810668945,-0.66937142610549927,0,-0.66937136650085449,0.74292796850204468,0,0,0,-1,-2.6542758941650391,7.7104029655456543,2.0299873352050781">
        </Bone>
      </Part>
    </Brick>
    <Brick refID="59" designID="61406">
      <Part refID="59" designID="61406" materials="192,0" decoration="0">
        <Bone refID="59" transformation="0,0,1.0000001192092896,-0.66937142610549927,0.74292826652526855,0,-0.74292820692062378,-0.66937148571014404,0,-3.0344219207763672,6.9371695518493652,2.0299911499023438">
        </Bone>
      </Part>
    </Brick>
    <Brick refID="60" designID="3043">
      <Part refID="60" designID="3043" materials="26">
        <Bone refID="60" transformation="-0.74292778968811035,-0.66937172412872314,0,-0.66937172412872314,0.74292796850204468,0,0,0,-1,-2.6542720794677734,7.7104043960571289,5.2299823760986328">
        </Bone>
      </Part>
    </Brick>
    <Brick refID="61" designID="61406">
      <Part refID="61" designID="61406" materials="192,0" decoration="0">
        <Bone refID="61" transformation="0,0,1,-0.66937130689620972,0.742928147315979,0,-0.742928147315979,-0.66937130689620972,0,-3.0344181060791016,6.937171459197998,5.2299861907958984">
        </Bone>
      </Part>
    </Brick>
    <Brick refID="62" designID="3300">
      <Part refID="62" designID="3300" materials="192">
        <Bone refID="62" transformation="0.74292832612991333,0.66937106847763062,0,-0.66937106847763062,0.74292832612991333,0,0,0,1,-2.0599308013916016,8.2459020614624023,-3.5700054168701172">
        </Bone>
      </Part>
    </Brick>
    <Brick refID="63" designID="3300">
      <Part refID="63" designID="3300" materials="192">
        <Bone refID="63" transformation="0.74292832612991333,0.66937106847763062,0,-0.66937106847763062,0.74292832612991333,0,0,0,1,-2.0599308013916016,8.2459020614624023,-1.9700050354003906">
        </Bone>
      </Part>
    </Brick>
    <Brick refID="64" designID="3300">
      <Part refID="64" designID="3300" materials="192">
        <Bone refID="64" transformation="0.74292832612991333,0.66937106847763062,0,-0.66937106847763062,0.74292832612991333,0,0,0,1,-2.0599308013916016,8.2459068298339844,1.2299957275390625">
        </Bone>
      </Part>
    </Brick>
    <Brick refID="65" designID="3300">
      <Part refID="65" designID="3300" materials="192">
        <Bone refID="65" transformation="0.74292832612991333,0.66937106847763062,0,-0.66937106847763062,0.74292832612991333,0,0,0,1,-2.0599308013916016,8.2459020614624023,6.0299911499023437">
        </Bone>
      </Part>
    </Brick>
    <Brick refID="66" designID="3300">
      <Part refID="66" designID="3300" materials="192">
        <Bone refID="66" transformation="0.74292832612991333,0.66937106847763062,0,-0.66937106847763062,0.74292832612991333,0,0,0,1,-2.0599308013916016,8.2459020614624023,2.8299942016601562">
        </Bone>
      </Part>
    </Brick>
    <Brick refID="67" designID="3300">
      <Part refID="67" designID="3300" materials="192">
        <Bone refID="67" transformation="0.74292832612991333,0.66937106847763062,0,-0.66937106847763062,0.74292832612991333,0,0,0,1,-2.0599308013916016,8.2459020614624023,-0.37000656127929688">
        </Bone>
      </Part>
    </Brick>
    <Brick refID="68" designID="3023">
      <Part refID="68" designID="3023" materials="192">
        <Bone refID="68" transformation="0,0,-1,-0.66937142610549927,0.74292802810668945,0,0.74292802810668945,0.66937148571014404,0,-2.2258815765380859,7.2349300384521484,0.42997550964355469">
        </Bone>
      </Part>
    </Brick>
    <Brick refID="69" designID="60470">
      <Part refID="69" designID="60470" materials="192">
        <Bone refID="69" transformation="0,0,-1,-0.66937142610549927,0.74292802810668945,0,0.74292802810668945,0.66937148571014404,0,-2.0116825103759766,6.9971928596496582,0.42997932434082031">
        </Bone>
      </Part>
    </Brick>
    <Brick refID="70" designID="3300">
      <Part refID="70" designID="3300" materials="192">
        <Bone refID="70" transformation="0.74292832612991333,0.66937106847763062,0,-0.66937106847763062,0.74292832612991333,0,0,0,1,-2.0599269866943359,8.2459001541137695,4.4299907684326172">
        </Bone>
      </Part>
    </Brick>
    <Brick refID="71" designID="3747">
      <Part refID="71" designID="3747" materials="26">
        <Bone refID="71" transformation="-1,0,0,0,1,0,0,0,-1,0.016664505004882813,7.7889404296875,-4.385009765625">
        </Bone>
      </Part>
    </Brick>
    <Brick refID="72" designID="3747">
      <Part refID="72" designID="3747" materials="26">
        <Bone refID="72" transformation="1,0,0,0,1,0,0,0,1,-0.78333473205566406,7.7889399528503418,4.4149875640869141">
        </Bone>
      </Part>
    </Brick>
    <Brick refID="73" designID="3041">
      <Part refID="73" designID="3041" materials="26">
        <Bone refID="73" transformation="0,0,1,0,1,0,-1,0,0,-0.78333091735839844,9.0689401626586914,-0.38501358032226563">
        </Bone>
      </Part>
    </Brick>
    <Brick refID="74" designID="3041">
      <Part refID="74" designID="3041" materials="26">
        <Bone refID="74" transformation="0,0,1,0,1,0,-1,0,0,-0.78333473205566406,9.0689401626586914,2.8149890899658203">
        </Bone>
      </Part>
    </Brick>
    <Brick refID="75" designID="3023">
      <Part refID="75" designID="3023" materials="192">
        <Bone refID="75" transformation="0,0,1,0,0.99999994039535522,0,-1,0,0,1.9999961853027344,0,3.5999984741210937">
        </Bone>
      </Part>
    </Brick>
    <Brick refID="76" designID="3004">
      <Part refID="76" designID="3004" materials="192,0,0,0" decoration="0,0,0">
        <Bone refID="76" transformation="0,0,1,0,0.99999994039535522,0,-1,0,0,1.9999961853027344,0.32000061869621277,3.5999984741210937">
        </Bone>
      </Part>
    </Brick>
    <Brick refID="77" designID="2454">
      <Part refID="77" designID="2454" materials="192">
        <Bone refID="77" transformation="0,0,-1,0,0.99999994039535522,0,1,0,0,1.9999961853027344,1.2800004482269287,4.3999996185302734">
        </Bone>
      </Part>
    </Brick>
    <Brick refID="78" designID="3937">
      <Part refID="78" designID="3937" materials="192">
        <Bone refID="78" transformation="0,0,-1,0,0.99999994039535522,0,1,0,0,1.9999961853027344,6.0800027847290039,4.3999996185302734">
        </Bone>
      </Part>
    </Brick>
    <Brick refID="79" designID="59228">
      <Part refID="79" designID="59228" materials="1">
        <Bone refID="79" transformation="0,0,1,0,0.99999994039535522,0,-1,0,0,-1.9666786193847656,0.32000461220741272,2.8299942016601562">
        </Bone>
      </Part>
    </Brick>
    <Brick refID="80" designID="2420">
      <Part refID="80" designID="2420" materials="192">
        <Bone refID="80" transformation="0,0,-1,0,0.99999994039535522,0,1,0,0,-2.7666778564453125,0,4.4299945831298828">
        </Bone>
      </Part>
    </Brick>
    <Brick refID="81" designID="3004">
      <Part refID="81" designID="3004" materials="192,0,0,0" decoration="0,0,0">
        <Bone refID="81" transformation="0,0,1,0,0.99999994039535522,0,-1,0,0,-2.7666778564453125,0.32000347971916199,3.6299934387207031">
        </Bone>
      </Part>
    </Brick>
    <Brick refID="82" designID="2454">
      <Part refID="82" designID="2454" materials="192">
        <Bone refID="82" transformation="0,0,-1,0,0.99999994039535522,0,1,0,0,-2.7666778564453125,1.2800033092498779,4.4299945831298828">
        </Bone>
      </Part>
    </Brick>
    <Brick refID="83" designID="3937">
      <Part refID="83" designID="3937" materials="192">
        <Bone refID="83" transformation="0,0,1,0,0.99999994039535522,0,-1,0,0,-2.7666778564453125,6.0800056457519531,3.6299953460693359">
        </Bone>
      </Part>
    </Brick>
    <Brick refID="84" designID="2454">
      <Part refID="84" designID="2454" materials="192">
        <Bone refID="84" transformation="0,0,-1,0,0.99999994039535522,0,1,0,0,-2.7666702270507813,1.2800033092498779,-3.5700092315673828">
        </Bone>
      </Part>
    </Brick>
    <Brick refID="85" designID="3004">
      <Part refID="85" designID="3004" materials="192,0,0,0" decoration="0,0,0">
        <Bone refID="85" transformation="0,0,1,0,0.99999994039535522,0,-1,0,0,-2.7666664123535156,0.32000342011451721,-4.3700046539306641">
        </Bone>
      </Part>
    </Brick>
    <Brick refID="86" designID="3023">
      <Part refID="86" designID="3023" materials="192">
        <Bone refID="86" transformation="0,0,1,0,0.99999994039535522,0,-1,0,0,-2.7666664123535156,0,-4.3700046539306641">
        </Bone>
      </Part>
    </Brick>
    <Brick refID="87" designID="3937">
      <Part refID="87" designID="3937" materials="192">
        <Bone refID="87" transformation="0,0,1,0,0.99999994039535522,0,-1,0,0,-2.7666740417480469,6.0800056457519531,-4.3700084686279297">
        </Bone>
      </Part>
    </Brick>
  </Bricks>
  <RigidSystems>
    <RigidSystem>
      <Rigid refID="0" transformation="0,0,1,0,0.99999994039535522,0,-1,0,0,29.199996948242188,0.32000195980072021,-28.400001525878906" boneRefs="0"/>
      <Rigid refID="1" transformation="0,0,1,0,0.99999994039535522,0,-1,0,0,30.799995422363281,0,-30.800003051757813" boneRefs="1,2,3,4"/>
      <Rigid refID="2" transformation="0,0,-1,0.66937142610549927,0.74292802810668945,0,0.74292796850204468,-0.66937142610549927,0,31.067754745483398,6.937169075012207,-30.000001907348633" boneRefs="5,6,7,8,9,10,11,12,13,14,15,16,17,18,19,20,21,22,23,24,25,26,27,28,29,30,31,32,33,34,35,36,37,38,39,40,41,42,43,44,45,46,47,48,49,50,51,52,53,54,55,56,57,58,59,60,61,62,63,64,65,66,67,68,69,70,71,72,73,74"/>
      <Rigid refID="3" transformation="0,0,1,0,0.99999994039535522,0,-1,0,0,30.799995422363281,0,-22.80000114440918" boneRefs="75,76,77,78"/>
      <Rigid refID="4" transformation="0,0,1,0,0.99999994039535522,0,-1,0,0,26.833320617675781,0.32000458240509033,-23.570005416870117" boneRefs="79"/>
      <Rigid refID="5" transformation="0,0,-1,0,0.99999994039535522,0,1,0,0,26.033321380615234,0,-21.970005035400391" boneRefs="80,81,82,83"/>
      <Rigid refID="6" transformation="0,0,-1,0,0.99999994039535522,0,1,0,0,26.033329010009766,1.2800033092498779,-29.970008850097656" boneRefs="84,85,86,87"/>
      <Joint type="hinge">
        <RigidRef rigidRef="0" a="0,1,0" z="0,0,1" t="-1.6000000238418579,0,-0.80000007152557373"/>
        <RigidRef rigidRef="1" a="0,1,0" z="0,0,1" t="0.80000007152557373,0.31999999284744263,0.80000007152557373"/>
      </Joint>
      <Joint type="hinge">
        <RigidRef rigidRef="1" a="1,0,0" z="0,1,0" t="0.39999976754188538,6.6400041580200195,0"/>
        <RigidRef rigidRef="2" a="-1,0,0" z="0,1,0" t="0.40000736713409424,-0.40000423789024353,0"/>
      </Joint>
      <Joint type="hinge">
        <RigidRef rigidRef="2" a="1,0,0" z="0,0.10388389229774475,-0.99458950757980347" t="0.3700258731842041,-3.5906858444213867,-3.5413076877593994"/>
        <RigidRef rigidRef="6" a="1,0,0" z="0,1,0" t="0.40000000596046448,5.3600025177001953,0"/>
      </Joint>
      <Joint type="hinge">
        <RigidRef rigidRef="2" a="1,0,0" z="0,0.10388389229774475,-0.99458950757980347" t="-7.6299853324890137,-3.5906765460968018,-3.5412964820861816"/>
        <RigidRef rigidRef="5" a="1,0,0" z="0,1,0" t="0.40000000596046448,6.6400060653686523,0"/>
      </Joint>
      <Joint type="hinge">
        <RigidRef rigidRef="2" a="-1,0,0" z="0,1,0" t="-7.6000003814697266,-0.40000972151756287,-1.0064087291539181E-005"/>
        <RigidRef rigidRef="3" a="1,0,0" z="0,1,0" t="0.40000167489051819,6.6400032043457031,0"/>
      </Joint>
      <Joint type="hinge">
        <RigidRef rigidRef="4" a="0,1,0" z="0,0,1" t="0.79999995231628418,0,0"/>
        <RigidRef rigidRef="5" a="0,1,0" z="0,0,1" t="0.80000007152557373,0.31999999284744263,0.80000007152557373"/>
      </Joint>
    </RigidSystem>
  </RigidSystems>
  <GroupSystems>
    <GroupSystem>
    </GroupSystem>
  </GroupSystems>
</LXFML>
