<?xml version="1.0" encoding="UTF-8" standalone="no" ?>
<LXFML versionMajor="5" versionMinor="0">
  <Meta>
    <Application name="LEGO Universe" versionMajor="0" versionMinor="0"/>
    <Brand name="LEGOUniverse"/>
    <BrickSet version="330"/>
  </Meta>
  <Bricks>
    <Brick refID="0" designID="6141">
      <Part refID="0" designID="6141" materials="26">
        <Bone refID="0" transformation="0,0,1.0000001192092896,1.0000001192092896,0,0,0,1.0000001192092896,0,0.32000160217285156,0.40000012516975403,-0.40000426769256592">
        </Bone>
      </Part>
    </Brick>
    <Brick refID="1" designID="3023">
      <Part refID="1" designID="3023" materials="21">
        <Bone refID="1" transformation="0,0,1.0000001192092896,1.0000001192092896,0,0,0,1.0000001192092896,0,0,0.40000012516975403,-1.2000054121017456">
        </Bone>
      </Part>
    </Brick>
    <Brick refID="2" designID="6141">
      <Part refID="2" designID="6141" materials="26">
        <Bone refID="2" transformation="0,0,1.0000001192092896,1.0000001192092896,0,0,0,1.0000001192092896,0,0.32000160217285156,0.40000009536743164,-1.2000054121017456">
        </Bone>
      </Part>
    </Brick>
    <Brick refID="3" designID="4274">
      <Part refID="3" designID="4274" materials="194">
        <Bone refID="3" transformation="0,0,1,0,0.99999994039535522,0,-1,0,0,-0.79999911785125732,0.40000012516975403,-0.80000197887420654">
        </Bone>
      </Part>
    </Brick>
    <Brick refID="4" designID="3023">
      <Part refID="4" designID="3023" materials="40">
        <Bone refID="4" transformation="-1,0,0,0,1,0,0,0,-1,-0.39999961853027344,1.4200021028518677,2.8000001907348633">
        </Bone>
      </Part>
    </Brick>
    <Brick refID="5" designID="3023">
      <Part refID="5" designID="3023" materials="40">
        <Bone refID="5" transformation="-1,0,0,0,1,0,0,0,-1,-0.39999961853027344,1.1000021696090698,2.8000001907348633">
        </Bone>
      </Part>
    </Brick>
    <Brick refID="6" designID="50746">
      <Part refID="6" designID="50746" materials="1">
        <Bone refID="6" transformation="1,0,0,0,1,0,0,0,1,-0.39999961853027344,1.7400020360946655,2.8000001907348633">
        </Bone>
      </Part>
    </Brick>
    <Brick refID="7" designID="50746">
      <Part refID="7" designID="50746" materials="1">
        <Bone refID="7" transformation="1,0,0,0,1,0,0,0,1,-1.1999987363815308,1.7400020360946655,2.8000001907348633">
        </Bone>
      </Part>
    </Brick>
    <Brick refID="8" designID="2817">
      <Part refID="8" designID="2817" materials="21">
        <Bone refID="8" transformation="0,0,-1,0,0.99999994039535522,0,1,0,0,-0.39999961853027344,0.78000003099441528,-0.40000069141387939">
        </Bone>
      </Part>
    </Brick>
    <Brick refID="9" designID="3023">
      <Part refID="9" designID="3023" materials="21">
        <Bone refID="9" transformation="0,0,-1,0,0.99999994039535522,0,1,0,0,-0.39999961853027344,0.78000003099441528,-0.40000069141387939">
        </Bone>
      </Part>
    </Brick>
    <Brick refID="10" designID="3022">
      <Part refID="10" designID="3022" materials="21">
        <Bone refID="10" transformation="-1,0,0,0,1,0,0,0,-1,-0.39999961853027344,1.1000000238418579,-1.2000075578689575">
        </Bone>
      </Part>
    </Brick>
    <Brick refID="11" designID="3794">
      <Part refID="11" designID="3794" materials="21">
        <Bone refID="11" transformation="0,0,-1,0,0.99999994039535522,0,1,0,0,-1.1999987363815308,1.4200001955032349,-0.40000450611114502">
        </Bone>
      </Part>
    </Brick>
    <Brick refID="12" designID="3794">
      <Part refID="12" designID="3794" materials="21">
        <Bone refID="12" transformation="0,0,-1,0,0.99999994039535522,0,1,0,0,-0.39999961853027344,1.4200001955032349,-0.40000450611114502">
        </Bone>
      </Part>
    </Brick>
    <Brick refID="13" designID="3666">
      <Part refID="13" designID="3666" materials="21">
        <Bone refID="13" transformation="0,0,-1,0,0.99999994039535522,0,1,0,0,-1.1999987363815308,0.78000205755233765,2.7999997138977051">
        </Bone>
      </Part>
    </Brick>
    <Brick refID="14" designID="2817">
      <Part refID="14" designID="2817" materials="21">
        <Bone refID="14" transformation="0,0,-1,0,0.99999994039535522,0,1,0,0,-0.39999961853027344,0.78000205755233765,2.8000001907348633">
        </Bone>
      </Part>
    </Brick>
    <Brick refID="15" designID="3023">
      <Part refID="15" designID="3023" materials="21">
        <Bone refID="15" transformation="0,0,-1,0,0.99999994039535522,0,1,0,0,-0.39999961853027344,0.78000205755233765,2.8000001907348633">
        </Bone>
      </Part>
    </Brick>
    <Brick refID="16" designID="4070">
      <Part refID="16" designID="4070" materials="21">
        <Bone refID="16" transformation="0,0,-1,0,0.99999994039535522,0,1,0,0,-0.39999961853027344,1.1000021696090698,2.0000009536743164">
        </Bone>
      </Part>
    </Brick>
    <Brick refID="17" designID="3070">
      <Part refID="17" designID="3070" materials="21,0" decoration="0">
        <Bone refID="17" transformation="0,0,1,1,0,0,0,1,0,-0.14813804626464844,1.6600023508071899,2.000004768371582">
        </Bone>
      </Part>
    </Brick>
    <Brick refID="18" designID="4070">
      <Part refID="18" designID="4070" materials="21">
        <Bone refID="18" transformation="0,0,1,0,0.99999994039535522,0,-1,0,0,-1.1999987363815308,1.1000021696090698,1.9999970197677612">
        </Bone>
      </Part>
    </Brick>
    <Brick refID="19" designID="3070">
      <Part refID="19" designID="3070" materials="21,0" decoration="0">
        <Bone refID="19" transformation="0,0,-1.0000001192092896,-1.0000001192092896,0,0,0,1.0000001192092896,0,-1.4518603086471558,1.6600023508071899,1.9999971389770508">
        </Bone>
      </Part>
    </Brick>
    <Brick refID="20" designID="3022">
      <Part refID="20" designID="3022" materials="21">
        <Bone refID="20" transformation="-1,0,0,0,1,0,0,0,-1,-0.39999961853027344,0.46000206470489502,0.39999878406524658">
        </Bone>
      </Part>
    </Brick>
    <Brick refID="21" designID="3069">
      <Part refID="21" designID="3069" materials="21,0" decoration="0">
        <Bone refID="21" transformation="0,0,-1,0,0.99999994039535522,0,1,0,0,-0.39999961853027344,0.78000205755233765,1.2002229690551758">
        </Bone>
      </Part>
    </Brick>
    <Brick refID="22" designID="3023">
      <Part refID="22" designID="3023" materials="1">
        <Bone refID="22" transformation="-1,0,0,0,1,0,0,0,-1,-0.39999961853027344,2.0600020885467529,2.0000009536743164">
        </Bone>
      </Part>
    </Brick>
    <Brick refID="23" designID="3069">
      <Part refID="23" designID="3069" materials="43,0" decoration="0">
        <Bone refID="23" transformation="-1,0,0,0,1,0,0,0,-1,-0.39977455139160156,2.3800020217895508,2.0000009536743164">
        </Bone>
      </Part>
    </Brick>
    <Brick refID="24" designID="3794">
      <Part refID="24" designID="3794" materials="21">
        <Bone refID="24" transformation="-1,0,0,0,1,0,0,0,-1,-0.39999961853027344,1.7400001287460327,-0.80000603199005127">
        </Bone>
      </Part>
    </Brick>
    <Brick refID="25" designID="4274">
      <Part refID="25" designID="4274" materials="194">
        <Bone refID="25" transformation="0,0,1,0,0.99999994039535522,0,-1,0,0,-0.79999911785125732,0.40000221133232117,2.399998664855957">
        </Bone>
      </Part>
    </Brick>
    <Brick refID="26" designID="6141">
      <Part refID="26" designID="6141" materials="26">
        <Bone refID="26" transformation="0,0,1.0000001192092896,1.0000001192092896,0,0,0,1.0000001192092896,0,0,0.40000221133232117,2.399998664855957">
        </Bone>
      </Part>
    </Brick>
    <Brick refID="27" designID="6141">
      <Part refID="27" designID="6141" materials="26">
        <Bone refID="27" transformation="0,0,-1.0000001192092896,-1.0000001192092896,0,0,0,1.0000001192092896,0,-1.5999983549118042,0.40000218152999878,2.399998664855957">
        </Bone>
      </Part>
    </Brick>
    <Brick refID="28" designID="4274">
      <Part refID="28" designID="4274" materials="194">
        <Bone refID="28" transformation="0,0,-1,0,0.99999994039535522,0,1,0,0,-0.79999721050262451,0.40000218152999878,2.399998664855957">
        </Bone>
      </Part>
    </Brick>
    <Brick refID="29" designID="4274">
      <Part refID="29" designID="4274" materials="194">
        <Bone refID="29" transformation="0,0,-1,0,0.99999994039535522,0,1,0,0,-0.79999721050262451,0.40000009536743164,-0.80000197887420654">
        </Bone>
      </Part>
    </Brick>
    <Brick refID="30" designID="3023">
      <Part refID="30" designID="3023" materials="21">
        <Bone refID="30" transformation="0,0,-1.0000001192092896,-1.0000001192092896,0,0,0,1.0000001192092896,0,-1.600000262260437,0.40000009536743164,-0.40000426769256592">
        </Bone>
      </Part>
    </Brick>
    <Brick refID="31" designID="6141">
      <Part refID="31" designID="6141" materials="26">
        <Bone refID="31" transformation="0,0,-1.0000001192092896,-1.0000001192092896,0,0,0,1.0000001192092896,0,-1.9199999570846558,0.40000009536743164,-0.40000426769256592">
        </Bone>
      </Part>
    </Brick>
    <Brick refID="32" designID="6141">
      <Part refID="32" designID="6141" materials="26">
        <Bone refID="32" transformation="0,0,-1.0000001192092896,-1.0000001192092896,0,0,0,1.0000001192092896,0,-1.9199999570846558,0.40000009536743164,-1.2000054121017456">
        </Bone>
      </Part>
    </Brick>
    <Brick refID="33" designID="87087">
      <Part refID="33" designID="87087" materials="21">
        <Bone refID="33" transformation="0,0,-1,0,0.99999994039535522,0,1,0,0,-1.1999987363815308,1.1000021696090698,0.40000247955322266">
        </Bone>
      </Part>
    </Brick>
    <Brick refID="34" designID="3068">
      <Part refID="34" designID="3068" materials="1,0" decoration="0">
        <Bone refID="34" transformation="-1,0,0,0,1,0,0,0,-1,-0.39999961853027344,2.0600020885467529,0.39999866485595703">
        </Bone>
      </Part>
    </Brick>
    <Brick refID="35" designID="87087">
      <Part refID="35" designID="87087" materials="21">
        <Bone refID="35" transformation="0,0,-1,0,0.99999994039535522,0,1,0,0,-1.1999987363815308,1.1000021696090698,1.2000017166137695">
        </Bone>
      </Part>
    </Brick>
    <Brick refID="36" designID="3023">
      <Part refID="36" designID="3023" materials="21">
        <Bone refID="36" transformation="0,0,1.0000001192092896,1.0000001192092896,0,0,0,1.0000001192092896,0,-0.79999721050262451,1.6600023508071899,0.40000247955322266">
        </Bone>
      </Part>
    </Brick>
    <Brick refID="37" designID="2555">
      <Part refID="37" designID="2555" materials="21">
        <Bone refID="37" transformation="0,-1,0,1,0,0,0,0,0.99999994039535522,-0.47999751567840576,1.6600023508071899,1.2000017166137695">
        </Bone>
      </Part>
    </Brick>
    <Brick refID="38" designID="2555">
      <Part refID="38" designID="2555" materials="21">
        <Bone refID="38" transformation="0,-1,0,1,0,0,0,0,0.99999994039535522,-0.47999751567840576,1.6600021123886108,0.40000247955322266">
        </Bone>
      </Part>
    </Brick>
    <Brick refID="39" designID="48336">
      <Part refID="39" designID="48336" materials="1">
        <Bone refID="39" transformation="-0.77466768026351929,0,-0.63236856460571289,0,1,0,0.63236856460571289,0,-0.77466768026351929,-0.49013125896453857,2.059999942779541,-0.54705321788787842">
        </Bone>
      </Part>
    </Brick>
    <Brick refID="40" designID="2555">
      <Part refID="40" designID="2555" materials="1">
        <Bone refID="40" transformation="-0.41818860173225403,0.75011706352233887,0.51229161024093628,-0.47435042262077332,-0.66130506992340088,0.58109140396118164,0.77466762065887451,0,0.63236862421035767,-0.075025558471679688,2.6836216449737549,-1.7909039258956909">
        </Bone>
      </Part>
    </Brick>
    <Brick refID="41" designID="3023">
      <Part refID="41" designID="3023" materials="1">
        <Bone refID="41" transformation="-0.41819000244140625,0.75011628866195679,0.51229161024093628,-0.47434964776039124,-0.66130596399307251,0.58109104633331299,0.77466738224029541,0,0.63236892223358154,0.076778411865234375,2.8952419757843018,-1.9768553972244263">
        </Bone>
      </Part>
    </Brick>
    <Brick refID="42" designID="2412">
      <Part refID="42" designID="2412" materials="1">
        <Bone refID="42" transformation="-0.41818884015083313,0.75011682510375977,0.51229178905487061,-0.47435042262077332,-0.66130536794662476,0.58109110593795776,0.77466756105422974,0,0.63236880302429199,-0.40957438945770264,3.2837154865264893,-1.381071925163269">
        </Bone>
      </Part>
    </Brick>
    <Brick refID="43" designID="60478">
      <Part refID="43" designID="60478" materials="1">
        <Bone refID="43" transformation="0.41818848252296448,-0.75011712312698364,-0.51229161024093628,-0.47435048222541809,-0.6613050103187561,0.58109152317047119,-0.77466768026351929,0,-0.63236856460571289,-0.92688548564910889,4.6955165863037109,-0.74735534191131592">
        </Bone>
      </Part>
    </Brick>
    <Brick refID="44" designID="3070">
      <Part refID="44" designID="3070" materials="1,0" decoration="0">
        <Bone refID="44" transformation="-0.77466857433319092,0,-0.63236743211746216,-0.47434899210929871,-0.66130530834197998,0.58109235763549805,-0.41818860173225403,0.75011688470840454,0.51229208707809448,-1.0786741971969604,4.4838981628417969,-0.56140768527984619">
        </Bone>
      </Part>
    </Brick>
    <Brick refID="45" designID="2555">
      <Part refID="45" designID="2555" materials="1">
        <Bone refID="45" transformation="0.54564017057418823,0.50545650720596313,-0.66842395067214966,0.31963485479354858,-0.86285209655761719,-0.39156073331832886,-0.77466791868209839,0,-0.63236826658248901,-1.5705126523971558,5.6219778060913086,0.020554542541503906">
        </Bone>
      </Part>
    </Brick>
    <Brick refID="46" designID="3023">
      <Part refID="46" designID="3023" materials="1">
        <Bone refID="46" transformation="0.54564088582992554,0.50544995069503784,-0.66842836141586304,0.31962710618972778,-0.86285591125488281,-0.39155870676040649,-0.77467066049575806,0,-0.63236486911773682,-1.6727923154830933,5.8980889320373535,0.14585196971893311">
        </Bone>
      </Part>
    </Brick>
    <Brick refID="47" designID="2412">
      <Part refID="47" designID="2412" materials="1">
        <Bone refID="47" transformation="0.54564052820205688,0.50545501708984375,-0.66842466592788696,0.31963348388671875,-0.86285299062728882,-0.39155995845794678,-0.77466815710067749,0,-0.63236796855926514,-1.133996844291687,6.0263466835021973,-0.51418960094451904">
        </Bone>
      </Part>
    </Brick>
    <Brick refID="48" designID="3070">
      <Part refID="48" designID="3070" materials="1,0" decoration="0">
        <Bone refID="48" transformation="0.77466779947280884,0,0.63236862421035767,0.31963452696800232,-0.86285245418548584,-0.39156028628349304,0.54564076662063599,0.50545591115951538,-0.66842389106750488,-0.26097679138183594,6.8350734710693359,-1.5836666822433472">
        </Bone>
      </Part>
    </Brick>
    <Brick refID="49" designID="60478">
      <Part refID="49" designID="60478" materials="1">
        <Bone refID="49" transformation="-0.54564064741134644,-0.50545626878738403,0.66842365264892578,0.31963503360748291,-0.86285221576690674,-0.39156031608581543,0.77466744184494019,0,0.63236868381500244,-0.3632580041885376,7.1111807823181152,-1.4583688974380493">
        </Bone>
      </Part>
    </Brick>
    <Brick refID="50" designID="42446">
      <Part refID="50" designID="42446" materials="1">
        <Bone refID="50" transformation="-0.77468013763427734,0,-0.63235330581665039,-0.023409236222505569,-0.99931472539901733,0.028672220185399055,-0.63191986083984375,0.037014707922935486,0.77414959669113159,0.8205108642578125,6.8619089126586914,-2.9290685653686523">
        </Bone>
      </Part>
    </Brick>
    <Brick refID="51" designID="3794">
      <Part refID="51" designID="3794" materials="1">
        <Bone refID="51" transformation="-0.77468305826187134,-3.5943845432484522E-005,-0.63234972953796387,-0.023385573178529739,-0.99931424856185913,0.028706155717372894,-0.63191711902618408,0.03702603280544281,0.77415132522583008,1.1378709077835083,7.1816911697387695,-2.6852931976318359">
        </Bone>
      </Part>
    </Brick>
    <Brick refID="52" designID="3023">
      <Part refID="52" designID="3023" materials="1">
        <Bone refID="52" transformation="-0.77468305826187134,-3.5943845432484522E-005,-0.63234972953796387,-0.023385573178529739,-0.99931424856185913,0.028706155717372894,-0.63191711902618408,0.03702603280544281,0.77415132522583008,1.145361065864563,7.501471996307373,-2.6944713592529297">
        </Bone>
      </Part>
    </Brick>
    <Brick refID="53" designID="2555">
      <Part refID="53" designID="2555" materials="1">
        <Bone refID="53" transformation="0.023409610614180565,0.99931466579437256,-0.02867732010781765,-0.63193506002426147,0.03701893612742424,0.77413684129714966,0.77466779947280884,0,0.63236856460571289,0.50127625465393066,7.2808847427368164,-2.5379848480224609">
        </Bone>
      </Part>
    </Brick>
  </Bricks>
  <RigidSystems>
    <RigidSystem>
      <Rigid refID="0" transformation="0,0,1.0000001192092896,1.0000001192092896,0,0,0,1.0000001192092896,0,-1.2799984216690063,0.40000003576278687,-2.0000042915344238" boneRefs="0,1,2"/>
      <Rigid refID="1" transformation="0,0,1,0,0.99999994039535522,0,-1,0,0,-2.3999991416931152,0.40000003576278687,-2.4000020027160645" boneRefs="3"/>
      <Rigid refID="2" transformation="-1,0,0,0,1,0,0,0,-1,-1.9999996423721313,1.4200019836425781,1.2000001668930054" boneRefs="4,5,6,7,8,9,10,11,12,13,14,15,16,17,18,19,20,21,22,23,24"/>
      <Rigid refID="3" transformation="0,0,1,0,0.99999994039535522,0,-1,0,0,-2.3999991416931152,0.400002121925354,0.79999864101409912" boneRefs="25,26"/>
      <Rigid refID="4" transformation="0,0,-1.0000001192092896,-1.0000001192092896,0,0,0,1.0000001192092896,0,-3.1999983787536621,0.40000209212303162,0.79999864101409912" boneRefs="27,28"/>
      <Rigid refID="5" transformation="0,0,-1,0,0.99999994039535522,0,1,0,0,-2.3999972343444824,0.40000000596046448,-2.4000020027160645" boneRefs="29"/>
      <Rigid refID="6" transformation="0,0,-1.0000001192092896,-1.0000001192092896,0,0,0,1.0000001192092896,0,-3.2000002861022949,0.40000000596046448,-2.0000042915344238" boneRefs="30,31,32"/>
      <Rigid refID="7" transformation="0,0,-1,0,0.99999994039535522,0,1,0,0,-2.7999987602233887,1.1000020503997803,-1.1999975442886353" boneRefs="33"/>
      <Rigid refID="8" transformation="-1,0,0,0,1,0,0,0,-1,-1.9999996423721313,2.0600020885467529,-1.2000013589859009" boneRefs="34"/>
      <Rigid refID="9" transformation="0,0,-1,0,0.99999994039535522,0,1,0,0,-2.7999987602233887,1.1000020503997803,-0.39999830722808838" boneRefs="35"/>
      <Rigid refID="10" transformation="0,0,1.0000001192092896,1.0000001192092896,0,0,0,1.0000001192092896,0,-2.3999972343444824,1.6600022315979004,-1.1999975442886353" boneRefs="36,37,38"/>
      <Rigid refID="11" transformation="-0.77466768026351929,0,-0.63236856460571289,0,1,0,0.63236856460571289,0,-0.77466768026351929,-2.0901312828063965,2.059999942779541,-2.1470532417297363" boneRefs="39"/>
      <Rigid refID="12" transformation="-0.41818860173225403,0.75011706352233887,0.51229161024093628,-0.47435042262077332,-0.66130506992340088,0.58109140396118164,0.77466762065887451,0,0.63236862421035767,-1.6750255823135376,2.6836216449737549,-3.3909039497375488" boneRefs="40,41"/>
      <Rigid refID="13" transformation="-0.41818884015083313,0.75011682510375977,0.51229178905487061,-0.47435042262077332,-0.66130536794662476,0.58109110593795776,0.77466756105422974,0,0.63236880302429199,-2.0095744132995605,3.2837154865264893,-2.981071949005127" boneRefs="42"/>
      <Rigid refID="14" transformation="0.41818848252296448,-0.75011712312698364,-0.51229161024093628,-0.47435048222541809,-0.6613050103187561,0.58109152317047119,-0.77466768026351929,0,-0.63236856460571289,-2.5268855094909668,4.6955165863037109,-2.3473553657531738" boneRefs="43,44"/>
      <Rigid refID="15" transformation="0.54564017057418823,0.50545650720596313,-0.66842395067214966,0.31963485479354858,-0.86285209655761719,-0.39156073331832886,-0.77466791868209839,0,-0.63236826658248901,-3.1705126762390137,5.6219778060913086,-1.579445481300354" boneRefs="45,46"/>
      <Rigid refID="16" transformation="0.54564052820205688,0.50545501708984375,-0.66842466592788696,0.31963348388671875,-0.86285299062728882,-0.39155995845794678,-0.77466815710067749,0,-0.63236796855926514,-2.7339968681335449,6.0263466835021973,-2.114189624786377" boneRefs="47"/>
      <Rigid refID="17" transformation="0.77466779947280884,0,0.63236862421035767,0.31963452696800232,-0.86285245418548584,-0.39156028628349304,0.54564076662063599,0.50545591115951538,-0.66842389106750488,-1.8609768152236938,6.8350734710693359,-3.1836667060852051" boneRefs="48,49"/>
      <Rigid refID="18" transformation="-0.77468013763427734,0,-0.63235330581665039,-0.023409236222505569,-0.99931472539901733,0.028672220185399055,-0.63191986083984375,0.037014707922935486,0.77414959669113159,-0.77948915958404541,6.8619089126586914,-4.5290684700012207" boneRefs="50,51,52,53"/>
      <Joint type="hinge">
        <RigidRef rigidRef="1" a="0,0,-1" z="0,1,0" t="0,0,-0.80000001192092896"/>
        <RigidRef rigidRef="0" a="0,1,0" z="0,0,1" t="-0.40000107884407043,-0.3200015127658844,0"/>
      </Joint>
      <Joint type="hinge">
        <RigidRef rigidRef="2" a="-1,0,0" z="0,0,1" t="-0.40000030398368835,-1.020002007484436,3.6000008583068848"/>
        <RigidRef rigidRef="1" a="0,0,-1" z="-1,0,0" t="0,0,-0.79999935626983643"/>
      </Joint>
      <Joint type="hinge">
        <RigidRef rigidRef="4" a="0,-1,0" z="1,0,0" t="0,-0.80000102519989014,0"/>
        <RigidRef rigidRef="2" a="-1,0,0" z="0,0,1" t="0.39999762177467346,-1.0199999809265137,0.40000131726264954"/>
      </Joint>
      <Joint type="hinge">
        <RigidRef rigidRef="5" a="0,0,1" z="1,0,0" t="0,0,0"/>
        <RigidRef rigidRef="2" a="-1,0,0" z="0,0,1" t="0.3999972939491272,-1.020002007484436,3.6000022888183594"/>
      </Joint>
      <Joint type="hinge">
        <RigidRef rigidRef="3" a="0,0,-1" z="1,0,0" t="0,0,-0.80000013113021851"/>
        <RigidRef rigidRef="2" a="-1,0,0" z="0,0,-1" t="-0.40000066161155701,-1.0199998617172241,0.40000125765800476"/>
      </Joint>
      <Joint type="hinge">
        <RigidRef rigidRef="7" a="0,1,0" z="0,0,1" t="0,0,0"/>
        <RigidRef rigidRef="2" a="0,1,0" z="-1,0,0" t="0.79999905824661255,-0.3200000524520874,2.4000000953674316"/>
      </Joint>
      <Joint type="hinge">
        <RigidRef rigidRef="9" a="0,1,0" z="0,0,1" t="0,0,0"/>
        <RigidRef rigidRef="2" a="0,1,0" z="-1,0,0" t="0.79999905824661255,-0.3200000524520874,1.600000262260437"/>
      </Joint>
      <Joint type="hinge">
        <RigidRef rigidRef="11" a="0,1,0" z="0,0,1" t="0.40000000596046448,0,0"/>
        <RigidRef rigidRef="2" a="0,1,0" z="0,0,1" t="0.39999967813491821,0.63999801874160767,3.600006103515625"/>
      </Joint>
      <Joint type="hinge">
        <RigidRef rigidRef="6" a="0,1,0" z="0,0,1" t="0.40000000596046448,0,0"/>
        <RigidRef rigidRef="5" a="0,0,-1" z="0,1,0" t="0,0,-0.80000001192092896"/>
      </Joint>
      <Joint type="hinge">
        <RigidRef rigidRef="8" a="0,1,0" z="0,0,1" t="0.80000007152557373,0,0"/>
        <RigidRef rigidRef="7" a="0,1,0" z="0,0,1" t="0,0.95999997854232788,0"/>
      </Joint>
      <Joint type="hinge">
        <RigidRef rigidRef="10" a="0,1,0" z="0,0,1" t="0,0,0"/>
        <RigidRef rigidRef="7" a="0,0,1" z="0,-1,0" t="0,0.55999994277954102,0.39999997615814209"/>
      </Joint>
      <Joint type="hinge">
        <RigidRef rigidRef="9" a="0,1,0" z="0,0,1" t="0,0.95999997854232788,0"/>
        <RigidRef rigidRef="8" a="0,1,0" z="0,0,1" t="0.80000007152557373,0,-0.80000007152557373"/>
      </Joint>
      <Joint type="hinge">
        <RigidRef rigidRef="10" a="0,1,0" z="0,0,1" t="0.80000007152557373,0,0"/>
        <RigidRef rigidRef="9" a="0,0,1" z="0,-1,0" t="0,0.55999994277954102,0.39999997615814209"/>
      </Joint>
      <Joint type="hinge">
        <RigidRef rigidRef="12" a="0,0,1" z="1,0,0" t="0,0.56800001859664917,0.15999999642372131"/>
        <RigidRef rigidRef="11" a="-1,0,0" z="0,0.75011706352233887,-0.66130506992340088" t="0.30500319600105286,0.2480003833770752,0.80000424385070801"/>
      </Joint>
      <Joint type="hinge">
        <RigidRef rigidRef="13" a="0,1,0" z="0,0,-1" t="0,0,0"/>
        <RigidRef rigidRef="12" a="0,1,0" z="0,0,1" t="0.79999566078186035,0,0"/>
      </Joint>
      <Joint type="hinge">
        <RigidRef rigidRef="14" a="0,1,0" z="0,0,1" t="0.80000007152557373,0.31999999284744263,0"/>
        <RigidRef rigidRef="13" a="0,1,0" z="0,0,-1" t="0.80000001192092896,0,0"/>
      </Joint>
      <Joint type="hinge">
        <RigidRef rigidRef="15" a="0,0,1" z="1,0,0" t="0,0.56800001859664917,0.15999999642372131"/>
        <RigidRef rigidRef="14" a="0,0,1" z="0.19145673513412476,-0.98150110244750977,0" t="-0.80001336336135864,0.24760489165782928,0.1729949563741684"/>
      </Joint>
      <Joint type="hinge">
        <RigidRef rigidRef="16" a="0,1,0" z="0,0,-1" t="0,0,0"/>
        <RigidRef rigidRef="15" a="0,1,0" z="0,0,1" t="0.80000013113021851,0,0"/>
      </Joint>
      <Joint type="hinge">
        <RigidRef rigidRef="17" a="0,1,0" z="1,0,0" t="0,0,-0.80000066757202148"/>
        <RigidRef rigidRef="16" a="0,1,0" z="0,0,-1" t="0.80000001192092896,0,0"/>
      </Joint>
      <Joint type="hinge">
        <RigidRef rigidRef="18" a="-1,0,1.9722787328646518E-005" z="0,-1,0" t="-0.15998546779155731,-0.40000545978546143,1.0879991054534912"/>
        <RigidRef rigidRef="17" a="1,0,0" z="0,-0.84354954957962036,0.53705137968063354" t="0.14701223373413086,-0.072399266064167023,0.80000674724578857"/>
      </Joint>
    </RigidSystem>
  </RigidSystems>
  <GroupSystems>
    <GroupSystem>
    </GroupSystem>
  </GroupSystems>
</LXFML>
