<?xml version="1.0" encoding="UTF-8" standalone="no" ?>
<LXFML versionMajor="5" versionMinor="0">
  <Meta>
    <Application name="LEGO Universe" versionMajor="0" versionMinor="0"/>
    <Brand name="LEGOUniverse"/>
    <BrickSet version="238"/>
  </Meta>
  <Bricks>
    <Brick refID="0" designID="60475">
      <Part refID="0" designID="60475" materials="1">
        <Bone refID="0" transformation="1,0,0,0,1,0,0,0,1,1.2000052928924561,0.64000385999679565,-1.199998140335083">
        </Bone>
      </Part>
    </Brick>
    <Brick refID="1" designID="2921">
      <Part refID="1" designID="2921" materials="1">
        <Bone refID="1" transformation="1,0,0,0,-1,0,0,0,-1,1.2000052928924561,1.6000036001205444,0.40000033378601074">
        </Bone>
      </Part>
    </Brick>
    <Brick refID="2" designID="3021">
      <Part refID="2" designID="3021" materials="1">
        <Bone refID="2" transformation="1,0,0,0,-1,0,0,0,-1,-0.3999931812286377,0.6400037407875061,-0.40000081062316895">
        </Bone>
      </Part>
    </Brick>
    <Brick refID="3" designID="3070">
      <Part refID="3" designID="3070" materials="24">
        <Bone refID="3" transformation="1,0,0,0,-1,0,0,0,-1,0.39999848604202271,0.3200002908706665,-0.40000081062316895">
        </Bone>
      </Part>
    </Brick>
    <Brick refID="4" designID="3068">
      <Part refID="4" designID="3068" materials="140,0" decoration="0">
        <Bone refID="4" transformation="1,0,0,0,-1,0,0,0,-1,-1.1999962329864502,0.31999999284744263,0.40000033378601074">
        </Bone>
      </Part>
    </Brick>
    <Brick refID="5" designID="2357">
      <Part refID="5" designID="2357" materials="140">
        <Bone refID="5" transformation="0,0,1.0000001192092896,0,-1,0,1.0000001192092896,0,0,-1.1999962329864502,1.2799999713897705,0.40000033378601074">
        </Bone>
      </Part>
    </Brick>
    <Brick refID="6" designID="2357">
      <Part refID="6" designID="2357" materials="140">
        <Bone refID="6" transformation="0,0,1.0000001192092896,0,-1,0,1.0000001192092896,0,0,-1.1999962329864502,3.2000002861022949,0.40000033378601074">
        </Bone>
      </Part>
    </Brick>
    <Brick refID="7" designID="2357">
      <Part refID="7" designID="2357" materials="140">
        <Bone refID="7" transformation="0,0,1.0000001192092896,0,-1,0,1.0000001192092896,0,0,-1.1999962329864502,2.2399997711181641,0.40000057220458984">
        </Bone>
      </Part>
    </Brick>
    <Brick refID="8" designID="3068">
      <Part refID="8" designID="3068" materials="140,0" decoration="0">
        <Bone refID="8" transformation="1,0,0,0,-1,0,0,0,-1,1.2000052928924561,0.31999999284744263,0.40000033378601074">
        </Bone>
      </Part>
    </Brick>
    <Brick refID="9" designID="2357">
      <Part refID="9" designID="2357" materials="140">
        <Bone refID="9" transformation="1,0,0,0,-1,0,0,0,-1,1.2000052928924561,1.2799999713897705,1.2000014781951904">
        </Bone>
      </Part>
    </Brick>
    <Brick refID="10" designID="2357">
      <Part refID="10" designID="2357" materials="140">
        <Bone refID="10" transformation="1,0,0,0,-1,0,0,0,-1,1.2000052928924561,3.2000002861022949,1.2000033855438232">
        </Bone>
      </Part>
    </Brick>
    <Brick refID="11" designID="2357">
      <Part refID="11" designID="2357" materials="140">
        <Bone refID="11" transformation="1,0,0,0,-1,0,0,0,-1,1.2000052928924561,2.2400002479553223,1.2000014781951904">
        </Bone>
      </Part>
    </Brick>
    <Brick refID="12" designID="3005">
      <Part refID="12" designID="3005" materials="24,0" decoration="0">
        <Bone refID="12" transformation="1,0,0,0,-1,0,0,0,-1,0.39999848604202271,1.2799999713897705,1.199995756149292">
        </Bone>
      </Part>
    </Brick>
    <Brick refID="13" designID="3069">
      <Part refID="13" designID="3069" materials="24,0" decoration="0">
        <Bone refID="13" transformation="0,0,-1,0,-1,0,-1,0,0,0.39999508857727051,0.3200000524520874,1.2002208232879639">
        </Bone>
      </Part>
    </Brick>
    <Brick refID="14" designID="3005">
      <Part refID="14" designID="3005" materials="24,0" decoration="0">
        <Bone refID="14" transformation="1,0,0,0,-1,0,0,0,-1,0.39999890327453613,2.2400002479553223,1.199995756149292">
        </Bone>
      </Part>
    </Brick>
    <Brick refID="15" designID="3005">
      <Part refID="15" designID="3005" materials="24,0" decoration="0">
        <Bone refID="15" transformation="1,0,0,0,-1,0,0,0,-1,0.39999890327453613,3.2000002861022949,1.199995756149292">
        </Bone>
      </Part>
    </Brick>
    <Brick refID="16" designID="3005">
      <Part refID="16" designID="3005" materials="24,0" decoration="0">
        <Bone refID="16" transformation="1,0,0,0,-1,0,0,0,-1,2.0000007152557373,1.2800036668777466,-0.40000271797180176">
        </Bone>
      </Part>
    </Brick>
    <Brick refID="17" designID="3069">
      <Part refID="17" designID="3069" materials="24,0" decoration="0">
        <Bone refID="17" transformation="1,0,0,0,-1,0,0,0,-1,1.1997766494750977,0.32000422477722168,-0.40000280737876892">
        </Bone>
      </Part>
    </Brick>
    <Brick refID="18" designID="3005">
      <Part refID="18" designID="3005" materials="24,0" decoration="0">
        <Bone refID="18" transformation="1,0,0,0,-1,0,0,0,-1,2.0000009536743164,2.2400035858154297,-0.40000280737876892">
        </Bone>
      </Part>
    </Brick>
    <Brick refID="19" designID="3005">
      <Part refID="19" designID="3005" materials="24,0" decoration="0">
        <Bone refID="19" transformation="1,0,0,0,-1,0,0,0,-1,2.0000009536743164,3.2000041007995605,-0.40000280737876892">
        </Bone>
      </Part>
    </Brick>
    <Brick refID="20" designID="3005">
      <Part refID="20" designID="3005" materials="24,0" decoration="0">
        <Bone refID="20" transformation="1,0,0,0,-1,0,0,0,-1,-1.1999962329864502,1.2800036668777466,-0.40000462532043457">
        </Bone>
      </Part>
    </Brick>
    <Brick refID="21" designID="3005">
      <Part refID="21" designID="3005" materials="24,0" decoration="0">
        <Bone refID="21" transformation="1,0,0,0,-1,0,0,0,-1,-1.1999955177307129,2.2400035858154297,-0.40000447630882263">
        </Bone>
      </Part>
    </Brick>
    <Brick refID="22" designID="3005">
      <Part refID="22" designID="3005" materials="24,0" decoration="0">
        <Bone refID="22" transformation="1,0,0,0,-1,0,0,0,-1,-1.1999955177307129,3.2000041007995605,-0.40000447630882263">
        </Bone>
      </Part>
    </Brick>
    <Brick refID="23" designID="3069">
      <Part refID="23" designID="3069" materials="24,0" decoration="0">
        <Bone refID="23" transformation="1,0,0,0,-1,0,0,0,-1,-1.2002243995666504,0.32000041007995605,-0.40000638365745544">
        </Bone>
      </Part>
    </Brick>
    <Brick refID="24" designID="4081">
      <Part refID="24" designID="4081" materials="24">
        <Bone refID="24" transformation="0.77906620502471924,-0.036440961062908173,0.62588208913803101,-0.028435193002223969,-0.99933582544326782,-0.022790027782320976,0.62629687786102295,-4.2140130972256884E-005,-0.77958470582962036,2.0956046581268311,5.1865053176879883,0.033964872360229492">
        </Bone>
      </Part>
    </Brick>
    <Brick refID="25" designID="6141">
      <Part refID="25" designID="6141" materials="24">
        <Bone refID="25" transformation="-0.62631005048751831,0,0.77957391738891602,0.77905672788619995,-0.036419752985239029,0.62589454650878906,0.028392443433403969,0.99933654069900513,0.022809317335486412,2.7143869400024414,4.9371709823608398,-0.49511060118675232">
        </Bone>
      </Part>
    </Brick>
    <Brick refID="26" designID="4081">
      <Part refID="26" designID="4081" materials="24">
        <Bone refID="26" transformation="0.62631088495254517,0,-0.77957332134246826,0.77905619144439697,-0.036419667303562164,0.62589526176452637,-0.028391720727086067,-0.9993366003036499,-0.022810157388448715,2.9636850357055664,4.9255166053771973,-0.29482379555702209">
        </Bone>
      </Part>
    </Brick>
    <Brick refID="27" designID="4081">
      <Part refID="27" designID="4081" materials="24">
        <Bone refID="27" transformation="-0.77905583381652832,0.036420043557882309,-0.62589555978775024,0.62631118297576904,0,-0.77957314252853394,-0.028392685577273369,-0.9993366003036499,-0.022809498012065887,3.2310152053833008,4.1171722412109375,-0.28529083728790283">
        </Bone>
      </Part>
    </Brick>
    <Brick refID="28" designID="4081">
      <Part refID="28" designID="4081" materials="24">
        <Bone refID="28" transformation="-0.028391972184181213,-0.9993366003036499,-0.022809920832514763,0.62631064653396606,0,-0.77957350015640259,0.77905625104904175,-0.036419708281755447,0.62589496374130249,1.3242884874343872,5.3755350112915039,-0.27314481139183044">
        </Bone>
      </Part>
    </Brick>
    <Brick refID="29" designID="6141">
      <Part refID="29" designID="6141" materials="24">
        <Bone refID="29" transformation="-0.77957361936569214,0,-0.62631034851074219,0.62631040811538696,0,-0.77957367897033691,0,-0.99999994039535522,0,1.1238765716552734,5.3755345344543457,-0.023681927472352982">
        </Bone>
      </Part>
    </Brick>
    <Brick refID="30" designID="4081">
      <Part refID="30" designID="4081" materials="24">
        <Bone refID="30" transformation="0.62631070613861084,0,-0.77957344055175781,0,1,0,0.77957344055175781,0,0.62631070613861084,0.40000718832015991,5.1318650245666504,-0.3999980092048645">
        </Bone>
      </Part>
    </Brick>
    <Brick refID="31" designID="4070">
      <Part refID="31" designID="4070" materials="24">
        <Bone refID="31" transformation="0.77957338094711304,0,0.62631058692932129,0.62631058692932129,0,-0.77957344055175781,0,1,0,0.049272578209638596,4.8800034523010254,0.036563333123922348">
        </Bone>
      </Part>
    </Brick>
    <Brick refID="32" designID="6141">
      <Part refID="32" designID="6141" materials="24">
        <Bone refID="32" transformation="0.77957338094711304,0,0.62631058692932129,0.62631058692932129,0,-0.77957344055175781,0,1,0,0.65053290128707886,4.8800034523010254,-0.71182918548583984">
        </Bone>
      </Part>
    </Brick>
    <Brick refID="33" designID="4081">
      <Part refID="33" designID="4081" materials="24">
        <Bone refID="33" transformation="0,1,0,0.62631076574325562,0,-0.77957332134246826,-0.77957326173782349,0,-0.62631070613861084,0.85095328092575073,4.8800034523010254,-0.9612923264503479">
        </Bone>
      </Part>
    </Brick>
    <Brick refID="34" designID="4081">
      <Part refID="34" designID="4081" materials="24">
        <Bone refID="34" transformation="-0.77957355976104736,0,-0.62631034851074219,0,0.99999994039535522,0,0.62631040811538696,0,-0.77957361936569214,0.37990692257881165,5.0400032997131348,-1.6522997617721558">
        </Bone>
      </Part>
    </Brick>
    <Brick refID="35" designID="6141">
      <Part refID="35" designID="6141" materials="24">
        <Bone refID="35" transformation="0.62631076574325562,0,-0.77957373857498169,-0.77957355976104736,0,-0.62631052732467651,0,1.0000001192092896,0,0.75622683763504028,5.2836718559265137,-2.376168966293335">
        </Bone>
      </Part>
    </Brick>
    <Brick refID="36" designID="4081">
      <Part refID="36" designID="4081" materials="24">
        <Bone refID="36" transformation="-0.62127149105072021,-0.12660324573516846,0.7733001708984375,-0.77957302331924438,0,-0.62631106376647949,0.079292096197605133,-0.99195337295532227,-0.098697148263454437,0.50676095485687256,5.2836713790893555,-2.5765872001647949">
        </Bone>
      </Part>
    </Brick>
    <Brick refID="37" designID="4081">
      <Part refID="37" designID="4081" materials="24">
        <Bone refID="37" transformation="-0.77957439422607422,0,-0.62630933523178101,0.62126970291137695,0.12660345435142517,-0.77330160140991211,0.07929365336894989,-0.99195331335067749,-0.098696246743202209,0.47964224219322205,4.5103664398193359,-2.9318833351135254">
        </Bone>
      </Part>
    </Brick>
    <Brick refID="38" designID="6141">
      <Part refID="38" designID="6141" materials="24">
        <Bone refID="38" transformation="0.079292736947536469,-0.99195355176925659,-0.098696194589138031,-0.77957415580749512,0,-0.62630963325500488,0.62127012014389038,0.12660282850265503,-0.77330136299133301,0.56973391771316528,3.7476539611816406,-3.2994778156280518">
        </Bone>
      </Part>
    </Brick>
    <Brick refID="39" designID="4081">
      <Part refID="39" designID="4081" materials="24">
        <Bone refID="39" transformation="-0.60013777017593384,0.28606382012367249,0.74699532985687256,-0.77957314252853394,0,-0.62631118297576904,-0.17916524410247803,-0.95821058750152588,0.22300754487514496,0.32027202844619751,3.7476530075073242,-3.4998965263366699">
        </Bone>
      </Part>
    </Brick>
    <Brick refID="40" designID="3024">
      <Part refID="40" designID="3024" materials="24">
        <Bone refID="40" transformation="0.99999982118606567,0,0,0,1,0,0,0,0.99999988079071045,0.400006502866745,4.160003662109375,-0.40000236034393311">
        </Bone>
      </Part>
    </Brick>
    <Brick refID="41" designID="3021">
      <Part refID="41" designID="3021" materials="1">
        <Bone refID="41" transformation="0,0,0.99999982118606567,0,0.99999994039535522,0,-0.99999982118606567,0,0,-0.39999613165855408,3.8400039672851562,-1.1999994516372681">
        </Bone>
      </Part>
    </Brick>
    <Brick refID="42" designID="3623">
      <Part refID="42" designID="3623" materials="1">
        <Bone refID="42" transformation="0.99999982118606567,0,0,0,1,0,0,0,0.99999988079071045,-0.39999240636825562,3.5200037956237793,0.3999992311000824">
        </Bone>
      </Part>
    </Brick>
    <Brick refID="43" designID="3002">
      <Part refID="43" designID="3002" materials="1">
        <Bone refID="43" transformation="0,0,0.99999982118606567,0,0.99999994039535522,0,-0.99999982118606567,0,0,-0.39999613165855408,2.5600037574768066,-1.1999975442886353">
        </Bone>
      </Part>
    </Brick>
    <Brick refID="44" designID="3021">
      <Part refID="44" designID="3021" materials="1">
        <Bone refID="44" transformation="0.99999982118606567,0,0,0,1,0,0,0,0.99999988079071045,-0.39999261498451233,3.5200042724609375,-0.39999872446060181">
        </Bone>
      </Part>
    </Brick>
    <Brick refID="45" designID="3622">
      <Part refID="45" designID="3622" materials="1">
        <Bone refID="45" transformation="0,0,0.99999982118606567,0,0.99999994039535522,0,-0.99999982118606567,0,0,1.2000056505203247,2.5600042343139648,-1.20000159740448">
        </Bone>
      </Part>
    </Brick>
    <Brick refID="46" designID="3002">
      <Part refID="46" designID="3002" materials="1">
        <Bone refID="46" transformation="0.99999982118606567,0,0,0,1,0,0,0,0.99999988079071045,-0.39999225735664368,1.6000039577484131,-0.40000003576278687">
        </Bone>
      </Part>
    </Brick>
    <Brick refID="47" designID="3623">
      <Part refID="47" designID="3623" materials="1">
        <Bone refID="47" transformation="0,0,0.99999982118606567,0,0.99999994039535522,0,-0.99999982118606567,0,0,1.2000056505203247,3.8400039672851562,-1.1999996900558472">
        </Bone>
      </Part>
    </Brick>
    <Brick refID="48" designID="3622">
      <Part refID="48" designID="3622" materials="1">
        <Bone refID="48" transformation="0.99999982118606567,0,0,0,1,0,0,0,0.99999988079071045,-0.39999628067016602,1.600000262260437,0.39999666810035706">
        </Bone>
      </Part>
    </Brick>
    <Brick refID="49" designID="3005">
      <Part refID="49" designID="3005" materials="1,0" decoration="0">
        <Bone refID="49" transformation="0.77957338094711304,0,0.62631058692932129,0.62631058692932129,0,-0.77957344055175781,0,1,0,-0.5519859790802002,4.8800029754638672,0.7849540114402771">
        </Bone>
      </Part>
    </Brick>
    <Brick refID="50" designID="3622">
      <Part refID="50" designID="3622" materials="1">
        <Bone refID="50" transformation="0.77957338094711304,0,0.62631058692932129,0.62631058692932129,0,-0.77957344055175781,0,1,0,-1.7769032716751099,4.8800029754638672,1.0322959423065186">
        </Bone>
      </Part>
    </Brick>
    <Brick refID="51" designID="3622">
      <Part refID="51" designID="3622" materials="1">
        <Bone refID="51" transformation="0.77957338094711304,0,0.62631058692932129,0.62631058692932129,0,-0.77957344055175781,0,1,0,-2.3781616687774658,4.8800034523010254,1.7806868553161621">
        </Bone>
      </Part>
    </Brick>
    <Brick refID="52" designID="3622">
      <Part refID="52" designID="3622" materials="1">
        <Bone refID="52" transformation="0.77957338094711304,0,0.62631058692932129,0.62631058692932129,0,-0.77957344055175781,0,1,0,-2.979419469833374,4.8800034523010254,2.5290772914886475">
        </Bone>
      </Part>
    </Brick>
    <Brick refID="53" designID="50746">
      <Part refID="53" designID="50746" materials="1">
        <Bone refID="53" transformation="0,-1.0000001192092896,0,0.62631064653396606,0,-0.77957367897033691,0.77957355976104736,0,0.62631070613861084,0.071673043072223663,4.8800015449523926,1.2860026359558105">
        </Bone>
      </Part>
    </Brick>
    <Brick refID="54" designID="50746">
      <Part refID="54" designID="50746" materials="1">
        <Bone refID="54" transformation="0,1.0000001192092896,0,0.62631088495254517,0,-0.77957338094711304,-0.77957332134246826,0,-0.62631064653396606,-1.1756448745727539,4.8800034523010254,0.28390541672706604">
        </Bone>
      </Part>
    </Brick>
    <Brick refID="55" designID="3068">
      <Part refID="55" designID="3068" materials="140,0" decoration="0">
        <Bone refID="55" transformation="0,0,-1,0,0.99999994039535522,0,1,0,0,-0.39999312162399292,4.160003662109375,1.2000014781951904">
        </Bone>
      </Part>
    </Brick>
    <Brick refID="56" designID="2357">
      <Part refID="56" designID="2357" materials="140">
        <Bone refID="56" transformation="-1,0,0,0,1,0,0,0,-1,-0.39999312162399292,3.2000036239624023,1.2000019550323486">
        </Bone>
      </Part>
    </Brick>
    <Brick refID="57" designID="3068">
      <Part refID="57" designID="3068" materials="140,0" decoration="0">
        <Bone refID="57" transformation="1,0,0,0,1,0,0,0,1,-1.1999924182891846,4.160003662109375,-1.1999990940093994">
        </Bone>
      </Part>
    </Brick>
    <Brick refID="58" designID="2357">
      <Part refID="58" designID="2357" materials="140">
        <Bone refID="58" transformation="0,0,-1,0,1,0,1,0,0,-1.1999924182891846,3.2000036239624023,-1.1999967098236084">
        </Bone>
      </Part>
    </Brick>
    <Brick refID="59" designID="2357">
      <Part refID="59" designID="2357" materials="140">
        <Bone refID="59" transformation="1,0,0,0,1,0,0,0,1,1.2000091075897217,3.2000036239624023,-1.9999983310699463">
        </Bone>
      </Part>
    </Brick>
    <Brick refID="60" designID="3068">
      <Part refID="60" designID="3068" materials="140,0" decoration="0">
        <Bone refID="60" transformation="0,0,1,0,0.99999994039535522,0,-1,0,0,1.2000091075897217,4.160003662109375,-1.9999973773956299">
        </Bone>
      </Part>
    </Brick>
    <Brick refID="61" designID="3068">
      <Part refID="61" designID="3068" materials="140,0" decoration="0">
        <Bone refID="61" transformation="-1,0,0,0,1,0,0,0,-1,2.0000083446502686,4.160003662109375,0.40000224113464355">
        </Bone>
      </Part>
    </Brick>
    <Brick refID="62" designID="2357">
      <Part refID="62" designID="2357" materials="140">
        <Bone refID="62" transformation="0,0,1,0,1,0,-1,0,0,2.0000083446502686,3.2000036239624023,0.40000224113464355">
        </Bone>
      </Part>
    </Brick>
    <Brick refID="63" designID="60475">
      <Part refID="63" designID="60475" materials="1">
        <Bone refID="63" transformation="-1,0,0,0,1,0,0,0,-1,-0.40000075101852417,0.64000004529953003,0.39999842643737793">
        </Bone>
      </Part>
    </Brick>
    <Brick refID="64" designID="2921">
      <Part refID="64" designID="2921" materials="1">
        <Bone refID="64" transformation="-1,0,0,0,-1,0,0,0,1,-0.40000075101852417,1.5999999046325684,-1.2000000476837158">
        </Bone>
      </Part>
    </Brick>
    <Brick refID="65" designID="3623">
      <Part refID="65" designID="3623" materials="1">
        <Bone refID="65" transformation="1,0,0,0,-1,0,0,0,-1,-0.39999312162399292,0.63999992609024048,-1.2000012397766113">
        </Bone>
      </Part>
    </Brick>
    <Brick refID="66" designID="3068">
      <Part refID="66" designID="3068" materials="140,0" decoration="0">
        <Bone refID="66" transformation="1,0,0,0,-1,0,0,0,-1,-1.1999924182891846,0.31999999284744263,-2.0000011920928955">
        </Bone>
      </Part>
    </Brick>
    <Brick refID="67" designID="2357">
      <Part refID="67" designID="2357" materials="140">
        <Bone refID="67" transformation="-1,0,0,0,-1,0,0,0,1,-0.39998930692672729,1.2799999713897705,-2.0000002384185791">
        </Bone>
      </Part>
    </Brick>
    <Brick refID="68" designID="2357">
      <Part refID="68" designID="2357" materials="140">
        <Bone refID="68" transformation="-1,0,0,0,-1,0,0,0,1,-0.39998930692672729,3.2000002861022949,-2.0000002384185791">
        </Bone>
      </Part>
    </Brick>
    <Brick refID="69" designID="2357">
      <Part refID="69" designID="2357" materials="140">
        <Bone refID="69" transformation="-1,0,0,0,-1,0,0,0,1,-0.39998930692672729,2.2400002479553223,-2.0000002384185791">
        </Bone>
      </Part>
    </Brick>
    <Brick refID="70" designID="3068">
      <Part refID="70" designID="3068" materials="140,0" decoration="0">
        <Bone refID="70" transformation="1,0,0,0,-1,0,0,0,-1,1.2000091075897217,0.31999999284744263,-2.0000011920928955">
        </Bone>
      </Part>
    </Brick>
    <Brick refID="71" designID="2357">
      <Part refID="71" designID="2357" materials="140">
        <Bone refID="71" transformation="0,0,-1.0000001192092896,0,-1,0,-1.0000001192092896,0,0,2.0000121593475342,1.2799999713897705,-1.2000011205673218">
        </Bone>
      </Part>
    </Brick>
    <Brick refID="72" designID="2357">
      <Part refID="72" designID="2357" materials="140">
        <Bone refID="72" transformation="0,0,-1.0000001192092896,0,-1,0,-1.0000001192092896,0,0,2.0000121593475342,3.2000002861022949,-1.2000011205673218">
        </Bone>
      </Part>
    </Brick>
    <Brick refID="73" designID="2357">
      <Part refID="73" designID="2357" materials="140">
        <Bone refID="73" transformation="0,0,-1.0000001192092896,0,-1,0,-1.0000001192092896,0,0,2.0000121593475342,2.2400002479553223,-1.2000013589859009">
        </Bone>
      </Part>
    </Brick>
    <Brick refID="74" designID="3005">
      <Part refID="74" designID="3005" materials="24,0" decoration="0">
        <Bone refID="74" transformation="1,0,0,0,-1,0,0,0,-1,0.40000230073928833,1.2799999713897705,-2.0000030994415283">
        </Bone>
      </Part>
    </Brick>
    <Brick refID="75" designID="3069">
      <Part refID="75" designID="3069" materials="24,0" decoration="0">
        <Bone refID="75" transformation="0,0,-1,0,-1,0,-1,0,0,0.39999890327453613,0.31999999284744263,-1.19977867603302">
        </Bone>
      </Part>
    </Brick>
    <Brick refID="76" designID="3005">
      <Part refID="76" designID="3005" materials="24,0" decoration="0">
        <Bone refID="76" transformation="1,0,0,0,-1,0,0,0,-1,0.40000271797180176,2.2400002479553223,-2.0000028610229492">
        </Bone>
      </Part>
    </Brick>
    <Brick refID="77" designID="3005">
      <Part refID="77" designID="3005" materials="24,0" decoration="0">
        <Bone refID="77" transformation="1,0,0,0,-1,0,0,0,-1,0.40000271797180176,3.2000002861022949,-2.0000028610229492">
        </Bone>
      </Part>
    </Brick>
    <Brick refID="78" designID="3069">
      <Part refID="78" designID="3069" materials="24,0" decoration="0">
        <Bone refID="78" transformation="0,0,-1,0,0.99999994039535522,0,1,0,0,0.40000230073928833,4.160003662109375,1.2002246379852295">
        </Bone>
      </Part>
    </Brick>
    <Brick refID="79" designID="3005">
      <Part refID="79" designID="3005" materials="24,0" decoration="0">
        <Bone refID="79" transformation="0,0,-1,0,0.99999994039535522,0,1,0,0,0.40000271797180176,3.2000036239624023,1.2000000476837158">
        </Bone>
      </Part>
    </Brick>
    <Brick refID="80" designID="3005">
      <Part refID="80" designID="3005" materials="24,0" decoration="0">
        <Bone refID="80" transformation="1,0,0,0,1,0,0,0,1,-1.2000000476837158,3.2000036239624023,-0.40000081062316895">
        </Bone>
      </Part>
    </Brick>
    <Brick refID="81" designID="3069">
      <Part refID="81" designID="3069" materials="24,0" decoration="0">
        <Bone refID="81" transformation="1,0,0,0,1,0,0,0,1,-1.2002243995666504,4.160003662109375,-0.40000042319297791">
        </Bone>
      </Part>
    </Brick>
    <Brick refID="82" designID="3069">
      <Part refID="82" designID="3069" materials="24,0" decoration="0">
        <Bone refID="82" transformation="-1,0,0,0,1,0,0,0,-1,2.0002295970916748,4.160003662109375,-0.40000081062316895">
        </Bone>
      </Part>
    </Brick>
    <Brick refID="83" designID="3005">
      <Part refID="83" designID="3005" materials="24,0" decoration="0">
        <Bone refID="83" transformation="-1,0,0,0,1,0,0,0,-1,2.000004768371582,3.2000036239624023,-0.40000090003013611">
        </Bone>
      </Part>
    </Brick>
    <Brick refID="84" designID="3069">
      <Part refID="84" designID="3069" materials="24,0" decoration="0">
        <Bone refID="84" transformation="0,0,1,0,0.99999994039535522,0,-1,0,0,0.40000230073928833,4.160003662109375,-2.0002243518829346">
        </Bone>
      </Part>
    </Brick>
    <Brick refID="85" designID="3005">
      <Part refID="85" designID="3005" materials="24,0" decoration="0">
        <Bone refID="85" transformation="0,0,1,0,0.99999994039535522,0,-1,0,0,0.40000271797180176,3.2000036239624023,-1.9999997615814209">
        </Bone>
      </Part>
    </Brick>
  </Bricks>
  <RigidSystems>
    <RigidSystem>
      <Rigid refID="0" transformation="1,0,0,0,1,0,0,0,1,1.2000052928924561,0.64000397920608521,-1.199998140335083" boneRefs="0"/>
      <Rigid refID="1" transformation="1,0,0,0,-1,0,0,0,-1,1.2000052928924561,1.600003719329834,0.40000033378601074" boneRefs="1,2,3"/>
      <Rigid refID="2" transformation="1,0,0,0,-1,0,0,0,-1,-1.1999962329864502,0.32000011205673218,0.40000033378601074" boneRefs="4,5,6,7"/>
      <Rigid refID="3" transformation="1,0,0,0,-1,0,0,0,-1,1.2000052928924561,0.32000011205673218,0.40000033378601074" boneRefs="8,9,10,11"/>
      <Rigid refID="4" transformation="1,0,0,0,-1,0,0,0,-1,0.39999848604202271,1.2800000905990601,1.199995756149292" boneRefs="12,13,14,15"/>
      <Rigid refID="5" transformation="1,0,0,0,-1,0,0,0,-1,2.0000007152557373,1.2800037860870361,-0.40000271797180176" boneRefs="16,17,18,19"/>
      <Rigid refID="6" transformation="1,0,0,0,-1,0,0,0,-1,-1.1999962329864502,1.2800037860870361,-0.40000462532043457" boneRefs="20,21,22,23"/>
      <Rigid refID="7" transformation="0.77906620502471924,-0.036440961062908173,0.62588208913803101,-0.028435193002223969,-0.99933582544326782,-0.022790027782320976,0.62629687786102295,-4.2140130972256884E-005,-0.77958470582962036,2.0956046581268311,5.1865053176879883,0.033964872360229492" boneRefs="24,25,26,27,28,29,30,31,32,33,34,35,36,37,38,39,40,41,42,43,44,45,46,47,48,49,50,51,52,53,54"/>
      <Rigid refID="8" transformation="0,0,-1,0,0.99999994039535522,0,1,0,0,-0.39999312162399292,4.160003662109375,1.2000014781951904" boneRefs="55,56"/>
      <Rigid refID="9" transformation="1,0,0,0,1,0,0,0,1,-1.1999924182891846,4.160003662109375,-1.1999990940093994" boneRefs="57,58"/>
      <Rigid refID="10" transformation="1,0,0,0,1,0,0,0,1,1.2000091075897217,3.2000038623809814,-1.9999983310699463" boneRefs="59,60"/>
      <Rigid refID="11" transformation="-1,0,0,0,1,0,0,0,-1,2.0000083446502686,4.160003662109375,0.40000224113464355" boneRefs="61,62"/>
      <Rigid refID="12" transformation="-1,0,0,0,1,0,0,0,-1,-0.40000075101852417,0.64000016450881958,0.39999842643737793" boneRefs="63"/>
      <Rigid refID="13" transformation="-1,0,0,0,-1,0,0,0,1,-0.40000075101852417,1.6000000238418579,-1.2000000476837158" boneRefs="64,65"/>
      <Rigid refID="14" transformation="1,0,0,0,-1,0,0,0,-1,-1.1999924182891846,0.32000011205673218,-2.0000011920928955" boneRefs="66,67,68,69"/>
      <Rigid refID="15" transformation="1,0,0,0,-1,0,0,0,-1,1.2000091075897217,0.32000011205673218,-2.0000011920928955" boneRefs="70,71,72,73"/>
      <Rigid refID="16" transformation="1,0,0,0,-1,0,0,0,-1,0.40000230073928833,1.2800000905990601,-2.0000030994415283" boneRefs="74,75,76,77"/>
      <Rigid refID="17" transformation="0,0,-1,0,0.99999994039535522,0,1,0,0,0.40000230073928833,4.160003662109375,1.2002246379852295" boneRefs="78,79"/>
      <Rigid refID="18" transformation="1,0,0,0,1,0,0,0,1,-1.2000000476837158,3.2000038623809814,-0.40000081062316895" boneRefs="80,81"/>
      <Rigid refID="19" transformation="-1,0,0,0,1,0,0,0,-1,2.0002295970916748,4.160003662109375,-0.40000081062316895" boneRefs="82,83"/>
      <Rigid refID="20" transformation="0,0,1,0,0.99999994039535522,0,-1,0,0,0.40000230073928833,4.160003662109375,-2.0002243518829346" boneRefs="84,85"/>
      <Joint type="hinge">
        <RigidRef rigidRef="7" a="-0.036440957337617874,-0.9993358850479126,-4.213753345538862E-005" z="0.62588196992874146,-0.022790025919675827,-0.77958482503890991" t="-1.3393497467041016,3.6377074718475342,0.40122175216674805"/>
        <RigidRef rigidRef="0" a="0,1,0" z="0,0,1" t="0,0.95999997854232788,0"/>
      </Joint>
      <Joint type="hinge">
        <RigidRef rigidRef="1" a="0,1,0" z="1,0,0" t="0,0.95999991893768311,0.80000001192092896"/>
        <RigidRef rigidRef="0" a="0,-1,0" z="1,0,0" t="0,0,0.79999846220016479"/>
      </Joint>
      <Joint type="hinge">
        <RigidRef rigidRef="6" a="0,1,0" z="0,0,1" t="0.79999488592147827,0.96000325679779053,0"/>
        <RigidRef rigidRef="1" a="0,1,0" z="0,0,1" t="-1.5999984741210938,1.279999852180481,0.80000114440917969"/>
      </Joint>
      <Joint type="hinge">
        <RigidRef rigidRef="5" a="0,1,0" z="0,0,1" t="-0.80000102519989014,0.9599994421005249,0"/>
        <RigidRef rigidRef="1" a="0,1,0" z="0,0,1" t="0,1.279999852180481,0.80000114440917969"/>
      </Joint>
      <Joint type="hinge">
        <RigidRef rigidRef="3" a="0,1,0" z="0,0,1" t="0,0,0"/>
        <RigidRef rigidRef="1" a="0,1,0" z="0,0,1" t="0,1.279999852180481,0"/>
      </Joint>
      <Joint type="hinge">
        <RigidRef rigidRef="4" a="0,1,0" z="-1,0,0" t="0,0.95999991893768311,0.79999798536300659"/>
        <RigidRef rigidRef="1" a="0,1,0" z="0,0,1" t="-0.79999840259552002,1.279999852180481,0"/>
      </Joint>
      <Joint type="hinge">
        <RigidRef rigidRef="2" a="0,1,0" z="0,0,1" t="0.80000007152557373,0,0"/>
        <RigidRef rigidRef="1" a="0,1,0" z="0,0,1" t="-1.5999984741210938,1.279999852180481,0"/>
      </Joint>
      <Joint type="hinge">
        <RigidRef rigidRef="12" a="0,1,0" z="0,0,1" t="0,0.95999997854232788,0"/>
        <RigidRef rigidRef="7" a="-0.036440957337617874,-0.9993358850479126,-4.213753345538862E-005" z="0.62588196992874146,-0.022790025919675827,-0.77958482503890991" t="-1.5844488143920898,3.6467437744140625,-1.8481882810592651"/>
      </Joint>
      <Joint type="hinge">
        <RigidRef rigidRef="11" a="0,1,0" z="0,0,1" t="0.80000007152557373,0,0"/>
        <RigidRef rigidRef="7" a="-0.036440953612327576,-0.99933582544326782,-4.2137529817409813E-005" z="-0.77906590700149536,0.028435191139578819,-0.62629687786102295" t="-0.43122899532318115,1.042944073677063,-0.84622281789779663"/>
      </Joint>
      <Joint type="hinge">
        <RigidRef rigidRef="10" a="0,1,0" z="-1,0,0" t="0,0.95999979972839355,0.80000102519989014"/>
        <RigidRef rigidRef="7" a="-0.036440953612327576,-0.99933582544326782,-4.2137529817409813E-005" z="-0.77906590700149536,0.028435191139578819,-0.62629687786102295" t="-1.4326398372650146,1.0794081687927246,0.40111255645751953"/>
      </Joint>
      <Joint type="hinge">
        <RigidRef rigidRef="8" a="0,1,0" z="0,0,1" t="0.80000007152557373,0,0"/>
        <RigidRef rigidRef="7" a="-0.036440953612327576,-0.99933582544326782,-4.2137529817409813E-005" z="-0.77906590700149536,0.028435191139578819,-0.62629687786102295" t="-1.677735447883606,1.0884404182434082,-1.8482987880706787"/>
      </Joint>
      <Joint type="hinge">
        <RigidRef rigidRef="9" a="0,1,0" z="0,0,1" t="0.80000007152557373,0,0"/>
        <RigidRef rigidRef="7" a="-0.036440953612327576,-0.99933582544326782,-4.2137529817409813E-005" z="-0.77906590700149536,0.028435191139578819,-0.62629687786102295" t="-2.6791462898254395,1.1249045133590698,-0.60096347332000732"/>
      </Joint>
      <Joint type="hinge">
        <RigidRef rigidRef="18" a="0,1,0" z="0,0,1" t="0.7999987006187439,0.95999979972839355,0"/>
        <RigidRef rigidRef="7" a="-0.036440953612327576,-0.99933582544326782,-4.2137529817409813E-005" z="-0.77906590700149536,0.028435191139578819,-0.62629687786102295" t="-2.1784408092498779,1.1066724061965942,-1.2246311902999878"/>
      </Joint>
      <Joint type="hinge">
        <RigidRef rigidRef="19" a="0,1,0" z="0,0,1" t="0.80022305250167847,0,0"/>
        <RigidRef rigidRef="7" a="-0.036440953612327576,-0.99933582544326782,-4.2137529817409813E-005" z="-0.77906590700149536,0.028435191139578819,-0.62629687786102295" t="-0.9319344162940979,1.061176061630249,-0.22255517542362213"/>
      </Joint>
      <Joint type="hinge">
        <RigidRef rigidRef="20" a="0,1,0" z="0,0,1" t="0.80022305250167847,0,0"/>
        <RigidRef rigidRef="7" a="-0.036440953612327576,-0.99933582544326782,-4.2137529817409813E-005" z="-0.77906590700149536,0.028435191139578819,-0.62629687786102295" t="-2.0558938980102539,1.1021562814712524,-0.099926181137561798"/>
      </Joint>
      <Joint type="hinge">
        <RigidRef rigidRef="17" a="0,1,0" z="0,0,1" t="0.80022305250167847,0,0"/>
        <RigidRef rigidRef="7" a="-0.036440953612327576,-0.99933582544326782,-4.2137529817409813E-005" z="-0.77906590700149536,0.028435191139578819,-0.62629687786102295" t="-1.0544829368591309,1.0656923055648804,-1.3472615480422974"/>
      </Joint>
      <Joint type="hinge">
        <RigidRef rigidRef="13" a="0,1,0" z="1,0,0" t="0,0.95999991893768311,0.80000001192092896"/>
        <RigidRef rigidRef="12" a="0,-1,0" z="1,0,0" t="0,0,0.79999846220016479"/>
      </Joint>
      <Joint type="hinge">
        <RigidRef rigidRef="16" a="0,1,0" z="-1,0,0" t="0,0.95999997854232788,-0.80000138282775879"/>
        <RigidRef rigidRef="13" a="0,1,0" z="0,0,-1" t="-0.80000770092010498,1.2799999713897705,0"/>
      </Joint>
      <Joint type="hinge">
        <RigidRef rigidRef="14" a="0,1,0" z="0,0,1" t="0.80000007152557373,0,-0.80000007152557373"/>
        <RigidRef rigidRef="13" a="0,1,0" z="0,0,-1" t="0,1.2799999713897705,0"/>
      </Joint>
      <Joint type="hinge">
        <RigidRef rigidRef="15" a="0,1,0" z="0,0,1" t="0,0,-0.80000007152557373"/>
        <RigidRef rigidRef="13" a="0,1,0" z="0,0,-1" t="-1.6000076532363892,1.2799999713897705,0"/>
      </Joint>
    </RigidSystem>
  </RigidSystems>
  <GroupSystems>
    <GroupSystem>
    </GroupSystem>
  </GroupSystems>
</LXFML>
