<?xml version="1.0" encoding="UTF-8" standalone="no" ?>
<LXFML versionMajor="5" versionMinor="0">
  <Meta>
    <Application name="LEGO Universe" versionMajor="0" versionMinor="0"/>
    <Brand name="LEGOUniverse"/>
    <BrickSet version="287"/>
  </Meta>
  <Bricks>
    <Brick refID="0" designID="6134">
      <Part refID="0" designID="6134" materials="1">
        <Bone refID="0" transformation="0,0,-1.0000001192092896,0.92685842514038086,-0.37541109323501587,0,-0.37541115283966064,-0.92685842514038086,0,8.2009668350219727,3.4883403778076172,0.3969956636428833">
        </Bone>
      </Part>
    </Brick>
    <Brick refID="1" designID="3688">
      <Part refID="1" designID="3688" materials="1">
        <Bone refID="1" transformation="0,0,1.0000001192092896,0.92685866355895996,-0.3754107654094696,0,0.37541088461875916,0.92685866355895996,0,9.0907526016235352,3.1279470920562744,-0.40299975872039795">
        </Bone>
      </Part>
    </Brick>
    <Brick refID="2" designID="55298">
      <Part refID="2" designID="55298" materials="26">
        <Bone refID="2" transformation="0,0,1,0.92685836553573608,-0.37541124224662781,0,0.37541121244430542,0.92685836553573608,0,10.720150947570801,2.0364131927490234,-0.0029982328414916992">
        </Bone>
      </Part>
    </Brick>
    <Brick refID="3" designID="71137">
      <Part refID="3" designID="71137" materials="26">
        <Bone refID="3" transformation="-0.96905684471130371,-0.24683767557144165,0,-0.24683767557144165,0.96905708312988281,0,0,0,-1,-1.2000100612640381,6.1617798805236816,-0.018005251884460449">
        </Bone>
      </Part>
    </Brick>
    <Brick refID="4" designID="3298">
      <Part refID="4" designID="3298" materials="1">
        <Bone refID="4" transformation="0,0,1,0,0.99999994039535522,0,-1,0,0,-3.6000230312347412,3.6781105995178223,-0.4000014066696167">
        </Bone>
      </Part>
    </Brick>
    <Brick refID="5" designID="3660">
      <Part refID="5" designID="3660" materials="1">
        <Bone refID="5" transformation="0,0,1,0,0.99999994039535522,0,-1,0,0,-4.4000253677368164,2.7181103229522705,-0.39999878406524658">
        </Bone>
      </Part>
    </Brick>
    <Brick refID="6" designID="4081">
      <Part refID="6" designID="4081" materials="268">
        <Bone refID="6" transformation="0,0,1,0,0.99999994039535522,0,-1,0,0,-0.40001091361045837,5.9181113243103027,0.39999234676361084">
        </Bone>
      </Part>
    </Brick>
    <Brick refID="7" designID="47753">
      <Part refID="7" designID="47753" materials="268">
        <Bone refID="7" transformation="1,0,0,0,1,0,0,0,1,-0.40000042319297791,5.5981111526489258,1.1999906301498413">
        </Bone>
      </Part>
    </Brick>
    <Brick refID="8" designID="45705">
      <Part refID="8" designID="45705" materials="1">
        <Bone refID="8" transformation="1,0,0,0,1,0,0,0,1,1.2000019550323486,4.6381106376647949,1.9999929666519165">
        </Bone>
      </Part>
    </Brick>
    <Brick refID="9" designID="44728">
      <Part refID="9" designID="44728" materials="1">
        <Bone refID="9" transformation="0,0,-1,0,0.99999994039535522,0,1,0,0,7.6000032424926758,3.3581106662750244,0.39999520778656006">
        </Bone>
      </Part>
    </Brick>
    <Brick refID="10" designID="3022">
      <Part refID="10" designID="3022" materials="1">
        <Bone refID="10" transformation="0,0,1,0,0.99999994039535522,0,-1,0,0,6.7999963760375977,3.0381104946136475,-0.40000832080841064">
        </Bone>
      </Part>
    </Brick>
    <Brick refID="11" designID="3660">
      <Part refID="11" designID="3660" materials="26">
        <Bone refID="11" transformation="0,0,1,0,0.99999994039535522,0,-1,0,0,7.5999937057495117,2.0781102180480957,-0.40000832080841064">
        </Bone>
      </Part>
    </Brick>
    <Brick refID="12" designID="3937">
      <Part refID="12" designID="3937" materials="1">
        <Bone refID="12" transformation="0,0,-1.0000001192092896,1.0000001192092896,0,0,0,-1.0000001192092896,0,8.1600027084350586,3.2781107425689697,0.39698922634124756">
        </Bone>
      </Part>
    </Brick>
    <Brick refID="13" designID="85984">
      <Part refID="13" designID="85984" materials="1">
        <Bone refID="13" transformation="0,-1,0,1,0,0,0,0,1,8.1600027084350586,2.4781105518341064,0.39699304103851318">
        </Bone>
      </Part>
    </Brick>
    <Brick refID="14" designID="3001">
      <Part refID="14" designID="3001" materials="1">
        <Bone refID="14" transformation="-1,0,0,0,1,0,0,0,-1,3.5999977588653564,3.6781110763549805,-0.40000832080841064">
        </Bone>
      </Part>
    </Brick>
    <Brick refID="15" designID="3022">
      <Part refID="15" designID="3022" materials="1">
        <Bone refID="15" transformation="0,0,1,0,0.99999994039535522,0,-1,0,0,2.0000030994415283,3.3581109046936035,-0.40000832080841064">
        </Bone>
      </Part>
    </Brick>
    <Brick refID="16" designID="3022">
      <Part refID="16" designID="3022" materials="21">
        <Bone refID="16" transformation="0,0,1,0,0.99999994039535522,0,-1,0,0,2.0000030994415283,3.0381109714508057,-0.40000832080841064">
        </Bone>
      </Part>
    </Brick>
    <Brick refID="17" designID="3832">
      <Part refID="17" designID="3832" materials="1">
        <Bone refID="17" transformation="-1,0,0,0,1,0,0,0,-1,3.5999805927276611,2.7181107997894287,-0.40000832080841064">
        </Bone>
      </Part>
    </Brick>
    <Brick refID="18" designID="44728">
      <Part refID="18" designID="44728" materials="26">
        <Bone refID="18" transformation="0,0,-1,0,0.99999994039535522,0,1,0,0,1.9999973773956299,2.3981106281280518,0.39999139308929443">
        </Bone>
      </Part>
    </Brick>
    <Brick refID="19" designID="3023">
      <Part refID="19" designID="3023" materials="26">
        <Bone refID="19" transformation="0,0,-1.0000001192092896,1.0000001192092896,0,0,0,-1.0000001192092896,0,2.5600025653839111,1.5181097984313965,0.39699685573577881">
        </Bone>
      </Part>
    </Brick>
    <Brick refID="20" designID="2555">
      <Part refID="20" designID="2555" materials="26">
        <Bone refID="20" transformation="0,1,0,1,0,0,0,0,-1,2.8800022602081299,1.5181097984313965,0.39699304103851318">
        </Bone>
      </Part>
    </Brick>
    <Brick refID="21" designID="2555">
      <Part refID="21" designID="2555" materials="26">
        <Bone refID="21" transformation="0,1.0000001192092896,0,1.0000001192092896,0,0,0,0,-1,2.8799984455108643,1.5181102752685547,-0.40300667285919189">
        </Bone>
      </Part>
    </Brick>
    <Brick refID="22" designID="3048">
      <Part refID="22" designID="3048" materials="1">
        <Bone refID="22" transformation="0,1,0,1,0,0,0,0,-1,2.5599987506866455,2.3181107044219971,-0.40301048755645752">
        </Bone>
      </Part>
    </Brick>
    <Brick refID="23" designID="30357">
      <Part refID="23" designID="30357" materials="268">
        <Bone refID="23" transformation="1,0,0,0,1,0,0,0,1,-0.40000423789024353,2.3981108665466309,0.39999520778656006">
        </Bone>
      </Part>
    </Brick>
    <Brick refID="24" designID="3021">
      <Part refID="24" designID="3021" materials="1">
        <Bone refID="24" transformation="-1,0,0,0,1,0,0,0,-1,0.39999502897262573,2.7181110382080078,1.1999868154525757">
        </Bone>
      </Part>
    </Brick>
    <Brick refID="25" designID="3024">
      <Part refID="25" designID="3024" materials="1">
        <Bone refID="25" transformation="0,0,1,0,0.99999994039535522,0,-1,0,0,-0.40000423789024353,3.0381109714508057,1.9999891519546509">
        </Bone>
      </Part>
    </Brick>
    <Brick refID="26" designID="3710">
      <Part refID="26" designID="3710" materials="1">
        <Bone refID="26" transformation="-1,0,0,0,1,0,0,0,-1,0.39999884366989136,3.3581111431121826,1.9999853372573853">
        </Bone>
      </Part>
    </Brick>
    <Brick refID="27" designID="4081">
      <Part refID="27" designID="4081" materials="26">
        <Bone refID="27" transformation="1,0,0,0,1,0,0,0,1,0.40000647306442261,3.0381109714508057,1.9999853372573853">
        </Bone>
      </Part>
    </Brick>
    <Brick refID="28" designID="4589">
      <Part refID="28" designID="4589" materials="26">
        <Bone refID="28" transformation="0,1,0,1,0,0,0,0,-1,0.56000632047653198,3.2817800045013428,2.7999882698059082">
        </Bone>
      </Part>
    </Brick>
    <Brick refID="29" designID="41762">
      <Part refID="29" designID="41762" materials="1">
        <Bone refID="29" transformation="-1,0,0,0,1,0,0,0,-1,0.39999884366989136,3.6781110763549805,1.9999853372573853">
        </Bone>
      </Part>
    </Brick>
    <Brick refID="30" designID="3005">
      <Part refID="30" designID="3005" materials="1,0" decoration="0">
        <Bone refID="30" transformation="0,0,1,0,0.99999994039535522,0,-1,0,0,-2.8000075817108154,2.7181110382080078,1.9999853372573853">
        </Bone>
      </Part>
    </Brick>
    <Brick refID="31" designID="30357">
      <Part refID="31" designID="30357" materials="268">
        <Bone refID="31" transformation="0,0,1,0,0.99999994039535522,0,-1,0,0,-2.8000247478485107,2.3981108665466309,0.39999139308929443">
        </Bone>
      </Part>
    </Brick>
    <Brick refID="32" designID="85080">
      <Part refID="32" designID="85080" materials="1">
        <Bone refID="32" transformation="0,0,1,0,0.99999994039535522,0,-1,0,0,-4.400029182434082,2.7181110382080078,1.1999868154525757">
        </Bone>
      </Part>
    </Brick>
    <Brick refID="33" designID="50746">
      <Part refID="33" designID="50746" materials="1">
        <Bone refID="33" transformation="0,0,1,0,0.99999994039535522,0,-1,0,0,-4.4000310897827148,3.6781113147735596,1.1999868154525757">
        </Bone>
      </Part>
    </Brick>
    <Brick refID="34" designID="45705">
      <Part refID="34" designID="45705" materials="1">
        <Bone refID="34" transformation="-1,0,0,0,1,0,0,0,-1,0.39999502897262573,4.6381106376647949,-2.0000066757202148">
        </Bone>
      </Part>
    </Brick>
    <Brick refID="35" designID="3938">
      <Part refID="35" designID="3938" materials="1">
        <Bone refID="35" transformation="0,0,1,0,0.99999994039535522,0,-1,0,0,-6.000004768371582,3.2781107425689697,-0.40000832080841064">
        </Bone>
      </Part>
    </Brick>
    <Brick refID="36" designID="41762">
      <Part refID="36" designID="41762" materials="1">
        <Bone refID="36" transformation="-1,0,0,0,1,0,0,0,-1,0.39999884366989136,3.6781110763549805,-2.0000066757202148">
        </Bone>
      </Part>
    </Brick>
    <Brick refID="37" designID="3005">
      <Part refID="37" designID="3005" materials="1,0" decoration="0">
        <Bone refID="37" transformation="0,0,1,0,0.99999994039535522,0,-1,0,0,-2.8000056743621826,2.7181110382080078,-2.0000107288360596">
        </Bone>
      </Part>
    </Brick>
    <Brick refID="38" designID="30357">
      <Part refID="38" designID="30357" materials="268">
        <Bone refID="38" transformation="-1,0,0,0,1,0,0,0,-1,-2.8000266551971436,2.3981108665466309,-0.40000832080841064">
        </Bone>
      </Part>
    </Brick>
    <Brick refID="39" designID="85080">
      <Part refID="39" designID="85080" materials="1">
        <Bone refID="39" transformation="-1,0,0,0,1,0,0,0,-1,-3.6000277996063232,2.7181105613708496,-2.0000100135803223">
        </Bone>
      </Part>
    </Brick>
    <Brick refID="40" designID="50746">
      <Part refID="40" designID="50746" materials="1">
        <Bone refID="40" transformation="0,0,1,0,0.99999994039535522,0,-1,0,0,-4.4000329971313477,3.6781108379364014,-1.2000114917755127">
        </Bone>
      </Part>
    </Brick>
    <Brick refID="41" designID="3710">
      <Part refID="41" designID="3710" materials="1">
        <Bone refID="41" transformation="-1,0,0,0,1,0,0,0,-1,0.39999312162399292,3.3581106662750244,-2.0000066757202148">
        </Bone>
      </Part>
    </Brick>
    <Brick refID="42" designID="3024">
      <Part refID="42" designID="3024" materials="1">
        <Bone refID="42" transformation="0,0,1,0,0.99999994039535522,0,-1,0,0,-0.40000611543655396,3.0381109714508057,-2.0000104904174805">
        </Bone>
      </Part>
    </Brick>
    <Brick refID="43" designID="3021">
      <Part refID="43" designID="3021" materials="1">
        <Bone refID="43" transformation="-1,0,0,0,1,0,0,0,-1,0.39999312162399292,2.7181107997894287,-2.0000066757202148">
        </Bone>
      </Part>
    </Brick>
    <Brick refID="44" designID="3832">
      <Part refID="44" designID="3832" materials="1">
        <Bone refID="44" transformation="0,0,1,0,0.99999994039535522,0,-1,0,0,-2.0000007152557373,3.0381107330322266,-3.6000089645385742">
        </Bone>
      </Part>
    </Brick>
    <Brick refID="45" designID="4855">
      <Part refID="45" designID="4855" materials="268">
        <Bone refID="45" transformation="0,0,1,0,0.99999994039535522,0,-1,0,0,-2.0000007152557373,2.3981106281280518,2.7999844551086426">
        </Bone>
      </Part>
    </Brick>
    <Brick refID="46" designID="47753">
      <Part refID="46" designID="47753" materials="268">
        <Bone refID="46" transformation="0,0,1,0,0.99999994039535522,0,-1,0,0,-2.800001859664917,3.3581109046936035,2.7999882698059082">
        </Bone>
      </Part>
    </Brick>
    <Brick refID="47" designID="3023">
      <Part refID="47" designID="3023" materials="21">
        <Bone refID="47" transformation="-1,0,0,0,1,0,0,0,-1,-1.20000159740448,3.6781108379364014,2.7999892234802246">
        </Bone>
      </Part>
    </Brick>
    <Brick refID="48" designID="3022">
      <Part refID="48" designID="3022" materials="21">
        <Bone refID="48" transformation="0,0,1,0,0.99999994039535522,0,-1,0,0,-2.0000007152557373,3.3581109046936035,2.7999844551086426">
        </Bone>
      </Part>
    </Brick>
    <Brick refID="49" designID="3022">
      <Part refID="49" designID="3022" materials="21">
        <Bone refID="49" transformation="0,0,1,0,0.99999994039535522,0,-1,0,0,-1.9999969005584717,3.3581106662750244,-3.6000089645385742">
        </Bone>
      </Part>
    </Brick>
    <Brick refID="50" designID="47753">
      <Part refID="50" designID="47753" materials="268">
        <Bone refID="50" transformation="0,0,-1,0,0.99999994039535522,0,1,0,0,-0.39999467134475708,3.3581109046936035,-2.8000097274780273">
        </Bone>
      </Part>
    </Brick>
    <Brick refID="51" designID="3023">
      <Part refID="51" designID="3023" materials="21">
        <Bone refID="51" transformation="-1,0,0,0,1,0,0,0,-1,-1.1999976634979248,3.6781108379364014,-2.8000097274780273">
        </Bone>
      </Part>
    </Brick>
    <Brick refID="52" designID="4855">
      <Part refID="52" designID="4855" materials="268">
        <Bone refID="52" transformation="0,0,-1,0,0.99999994039535522,0,1,0,0,-1.1999976634979248,2.3981106281280518,-2.8000097274780273">
        </Bone>
      </Part>
    </Brick>
    <Brick refID="53" designID="3022">
      <Part refID="53" designID="3022" materials="192">
        <Bone refID="53" transformation="0,0,1,0,0.99999994039535522,0,-1,0,0,-2.0000083446502686,2.3981106281280518,-2.0000107288360596">
        </Bone>
      </Part>
    </Brick>
    <Brick refID="54" designID="4081">
      <Part refID="54" designID="4081" materials="26">
        <Bone refID="54" transformation="-1,0,0,0,1,0,0,0,-1,0.39999693632125854,3.0381107330322266,-2.0000066757202148">
        </Bone>
      </Part>
    </Brick>
    <Brick refID="55" designID="4589">
      <Part refID="55" designID="4589" materials="26">
        <Bone refID="55" transformation="0,1,0,1,0,0,0,0,-1,0.55999678373336792,3.2817800045013428,-2.8000059127807617">
        </Bone>
      </Part>
    </Brick>
    <Brick refID="56" designID="30357">
      <Part refID="56" designID="30357" materials="268">
        <Bone refID="56" transformation="0,0,-1,0,0.99999994039535522,0,1,0,0,-0.40001183748245239,2.3981106281280518,-0.40000832080841064">
        </Bone>
      </Part>
    </Brick>
    <Brick refID="57" designID="3023">
      <Part refID="57" designID="3023" materials="1">
        <Bone refID="57" transformation="0,0,1,0,0.99999994039535522,0,-1,0,0,-0.40000993013381958,5.5981111526489258,-0.40000832080841064">
        </Bone>
      </Part>
    </Brick>
    <Brick refID="58" designID="4081">
      <Part refID="58" designID="4081" materials="268">
        <Bone refID="58" transformation="0,0,1,0,0.99999994039535522,0,-1,0,0,-0.40001374483108521,5.9181113243103027,-0.40000832080841064">
        </Bone>
      </Part>
    </Brick>
    <Brick refID="59" designID="3022">
      <Part refID="59" designID="3022" materials="192">
        <Bone refID="59" transformation="0,0,1,0,0.99999994039535522,0,-1,0,0,-2.0000083446502686,2.3981108665466309,1.1999868154525757">
        </Bone>
      </Part>
    </Brick>
    <Brick refID="60" designID="3020">
      <Part refID="60" designID="3020" materials="1">
        <Bone refID="60" transformation="-1,0,0,0,1,0,0,0,-1,5.999995231628418,3.0381104946136475,-0.40000832080841064">
        </Bone>
      </Part>
    </Brick>
    <Brick refID="61" designID="2476">
      <Part refID="61" designID="2476" materials="192">
        <Bone refID="61" transformation="0,0,1,0,0.99999994039535522,0,-1,0,0,-2.0000045299530029,2.3981106281280518,0.39999139308929443">
        </Bone>
      </Part>
    </Brick>
    <Brick refID="62" designID="4070">
      <Part refID="62" designID="4070" materials="1">
        <Bone refID="62" transformation="1,0,0,0,1,0,0,0,1,1.1999905109405518,3.6781105995178223,1.9999853372573853">
        </Bone>
      </Part>
    </Brick>
    <Brick refID="63" designID="61409">
      <Part refID="63" designID="61409" materials="1">
        <Bone refID="63" transformation="0,1.0000001192092896,0,0,0,1.0000001192092896,1.0000001192092896,0,0,1.2000019550323486,4.2381105422973633,2.2518429756164551">
        </Bone>
      </Part>
    </Brick>
    <Brick refID="64" designID="4070">
      <Part refID="64" designID="4070" materials="1">
        <Bone refID="64" transformation="1,0,0,0,1,0,0,0,1,2.0000011920928955,3.6781105995178223,1.9999858140945435">
        </Bone>
      </Part>
    </Brick>
    <Brick refID="65" designID="4070">
      <Part refID="65" designID="4070" materials="1">
        <Bone refID="65" transformation="-1,0,0,0,1,0,0,0,-1,2.0000030994415283,3.6781105995178223,-2.0000102519989014">
        </Bone>
      </Part>
    </Brick>
    <Brick refID="66" designID="61409">
      <Part refID="66" designID="61409" materials="1">
        <Bone refID="66" transformation="0,-1.0000001192092896,0,0,0,-1.0000001192092896,1.0000001192092896,0,0,1.2000019550323486,4.2381100654602051,-2.2518723011016846">
        </Bone>
      </Part>
    </Brick>
    <Brick refID="67" designID="4070">
      <Part refID="67" designID="4070" materials="1">
        <Bone refID="67" transformation="-1,0,0,0,1,0,0,0,-1,1.2000019550323486,3.6781105995178223,-2.0000107288360596">
        </Bone>
      </Part>
    </Brick>
    <Brick refID="68" designID="3022">
      <Part refID="68" designID="3022" materials="1">
        <Bone refID="68" transformation="0,0,1,0,0.99999994039535522,0,-1,0,0,1.1999943256378174,3.3581109046936035,-2.0000030994415283">
        </Bone>
      </Part>
    </Brick>
    <Brick refID="69" designID="3022">
      <Part refID="69" designID="3022" materials="1">
        <Bone refID="69" transformation="0,0,1,0,0.99999994039535522,0,-1,0,0,1.1999943256378174,3.0381109714508057,-2.0000030994415283">
        </Bone>
      </Part>
    </Brick>
    <Brick refID="70" designID="3023">
      <Part refID="70" designID="3023" materials="1">
        <Bone refID="70" transformation="0,0,-1,0,0.99999994039535522,0,1,0,0,1.1999886035919189,2.7181103229522705,-1.2000076770782471">
        </Bone>
      </Part>
    </Brick>
    <Brick refID="71" designID="3022">
      <Part refID="71" designID="3022" materials="1">
        <Bone refID="71" transformation="0,0,1,0,0.99999994039535522,0,-1,0,0,1.2000019550323486,3.3581106662750244,1.1999868154525757">
        </Bone>
      </Part>
    </Brick>
    <Brick refID="72" designID="3022">
      <Part refID="72" designID="3022" materials="1">
        <Bone refID="72" transformation="0,0,1,0,0.99999994039535522,0,-1,0,0,1.2000038623809814,3.0381104946136475,1.1999868154525757">
        </Bone>
      </Part>
    </Brick>
    <Brick refID="73" designID="3023">
      <Part refID="73" designID="3023" materials="1">
        <Bone refID="73" transformation="0,0,-1,0,0.99999994039535522,0,1,0,0,1.1999943256378174,2.7181105613708496,1.9999929666519165">
        </Bone>
      </Part>
    </Brick>
    <Brick refID="74" designID="3023">
      <Part refID="74" designID="3023" materials="26">
        <Bone refID="74" transformation="0.99999994039535522,0,0,0,0,1,0,-1,0,5.199986457824707,3.2781102657318115,1.2799896001815796">
        </Bone>
      </Part>
    </Brick>
    <Brick refID="75" designID="3023">
      <Part refID="75" designID="3023" materials="26">
        <Bone refID="75" transformation="0.99999994039535522,0,0,0,0,1,0,-1,0,5.1999845504760742,3.2781102657318115,0.95999062061309814">
        </Bone>
      </Part>
    </Brick>
    <Brick refID="76" designID="2436">
      <Part refID="76" designID="2436" materials="26">
        <Bone refID="76" transformation="1,0,0,0,1,0,0,0,1,5.9999938011169434,3.3581101894378662,0.3999931812286377">
        </Bone>
      </Part>
    </Brick>
    <Brick refID="77" designID="3049">
      <Part refID="77" designID="3049" materials="1">
        <Bone refID="77" transformation="0,1.0000001192092896,0,0,0,1.0000001192092896,1.0000001192092896,0,0,5.9999842643737793,3.2781102657318115,1.5999938249588013">
        </Bone>
      </Part>
    </Brick>
    <Brick refID="78" designID="3049">
      <Part refID="78" designID="3049" materials="1">
        <Bone refID="78" transformation="0,1.0000001192092896,0,0,0,1.0000001192092896,1.0000001192092896,0,0,7.5999822616577148,3.2781102657318115,0.95999062061309814">
        </Bone>
      </Part>
    </Brick>
    <Brick refID="79" designID="2436">
      <Part refID="79" designID="2436" materials="26">
        <Bone refID="79" transformation="-1,0,0,0,1,0,0,0,-1,6.7999982833862305,3.3581101894378662,-0.40000271797180176">
        </Bone>
      </Part>
    </Brick>
    <Brick refID="80" designID="3023">
      <Part refID="80" designID="3023" materials="26">
        <Bone refID="80" transformation="-1,0,0,0,0,-1.0000001192092896,0,-1.0000001192092896,0,6.0000028610229492,3.2781102657318115,-0.96000450849533081">
        </Bone>
      </Part>
    </Brick>
    <Brick refID="81" designID="3023">
      <Part refID="81" designID="3023" materials="26">
        <Bone refID="81" transformation="-1,0,0,0,0,-1,0,-1,0,5.9999990463256836,3.2781102657318115,-1.2800042629241943">
        </Bone>
      </Part>
    </Brick>
    <Brick refID="82" designID="3049">
      <Part refID="82" designID="3049" materials="1">
        <Bone refID="82" transformation="0,1.0000001192092896,0,0,0,-1.0000001192092896,-1.0000001192092896,0,0,5.2000036239624023,3.2781102657318115,-1.6000001430511475">
        </Bone>
      </Part>
    </Brick>
    <Brick refID="83" designID="3049">
      <Part refID="83" designID="3049" materials="1">
        <Bone refID="83" transformation="0,1.0000001192092896,0,0,0,-1.0000001192092896,-1.0000001192092896,0,0,6.8000020980834961,3.2781131267547607,-0.96000462770462036">
        </Bone>
      </Part>
    </Brick>
    <Brick refID="84" designID="85984">
      <Part refID="84" designID="85984" materials="1">
        <Bone refID="84" transformation="0.90777987241744995,0.41944688558578491,0,-0.41944688558578491,0.90777987241744995,0,0,0,1,-6.8940105438232422,3.3056643009185791,0.4000016450881958">
        </Bone>
      </Part>
    </Brick>
    <Brick refID="85" designID="32000">
      <Part refID="85" designID="32000" materials="1">
        <Bone refID="85" transformation="0,0,1,-0.41944682598114014,0.90777993202209473,0,-0.90777993202209473,-0.41944682598114014,0,-6.491340160369873,2.4341950416564941,-0.39999759197235107">
        </Bone>
      </Part>
    </Brick>
    <Brick refID="86" designID="3937">
      <Part refID="86" designID="3937" materials="1">
        <Bone refID="86" transformation="0,0,-1,-0.41944670677185059,0.90778011083602905,0,0.9077799916267395,0.4194466769695282,0,-5.7651171684265137,2.7697536945343018,0.39999783039093018">
        </Bone>
      </Part>
    </Brick>
    <Brick refID="87" designID="2654">
      <Part refID="87" designID="2654" materials="1">
        <Bone refID="87" transformation="0,0,1,-0.41944670677185059,0.90777993202209473,0,-0.90777993202209473,-0.4194466769695282,0,-6.491340160369873,2.4341950416564941,-0.39999759197235107">
        </Bone>
      </Part>
    </Brick>
    <Brick refID="88" designID="6562">
      <Part refID="88" designID="6562" materials="1">
        <Bone refID="88" transformation="0.29659301042556763,-0.64189660549163818,0.70710790157318115,-0.29659408330917358,0.641898512840271,0.70710575580596924,-0.90778017044067383,-0.41944652795791626,0,-7.8239536285400391,2.4573719501495361,-0.4000014066696167">
        </Bone>
      </Part>
    </Brick>
    <Brick refID="89" designID="61800">
      <Part refID="89" designID="61800" materials="268">
        <Bone refID="89" transformation="-0.29659327864646912,0.64189726114273071,-0.70710712671279907,-0.29659369587898254,0.64189785718917847,0.70710664987564087,0.90778017044067383,0.41944658756256104,0,-7.0977277755737305,2.7929313182830811,-0.40000200271606445">
        </Bone>
      </Part>
    </Brick>
    <Brick refID="90" designID="6562">
      <Part refID="90" designID="6562" materials="1">
        <Bone refID="90" transformation="-0.29659390449523926,0.64189773797988892,0.70710641145706177,-0.29659402370452881,0.64189684391021729,-0.7071073055267334,-0.90777981281280518,-0.41944727301597595,0,-7.8239555358886719,2.4573721885681152,0.4000016450881958">
        </Bone>
      </Part>
    </Brick>
    <Brick refID="91" designID="61800">
      <Part refID="91" designID="61800" materials="268">
        <Bone refID="91" transformation="-0.29659345746040344,0.64189815521240234,0.70710611343383789,0.29659572243690491,-0.64189565181732178,0.7071075439453125,0.90777933597564697,0.41944816708564758,0,-7.0977320671081543,2.7929286956787109,0.40000259876251221">
        </Bone>
      </Part>
    </Brick>
    <Brick refID="92" designID="61184">
      <Part refID="92" designID="61184" materials="26">
        <Bone refID="92" transformation="0,0,1.0000001192092896,1.0000001192092896,0,0,0,1.0000001192092896,0,2.4979984760284424,3.2817795276641846,-2.8000030517578125">
        </Bone>
      </Part>
    </Brick>
    <Brick refID="93" designID="61184">
      <Part refID="93" designID="61184" materials="26">
        <Bone refID="93" transformation="0,0,1.0000001192092896,1.0000001192092896,0,0,0,1.0000001192092896,0,2.4980061054229736,3.2817800045013428,2.799994945526123">
        </Bone>
      </Part>
    </Brick>
    <Brick refID="94" designID="48336">
      <Part refID="94" designID="48336" materials="26">
        <Bone refID="94" transformation="0,0,-1.0000001192092896,0.073118790984153748,-0.99732321500778198,0,-0.99732333421707153,-0.073118790984153748,0,4.2277231216430664,1.8239407539367676,0.3819962739944458">
        </Bone>
      </Part>
    </Brick>
    <Brick refID="95" designID="3023">
      <Part refID="95" designID="3023" materials="26">
        <Bone refID="95" transformation="0,0,1,0.073116891086101532,-0.99732333421707153,0,0.99732333421707153,0.073116891086101532,0,4.2511262893676758,1.5047982931137085,-0.41800296306610107">
        </Bone>
      </Part>
    </Brick>
    <Brick refID="96" designID="3049">
      <Part refID="96" designID="3049" materials="1">
        <Bone refID="96" transformation="0.073125064373016357,-0.99732273817062378,0,0,0,1.0000001192092896,-0.99732279777526855,-0.073124945163726807,0,4.2452707290649414,1.5845831632614136,1.5819970369338989">
        </Bone>
      </Part>
    </Brick>
    <Brick refID="97" designID="3023">
      <Part refID="97" designID="3023" materials="26">
        <Bone refID="97" transformation="0.99732315540313721,0.073118075728416443,0,0,0,1,0.073118075728416443,-0.99732321500778198,0,4.2452750205993652,1.5845836400985718,1.2619980573654175">
        </Bone>
      </Part>
    </Brick>
    <Brick refID="98" designID="3023">
      <Part refID="98" designID="3023" materials="26">
        <Bone refID="98" transformation="0.99732315540313721,0.073118075728416443,0,0,0,1,0.073118075728416443,-0.99732321500778198,0,4.2452750205993652,1.5845836400985718,0.94199836254119873">
        </Bone>
      </Part>
    </Brick>
    <Brick refID="99" designID="2436">
      <Part refID="99" designID="2436" materials="26">
        <Bone refID="99" transformation="-0.997322678565979,-0.073125503957271576,0,0.073125503957271576,-0.99732261896133423,0,0,0,1,5.8468489646911621,1.6217868328094482,0.38200080394744873">
        </Bone>
      </Part>
    </Brick>
    <Brick refID="100" designID="3049">
      <Part refID="100" designID="3049" materials="1">
        <Bone refID="100" transformation="0.073124960064888,-0.99732273817062378,0,0,0,1.0000001192092896,-0.99732279777526855,-0.073124848306179047,0,5.841001033782959,1.7015703916549683,0.94199836254119873">
        </Bone>
      </Part>
    </Brick>
    <Brick refID="101" designID="3176">
      <Part refID="101" designID="3176" materials="26">
        <Bone refID="101" transformation="-0.997322678565979,-0.073125503957271576,0,0.073125503957271576,-0.99732261896133423,0,0,0,1,5.8234477043151855,1.9409308433532715,0.38200080394744873">
        </Bone>
      </Part>
    </Brick>
    <Brick refID="102" designID="3049">
      <Part refID="102" designID="3049" materials="1">
        <Bone refID="102" transformation="0.073118060827255249,-0.99732327461242676,0,0,0,-1,0.99732327461242676,0.073118060827255249,0,5.0431418418884277,1.6430789232254028,-1.6180030107498169">
        </Bone>
      </Part>
    </Brick>
    <Brick refID="103" designID="3023">
      <Part refID="103" designID="3023" materials="26">
        <Bone refID="103" transformation="-0.99732351303100586,-0.073114484548568726,0,0,0,-1,0.073114484548568726,-0.99732345342636108,0,5.0431385040283203,1.6430784463882446,-1.2980070114135742">
        </Bone>
      </Part>
    </Brick>
    <Brick refID="104" designID="3023">
      <Part refID="104" designID="3023" materials="26">
        <Bone refID="104" transformation="-0.99732363224029541,-0.073112852871417999,0,0,0,-1.0000001192092896,0.073112852871417999,-0.99732363224029541,0,5.0431308746337891,1.6430784463882446,-0.97800731658935547">
        </Bone>
      </Part>
    </Brick>
    <Brick refID="105" designID="2436">
      <Part refID="105" designID="2436" materials="26">
        <Bone refID="105" transformation="0.99732482433319092,0.073100551962852478,0,0.073100551962852478,-0.99732446670532227,0,0,0,-1,5.0489902496337891,1.5632928609848022,-0.41800570487976074">
        </Bone>
      </Part>
    </Brick>
    <Brick refID="106" designID="3049">
      <Part refID="106" designID="3049" materials="1">
        <Bone refID="106" transformation="0.073117956519126892,-0.99732321500778198,0,0,0,-1,0.99732327461242676,0.073118001222610474,0,6.6388521194458008,1.7600668668746948,-0.97800362110137939">
        </Bone>
      </Part>
    </Brick>
    <Brick refID="107" designID="63864">
      <Part refID="107" designID="63864" materials="26">
        <Bone refID="107" transformation="-0.997322678565979,-0.073125503957271576,0,0.073125503957271576,-0.99732261896133423,0,0,0,1,5.870236873626709,1.302642822265625,0.38200068473815918">
        </Bone>
      </Part>
    </Brick>
    <Brick refID="108" designID="63864">
      <Part refID="108" designID="63864" materials="26">
        <Bone refID="108" transformation="-0.99732249975204468,-0.073128119111061096,0,0.073128119111061096,-0.9973224401473999,0,0,0,1,5.8702445030212402,1.3026446104049683,-0.41800177097320557">
        </Bone>
      </Part>
    </Brick>
    <Brick refID="109" designID="71137">
      <Part refID="109" designID="71137" materials="26">
        <Bone refID="109" transformation="-0.97478008270263672,-0.2231675386428833,0,0.2231675386428833,-0.97478008270263672,0,0,0,1,-1.2000100612640381,6.1617798805236816,-0.018005251884460449">
        </Bone>
      </Part>
    </Brick>
    <Brick refID="110" designID="4287">
      <Part refID="110" designID="4287" materials="26">
        <Bone refID="110" transformation="0,0,-1,0,0.99999994039535522,0,1,0,0,2.7999966144561768,1.758110523223877,-1.1999969482421875">
        </Bone>
      </Part>
    </Brick>
    <Brick refID="111" designID="3710">
      <Part refID="111" designID="3710" materials="26">
        <Bone refID="111" transformation="-1,0,0,0,1,0,0,0,-1,4.3999948501586914,2.7181105613708496,-1.1999931335449219">
        </Bone>
      </Part>
    </Brick>
    <Brick refID="112" designID="3623">
      <Part refID="112" designID="3623" materials="26">
        <Bone refID="112" transformation="-1,0,0,0,1,0,0,0,-1,4.3999948501586914,3.0381104946136475,-1.1999931335449219">
        </Bone>
      </Part>
    </Brick>
    <Brick refID="113" designID="43723">
      <Part refID="113" designID="43723" materials="1">
        <Bone refID="113" transformation="-1,0,0,0,1,0,0,0,-1,4.399998664855957,3.3581106662750244,-1.2000007629394531">
        </Bone>
      </Part>
    </Brick>
    <Brick refID="114" designID="43723">
      <Part refID="114" designID="43723" materials="21">
        <Bone refID="114" transformation="-1,0,0,0,1,0,0,0,-1,5.1999940872192383,3.6781105995178223,-1.2000045776367187">
        </Bone>
      </Part>
    </Brick>
    <Brick refID="115" designID="43710">
      <Part refID="115" designID="43710" materials="21">
        <Bone refID="115" transformation="-1,0,0,0,1,0,0,0,-1,5.1999940872192383,3.9981105327606201,-1.2000045776367187">
        </Bone>
      </Part>
    </Brick>
    <Brick refID="116" designID="3023">
      <Part refID="116" designID="3023" materials="21">
        <Bone refID="116" transformation="0,0,1,0,0.99999994039535522,0,-1,0,0,2.7999947071075439,3.6781105995178223,-2.0000038146972656">
        </Bone>
      </Part>
    </Brick>
    <Brick refID="117" designID="43711">
      <Part refID="117" designID="43711" materials="21">
        <Bone refID="117" transformation="-1,0,0,0,1,0,0,0,-1,5.1999979019165039,3.9981105327606201,1.1999894380569458">
        </Bone>
      </Part>
    </Brick>
    <Brick refID="118" designID="3023">
      <Part refID="118" designID="3023" materials="21">
        <Bone refID="118" transformation="0,0,1,0,0.99999994039535522,0,-1,0,0,2.7999968528747559,3.6781103610992432,1.1999932527542114">
        </Bone>
      </Part>
    </Brick>
    <Brick refID="119" designID="43722">
      <Part refID="119" designID="43722" materials="21">
        <Bone refID="119" transformation="-1,0,0,0,1,0,0,0,-1,5.1999998092651367,3.6781103610992432,1.1999932527542114">
        </Bone>
      </Part>
    </Brick>
    <Brick refID="120" designID="43722">
      <Part refID="120" designID="43722" materials="1">
        <Bone refID="120" transformation="-1,0,0,0,1,0,0,0,-1,4.4000048637390137,3.3581104278564453,1.1999932527542114">
        </Bone>
      </Part>
    </Brick>
    <Brick refID="121" designID="3623">
      <Part refID="121" designID="3623" materials="26">
        <Bone refID="121" transformation="-1,0,0,0,1,0,0,0,-1,4.4000043869018555,3.0381102561950684,1.1999894380569458">
        </Bone>
      </Part>
    </Brick>
    <Brick refID="122" designID="3710">
      <Part refID="122" designID="3710" materials="26">
        <Bone refID="122" transformation="-1,0,0,0,1,0,0,0,-1,4.4000043869018555,2.7181103229522705,1.1999894380569458">
        </Bone>
      </Part>
    </Brick>
    <Brick refID="123" designID="4287">
      <Part refID="123" designID="4287" materials="26">
        <Bone refID="123" transformation="0,0,-1,0,0.99999994039535522,0,1,0,0,2.7999987602233887,1.758108377456665,1.1999932527542114">
        </Bone>
      </Part>
    </Brick>
    <Brick refID="124" designID="53983">
      <Part refID="124" designID="53983" materials="26">
        <Bone refID="124" transformation="0,0,1.0000001192092896,-1.0000001192092896,0,0,0,-1.0000001192092896,0,-1.6000039577484131,1.5981104373931885,0">
        </Bone>
      </Part>
    </Brick>
  </Bricks>
  <RigidSystems>
    <RigidSystem>
      <Rigid refID="0" transformation="0,0,-1.0000001192092896,0.92685842514038086,-0.37541109323501587,0,-0.37541115283966064,-0.92685842514038086,0,9.0009670257568359,3.4883401393890381,1.9969956874847412" boneRefs="0,1"/>
      <Rigid refID="1" transformation="0,0,1,0.92685836553573608,-0.37541124224662781,0,0.37541121244430542,0.92685836553573608,0,11.520151138305664,2.0364129543304443,1.5970017910003662" boneRefs="2"/>
      <Rigid refID="2" transformation="-0.96905684471130371,-0.24683767557144165,0,-0.24683767557144165,0.96905708312988281,0,0,0,-1,-0.40001010894775391,6.1617794036865234,1.5819947719573975" boneRefs="3"/>
      <Rigid refID="3" transformation="0,0,1,0,0.99999994039535522,0,-1,0,0,-2.800023078918457,3.6781103610992432,1.1999986171722412" boneRefs="4,5,6,7,8,9,10,11,12,13,14,15,16,17,18,19,20,21,22,23,24,25,26,27,28,29,30,31,32,33,34,35,36,37,38,39,40,41,42,43,44,45,46,47,48,49,50,51,52,53,54,55,56,57,58,59,60,61,62,63,64,65,66,67,68,69,70,71,72,73,74,75,76,77,78,79,80,81,82,83"/>
      <Rigid refID="4" transformation="0.90777987241744995,0.41944688558578491,0,-0.41944688558578491,0.90777987241744995,0,0,0,1,-6.0940103530883789,3.3056640625,2.0000016689300537" boneRefs="84,85,86,87"/>
      <Rigid refID="5" transformation="0.29659301042556763,-0.64189660549163818,0.70710790157318115,-0.29659408330917358,0.641898512840271,0.70710575580596924,-0.90778017044067383,-0.41944652795791626,0,-7.0239534378051758,2.457371711730957,1.1999986171722412" boneRefs="88,89"/>
      <Rigid refID="6" transformation="-0.29659390449523926,0.64189773797988892,0.70710641145706177,-0.29659402370452881,0.64189684391021729,-0.7071073055267334,-0.90777981281280518,-0.41944727301597595,0,-7.0239553451538086,2.4573719501495361,2.0000016689300537" boneRefs="90,91"/>
      <Rigid refID="7" transformation="0,0,1.0000001192092896,1.0000001192092896,0,0,0,1.0000001192092896,0,3.2979984283447266,3.2817792892456055,-1.200002908706665" boneRefs="92"/>
      <Rigid refID="8" transformation="0,0,1.0000001192092896,1.0000001192092896,0,0,0,1.0000001192092896,0,3.2980060577392578,3.2817797660827637,4.3999948501586914" boneRefs="93"/>
      <Rigid refID="9" transformation="0,0,-1.0000001192092896,0.073118790984153748,-0.99732321500778198,0,-0.99732333421707153,-0.073118790984153748,0,5.0277233123779297,1.8239405155181885,1.9819962978363037" boneRefs="94,95,96,97,98,99,100,101,102,103,104,105,106,107,108"/>
      <Rigid refID="10" transformation="-0.97478008270263672,-0.2231675386428833,0,0.2231675386428833,-0.97478008270263672,0,0,0,1,-0.40001010894775391,6.1617794036865234,1.5819947719573975" boneRefs="109"/>
      <Rigid refID="11" transformation="0,0,-1,0,0.99999994039535522,0,1,0,0,3.5999965667724609,1.7581102848052979,0.40000313520431519" boneRefs="110,111,112,113,114,115,116"/>
      <Rigid refID="12" transformation="-1,0,0,0,1,0,0,0,-1,5.9999980926513672,3.998110294342041,2.7999894618988037" boneRefs="117,118,119,120,121,122,123"/>
      <Rigid refID="13" transformation="0,0,1.0000001192092896,-1.0000001192092896,0,0,0,-1.0000001192092896,0,-0.80000400543212891,1.5981101989746094,1.6000001430511475" boneRefs="124"/>
      <Joint type="hinge">
        <RigidRef rigidRef="1" a="0,1,0" z="0,0,1" t="0,0,0"/>
        <RigidRef rigidRef="0" a="0,1,0" z="0,0,-1" t="0.39999634027481079,2.8800015449523926,0.39999744296073914"/>
      </Joint>
      <Joint type="hinge">
        <RigidRef rigidRef="3" a="1,0,0" z="0,0,-1" t="0.39699003100395203,-0.39999985694885254,-12.320026397705078"/>
