<?xml version="1.0" encoding="UTF-8" standalone="no" ?>
<LXFML versionMajor="5" versionMinor="0">
  <Meta>
    <Application name="CCOP" versionMajor="0" versionMinor="0"/>
    <Brand name="LEGOUniverse"/>
    <BrickSet version="228"/>
  </Meta>
  <Bricks>
    <Brick refID="0" designID="57467">
      <Part refID="0" designID="57467" materials="194">
        <Bone refID="0" transformation="0.70679235458374023,0.0206478051841259,0.7071196436882019,0.67583590745925903,0.27563688158988953,-0.68357163667678833,-0.20902250707149506,0.96104007959365845,0.18086349964141846,0.88304626941680908,5.4879193305969238,-0.88382726907730103">
        </Bone>
      </Part>
    </Brick>
    <Brick refID="1" designID="23306">
      <Part refID="1" designID="23306" materials="194">
        <Bone refID="1" transformation="0.70679241418838501,0.020647823810577393,0.70711988210678101,0.67583614587783813,0.2756367027759552,-0.68357157707214355,-0.20902237296104431,0.961040198802948,0.18086336553096771,0.059189915657043457,5.1519126892089844,-0.050541043281555176">
        </Bone>
      </Part>
    </Brick>
    <Brick refID="2" designID="30374">
      <Part refID="2" designID="30374" materials="194">
        <Bone refID="2" transformation="-0.70679205656051636,-0.02064797468483448,-0.70712006092071533,-0.20902246236801147,0.96104013919830322,0.18086300790309906,0.67583632469177246,0.27563652396202087,-0.68357127904891968,0.059183638542890549,5.1519126892089844,-0.050553720444440842">
        </Bone>
      </Part>
    </Brick>
    <Brick refID="3" designID="2555">
      <Part refID="3" designID="2555" materials="192">
        <Bone refID="3" transformation="0.71111911535263062,0,0.70307159423828125,-0.19379247725009918,0.96126186847686768,0.19601072371006012,-0.67583584785461426,-0.2756369411945343,0.68357169628143311,0.54706728458404541,4.7600011825561523,-0.5439993143081665">
        </Bone>
      </Part>
    </Brick>
    <Brick refID="4" designID="47905">
      <Part refID="4" designID="47905" materials="192">
        <Bone refID="4" transformation="0.71111935377120972,0,0.70307153463363647,-0.19379235804080963,0.96126192808151245,0.19601061940193176,-0.67583578824996948,-0.27563682198524475,0.68357181549072266,0.73310613632202148,3.8371896743774414,-0.73216754198074341">
        </Bone>
      </Part>
    </Brick>
    <Brick refID="5" designID="4733">
      <Part refID="5" designID="4733" materials="192">
        <Bone refID="5" transformation="0.71111983060836792,0,0.70307087898254395,-0.19379216432571411,0.96126186847686768,0.19601067900657654,-0.67583513259887695,-0.27563673257827759,0.68357247114181519,0.91884040832519531,2.9144303798675537,-0.92035025358200073">
        </Bone>
      </Part>
    </Brick>
    <Brick refID="6" designID="6141">
      <Part refID="6" designID="6141" materials="192">
        <Bone refID="6" transformation="0.19379271566867828,-0.9612618088722229,-0.19601072371006012,0.71111959218978882,0,0.70307129621505737,-0.67583543062210083,-0.27563714981079102,0.68357199430465698,1.0948886871337891,3.4527220726013184,-0.52930909395217896">
        </Bone>
      </Part>
    </Brick>
    <Brick refID="7" designID="3044">
      <Part refID="7" designID="3044" materials="192">
        <Bone refID="7" transformation="-0.19379283487796783,0.96126174926757813,0.19601148366928101,0.67583549022674561,0.27563810348510742,-0.68357193470001221,-0.71111965179443359,0,-0.7030712366104126,0.79623174667358398,3.5630700588226318,-1.3651895523071289">
        </Bone>
      </Part>
    </Brick>
    <Brick refID="8" designID="6141">
      <Part refID="8" designID="6141" materials="192">
        <Bone refID="8" transformation="-0.19379210472106934,0.96126174926757813,0.19601093232631683,-0.71111947298049927,0,-0.70307141542434692,-0.67583572864532471,-0.27563697099685669,0.68357199430465698,0.52582269906997681,3.452721118927002,-1.0917717218399048">
        </Bone>
      </Part>
    </Brick>
    <Brick refID="9" designID="6141">
      <Part refID="9" designID="6141" materials="199">
        <Bone refID="9" transformation="0.70307159423828125,0,-0.71111911535263062,-0.71111905574798584,0,-0.70307165384292603,0,0.99999994039535522,0,2.1651935577392578,3.4400012493133545,0.54988396167755127">
        </Bone>
      </Part>
    </Brick>
    <Brick refID="10" designID="32530">
      <Part refID="10" designID="32530" materials="192">
        <Bone refID="10" transformation="0.7030719518661499,0,-0.71111875772476196,0,1,0,0.71111869812011719,0,0.70307201147079468,1.3719992637634277,2.2400009632110596,0.3281242847442627">
        </Bone>
      </Part>
    </Brick>
    <Brick refID="11" designID="32530">
      <Part refID="11" designID="32530" materials="192">
        <Bone refID="11" transformation="0.70307183265686035,0,-0.71111893653869629,0,1,0,0.71111881732940674,0,0.70307189226150513,-0.33442986011505127,2.2400009632110596,-1.3592314720153809">
        </Bone>
      </Part>
    </Brick>
    <Brick refID="12" designID="6141">
      <Part refID="12" designID="6141" materials="199">
        <Bone refID="12" transformation="0.7030717134475708,0,-0.71111923456192017,0.71111923456192017,0,0.70307165384292603,0,-1.0000001192092896,0,-0.56516540050506592,3.4400012493133545,-2.1498887538909912">
        </Bone>
      </Part>
    </Brick>
    <Brick refID="13" designID="6141">
      <Part refID="13" designID="6141" materials="199">
        <Bone refID="13" transformation="0.70307159423828125,0,-0.71111911535263062,-0.71111905574798584,0,-0.70307165384292603,0,0.99999994039535522,0,2.1651935577392578,2.6400012969970703,0.5498841404914856">
        </Bone>
      </Part>
    </Brick>
    <Brick refID="14" designID="6141">
      <Part refID="14" designID="6141" materials="199">
        <Bone refID="14" transformation="0.70307159423828125,0,-0.71111917495727539,0.71111905574798584,0,0.70307165384292603,0,-0.99999994039535522,0,-0.56516182422637939,2.6400008201599121,-2.1498885154724121">
        </Bone>
      </Part>
    </Brick>
    <Brick refID="15" designID="2540">
      <Part refID="15" designID="2540" materials="192">
        <Bone refID="15" transformation="0.70307165384292603,0,-0.71111911535263062,0,1,0,0.71111899614334106,0,0.7030717134475708,1.3719989061355591,1.9200009107589722,0.3281252384185791">
        </Bone>
      </Part>
    </Brick>
    <Brick refID="16" designID="3005">
      <Part refID="16" designID="3005" materials="192,0" decoration="0">
        <Bone refID="16" transformation="0.71111977100372314,0,0.70307111740112305,-0.67583537101745605,-0.27563697099685669,0.68357217311859131,0.19379252195358276,-0.96126186847686768,-0.19601073861122131,0.54043346643447876,3.3424925804138184,-0.53724747896194458">
        </Bone>
      </Part>
    </Brick>
    <Brick refID="17" designID="2540">
      <Part refID="17" designID="2540" materials="192">
        <Bone refID="17" transformation="-0.7030717134475708,0,0.71111905574798584,0,1,0,-0.71111899614334106,0,-0.7030717134475708,0.22803212702274323,1.9200010299682617,-1.9281284809112549">
        </Bone>
      </Part>
    </Brick>
    <Brick refID="18" designID="3031">
      <Part refID="18" designID="3031" materials="192">
        <Bone refID="18" transformation="0.70307183265686035,0,-0.71111893653869629,0,1,0,0.71111881732940674,0,0.70307189226150513,0.80977398157119751,1.6000007390975952,0.8970293402671814">
        </Bone>
      </Part>
    </Brick>
    <Brick refID="19" designID="43722">
      <Part refID="19" designID="43722" materials="192">
        <Bone refID="19" transformation="0.71111929416656494,0,0.70307141542434692,0,1,0,-0.70307135581970215,0,0.71111941337585449,0.22141444683074951,1.9200009107589722,-3.0594732761383057">
        </Bone>
      </Part>
    </Brick>
    <Brick refID="20" designID="43723">
      <Part refID="20" designID="43723" materials="192">
        <Bone refID="20" transformation="-0.71111935377120972,0,-0.70307135581970215,0,1,0,0.70307135581970215,0,-0.71111941337585449,3.0660414695739746,1.920000433921814,-0.24720066785812378">
        </Bone>
      </Part>
    </Brick>
    <Brick refID="21" designID="3300">
      <Part refID="21" designID="3300" materials="192">
        <Bone refID="21" transformation="0.71111977100372314,0,0.70307093858718872,0,1,0,-0.70307087898254395,0,0.7111198902130127,0.23434163630008698,2.2400007247924805,-0.79678469896316528">
        </Bone>
      </Part>
    </Brick>
    <Brick refID="22" designID="3022">
      <Part refID="22" designID="3022" materials="192">
        <Bone refID="22" transformation="0.7111198902130127,0,0.70307081937789917,0,1,0,-0.70307075977325439,0,0.71112000942230225,0.23434139788150787,1.9200006723403931,-0.79678463935852051">
        </Bone>
      </Part>
    </Brick>
    <Brick refID="23" designID="6141">
      <Part refID="23" designID="6141" materials="199">
        <Bone refID="23" transformation="1,0,0,0,1,0,0,0,1,0.79999303817749023,1.280001163482666,-0.80000412464141846">
        </Bone>
      </Part>
    </Brick>
    <Brick refID="24" designID="3031">
      <Part refID="24" designID="3031" materials="199">
        <Bone refID="24" transformation="1,0,0,0,1,0,0,0,1,-0.40000849962234497,0.96000093221664429,0.39999672770500183">
        </Bone>
      </Part>
    </Brick>
    <Brick refID="25" designID="6091">
      <Part refID="25" designID="6091" materials="192">
        <Bone refID="25" transformation="-0.71111816167831421,0,-0.70307254791259766,-0.67583715915679932,-0.27563494443893433,0.6835712194442749,-0.19379132986068726,0.96126240491867065,0.19600924849510193,-0.69637954235076904,3.6704089641571045,0.71343845129013062">
        </Bone>
      </Part>
    </Brick>
    <Brick refID="26" designID="50746">
      <Part refID="26" designID="50746" materials="192">
        <Bone refID="26" transformation="0.71111929416656494,0,0.70307141542434692,-0.67583560943603516,-0.27563709020614624,0.68357187509536743,0.19379249215126038,-0.96126168966293335,-0.19601082801818848,-0.91265022754669189,3.5822052955627441,0.93218129873275757">
        </Bone>
      </Part>
    </Brick>
    <Brick refID="27" designID="2419">
      <Part refID="27" designID="2419" materials="192">
        <Bone refID="27" transformation="0.71111977100372314,0,0.70307093858718872,0,1,0,-0.70307087898254395,0,0.7111198902130127,-1.4656981229782104,1.9200010299682617,-1.3528187274932861">
        </Bone>
      </Part>
    </Brick>
    <Brick refID="28" designID="40379">
      <Part refID="28" designID="40379" materials="199">
        <Bone refID="28" transformation="-0.67583507299423218,-0.27563661336898804,0.68357259035110474,-0.19379207491874695,0.961262047290802,0.19601063430309296,-0.71112000942230225,0,-0.70307070016860962,1.0795985460281372,4.3756809234619141,-0.17242050170898438">
        </Bone>
      </Part>
    </Brick>
    <Brick refID="29" designID="40379">
      <Part refID="29" designID="40379" materials="199">
        <Bone refID="29" transformation="-0.67990690469741821,-0.25459778308868408,0.68768203258514404,0.17900177836418152,-0.96704703569412231,-0.18104803562164307,0.71111530065536499,0,0.70307546854019165,0.21356308460235596,4.3754968643188477,-1.0287781953811646">
        </Bone>
      </Part>
    </Brick>
    <Brick refID="30" designID="3045">
      <Part refID="30" designID="3045" materials="26">
        <Bone refID="30" transformation="-1,0,0,0,1,0,0,0,-1,1.9999977350234985,0,-2">
        </Bone>
      </Part>
    </Brick>
    <Brick refID="31" designID="3045">
      <Part refID="31" designID="3045" materials="26">
        <Bone refID="31" transformation="0,0,-1,0,1,0,1,0,0,1.9999972581863403,0,0.4000016450881958">
        </Bone>
      </Part>
    </Brick>
    <Brick refID="32" designID="3045">
      <Part refID="32" designID="3045" materials="26">
        <Bone refID="32" transformation="0,0,1,0,0.99999994039535522,0,-1,0,0,-0.40000045299530029,0,-2">
        </Bone>
      </Part>
    </Brick>
    <Brick refID="33" designID="3045">
      <Part refID="33" designID="3045" materials="26">
        <Bone refID="33" transformation="1,0,0,0,1,0,0,0,1,-0.40000045299530029,0,0.4000014066696167">
        </Bone>
      </Part>
    </Brick>
  </Bricks>
  <RigidSystems>
    <RigidSystem>
      <Rigid refID="0" transformation="0.70679235458374023,0.0206478051841259,0.7071196436882019,0.67583590745925903,0.27563688158988953,-0.68357163667678833,-0.20902250707149506,0.96104007959365845,0.18086349964141846,0.88304626941680908,5.4879193305969238,-0.88382726907730103" boneRefs="0"/>
      <Rigid refID="1" transformation="0.70679241418838501,0.020647823810577393,0.70711988210678101,0.67583614587783813,0.2756367027759552,-0.68357157707214355,-0.20902237296104431,0.961040198802948,0.18086336553096771,0.059189915657043457,5.1519126892089844,-0.050541043281555176" boneRefs="1,2"/>
      <Rigid refID="2" transformation="0.71111911535263062,0,0.70307159423828125,-0.19379247725009918,0.96126186847686768,0.19601072371006012,-0.67583584785461426,-0.2756369411945343,0.68357169628143311,0.54706728458404541,4.7600011825561523,-0.5439993143081665" boneRefs="3,4,5,6,7,8,9,10,11,12,13,14,15,16,17,18,19,20,21,22,23,24,25,26,27"/>
      <Rigid refID="3" transformation="-0.67583507299423218,-0.27563661336898804,0.68357259035110474,-0.19379207491874695,0.961262047290802,0.19601063430309296,-0.71112000942230225,0,-0.70307070016860962,1.0795985460281372,4.3756809234619141,-0.17242050170898438" boneRefs="28"/>
      <Rigid refID="4" transformation="-0.67990690469741821,-0.25459778308868408,0.68768203258514404,0.17900177836418152,-0.96704703569412231,-0.18104803562164307,0.71111530065536499,0,0.70307546854019165,0.21356308460235596,4.3754968643188477,-1.0287781953811646" boneRefs="29"/>
      <Rigid refID="5" transformation="-1,0,0,0,1,0,0,0,-1,1.9999977350234985,0,-2" boneRefs="30"/>
      <Rigid refID="6" transformation="0,0,-1,0,1,0,1,0,0,1.9999972581863403,0,0.4000016450881958" boneRefs="31"/>
      <Rigid refID="7" transformation="0,0,1,0,0.99999994039535522,0,-1,0,0,-0.40000045299530029,0,-2" boneRefs="32"/>
      <Rigid refID="8" transformation="1,0,0,0,1,0,0,0,1,-0.40000045299530029,0,0.4000014066696167" boneRefs="33"/>
      <Joint type="hinge">
        <RigidRef rigidRef="1" a="0,1,0" z="0,0,1" t="0,1.2190200090408325,0"/>
        <RigidRef rigidRef="0" a="0,1,0" z="0,0,1" t="0,0,0"/>
      </Joint>
      <Joint type="hinge">
        <RigidRef rigidRef="2" a="0,0,1.0000001192092896" z="1.0000001192092896,0,0" t="0,0.56800001859664917,0.15999999642372131"/>
        <RigidRef rigidRef="1" a="0,-1.0000001192092896,0" z="0.99976927042007446,0,-0.021479997783899307" t="0,0.39901384711265564,0"/>
      </Joint>
      <Joint type="hinge">
        <RigidRef rigidRef="4" a="0,0,1" z="0,-1,0" t="0,0,0.40000000596046448"/>
        <RigidRef rigidRef="2" a="1,0,0" z="0,0.99976187944412231,-0.021818758919835091" t="-0.17799541354179382,-0.39999973773956299,0"/>
      </Joint>
      <Joint type="hinge">
        <RigidRef rigidRef="8" a="0,1,0" z="0,0,1" t="0,0.95999997854232788,0"/>
        <RigidRef rigidRef="2" a="0,0.96126174926757813,-0.2756369411945343" z="0.70307153463363647,0.19601066410541534,0.68357163667678833" t="-0.0097868889570236206,-3.2842254638671875,2.3327770233154297"/>
      </Joint>
      <Joint type="hinge">
        <RigidRef rigidRef="5" a="0,1,0" z="0,0,1" t="0,0.95999997854232788,0"/>
        <RigidRef rigidRef="2" a="0,0.96126174926757813,-0.2756369411945343" z="0.70307153463363647,0.19601066410541534,0.68357163667678833" t="0.0095273032784461975,-4.2197527885437012,-0.92980074882507324"/>
      </Joint>
      <Joint type="hinge">
        <RigidRef rigidRef="3" a="0,0,-1" z="0,-1,0" t="0,0,0"/>
        <RigidRef rigidRef="2" a="1,0,0" z="0,-1.0000001192092896,0" t="0.63993966579437256,-0.39979931712150574,2.9844737582607195E-005"/>
      </Joint>
      <Joint type="hinge">
        <RigidRef rigidRef="6" a="0,1,0" z="0,0,1" t="0,0.95999997854232788,0"/>
        <RigidRef rigidRef="2" a="0,0.96126174926757813,-0.2756369411945343" z="0.70307153463363647,0.19601066410541534,0.68357163667678833" t="1.6968989372253418,-3.7493274211883545,0.71077108383178711"/>
      </Joint>
      <Joint type="hinge">
        <RigidRef rigidRef="7" a="0,1,0" z="0,0,1" t="0,0.95999997854232788,0"/>
        <RigidRef rigidRef="2" a="0,0.96126174926757813,-0.2756369411945343" z="0.70307153463363647,0.19601066410541534,0.68357163667678833" t="-1.6971584558486938,-3.7546510696411133,0.69220519065856934"/>
      </Joint>
    </RigidSystem>
  </RigidSystems>
  <GroupSystems>
    <GroupSystem>
    </GroupSystem>
  </GroupSystems>
</LXFML>
