<?xml version="1.0" encoding="UTF-8" standalone="no" ?>
<LXFML versionMajor="5" versionMinor="0">
  <Meta>
    <Application name="CCOP" versionMajor="0" versionMinor="0"/>
    <Brand name="LEGOUniverse"/>
    <BrickSet version="215"/>
  </Meta>
  <Bricks>
    <Brick refID="0" designID="3024">
      <Part refID="0" designID="3024" materials="199">
        <Bone refID="0" transformation="1,0,0,0,0.95105654001235962,-0.30901691317558289,0,0.30901691317558289,0.95105654001235962,-0.015000356361269951,3.8602948188781738,2.3405632972717285">
        </Bone>
      </Part>
    </Brick>
    <Brick refID="1" designID="3023">
      <Part refID="1" designID="3023" materials="199">
        <Bone refID="1" transformation="0,0.30901697278022766,0.95105654001235962,0,0.95105648040771484,-0.30901697278022766,-1,0,0,-0.015000310726463795,3.91741943359375,1.4808323383331299">
        </Bone>
      </Part>
    </Brick>
    <Brick refID="2" designID="2555">
      <Part refID="2" designID="2555" materials="199">
        <Bone refID="2" transformation="1,0,0,0,0.95105654001235962,-0.30901691317558289,0,0.30901691317558289,0.95105654001235962,-0.01500030979514122,4.2217574119567871,1.3819470405578613">
        </Bone>
      </Part>
    </Brick>
    <Brick refID="3" designID="2555">
      <Part refID="3" designID="2555" materials="199">
        <Bone refID="3" transformation="1,0,0,0,0.95105654001235962,-0.30901691317558289,0,0.30901691317558289,0.95105654001235962,-0.81500005722045898,3.91741943359375,1.4808323383331299">
        </Bone>
      </Part>
    </Brick>
    <Brick refID="4" designID="3623">
      <Part refID="4" designID="3623" materials="199">
        <Bone refID="4" transformation="1,0,0,0,0.95105654001235962,-0.30901691317558289,0,0.30901691317558289,0.95105654001235962,-0.81500029563903809,3.6130814552307129,1.5797181129455566">
        </Bone>
      </Part>
    </Brick>
    <Brick refID="5" designID="2555">
      <Part refID="5" designID="2555" materials="199">
        <Bone refID="5" transformation="1,0,0,0,0.95105654001235962,-0.30901691317558289,0,0.30901691317558289,0.95105654001235962,0.78499960899353027,3.91741943359375,1.4808329343795776">
        </Bone>
      </Part>
    </Brick>
    <Brick refID="6" designID="6019">
      <Part refID="6" designID="6019" materials="199">
        <Bone refID="6" transformation="-1,0,0,0,0.95105665922164917,-0.30901700258255005,0,-0.30901700258255005,-0.95105654001235962,-0.015000581741333008,3.3087430000305176,1.6786034107208252">
        </Bone>
      </Part>
    </Brick>
    <Brick refID="7" designID="2561">
      <Part refID="7" designID="2561" materials="192">
        <Bone refID="7" transformation="0,-0.45399001240730286,0.89100676774978638,0,0.89100682735443115,0.45399001240730286,-1,0,0,-0.81500005722045898,3.7263140678405762,0.14285749197006226">
        </Bone>
      </Part>
    </Brick>
    <Brick refID="8" designID="2561">
      <Part refID="8" designID="2561" materials="192">
        <Bone refID="8" transformation="0,-0.45399001240730286,0.89100676774978638,0,0.89100682735443115,0.45399001240730286,-1,0,0,-0.015000336803495884,4.0553736686706543,0.12005692720413208">
        </Bone>
      </Part>
    </Brick>
    <Brick refID="9" designID="2561">
      <Part refID="9" designID="2561" materials="192">
        <Bone refID="9" transformation="0,-0.45399001240730286,0.89100676774978638,0,0.89100682735443115,0.45399001240730286,-1,0,0,0.78499984741210938,3.7510356903076172,0.21894228458404541">
        </Bone>
      </Part>
    </Brick>
    <Brick refID="10" designID="4489">
      <Part refID="10" designID="4489" materials="192">
        <Bone refID="10" transformation="0,-0.30901703238487244,-0.95105665922164917,0,0.95105671882629395,-0.30901703238487244,1.0000001192092896,0,0,1.7100001573562622,2.1295247077941895,0.80000001192092896">
        </Bone>
      </Part>
    </Brick>
    <Brick refID="11" designID="3795">
      <Part refID="11" designID="3795" materials="199">
        <Bone refID="11" transformation="0,0.30901703238487244,0.95105665922164917,0,0.95105671882629395,-0.30901703238487244,-1.0000001192092896,0,0,-0.39999997615814209,1.2167854309082031,-2.6886970996856689">
        </Bone>
      </Part>
    </Brick>
    <Brick refID="12" designID="4488">
      <Part refID="12" designID="4488" materials="26">
        <Bone refID="12" transformation="0,-0.30901700258255005,-0.95105654001235962,0,0.95105648040771484,-0.30901700258255005,1,0,0,1.2000001668930054,1.84417724609375,1.3132994174957275">
        </Bone>
      </Part>
    </Brick>
    <Brick refID="13" designID="3022">
      <Part refID="13" designID="3022" materials="26">
        <Bone refID="13" transformation="1,0,0,0,0.95105636119842529,-0.30901730060577393,0,0.30901730060577393,0.95105636119842529,-0.39999991655349731,1.8441773653030396,1.3132996559143066">
        </Bone>
      </Part>
    </Brick>
    <Brick refID="14" designID="4488">
      <Part refID="14" designID="4488" materials="26">
        <Bone refID="14" transformation="0,0.30901703238487244,0.95105665922164917,0,0.95105671882629395,-0.30901703238487244,-1.0000001192092896,0,0,-1.2000000476837158,1.59696364402771,0.55245411396026611">
        </Bone>
      </Part>
    </Brick>
    <Brick refID="15" designID="3839">
      <Part refID="15" designID="3839" materials="26">
        <Bone refID="15" transformation="-1,0,0,0,0.95105659961700439,-0.30901700258255005,0,-0.30901700258255005,-0.95105654001235962,0.40000012516975403,0.91244733333587646,-2.5898118019104004">
        </Bone>
      </Part>
    </Brick>
    <Brick refID="16" designID="3022">
      <Part refID="16" designID="3022" materials="26">
        <Bone refID="16" transformation="1,0,0,0,0.95105636119842529,-0.30901730060577393,0,0.30901730060577393,0.95105636119842529,-0.39999991655349731,0.85532295703887939,-1.7300810813903809">
        </Bone>
      </Part>
    </Brick>
    <Brick refID="17" designID="3023">
      <Part refID="17" designID="3023" materials="26">
        <Bone refID="17" transformation="1,0,0,0,0.95105636119842529,-0.30901730060577393,0,0.30901730060577393,0.95105636119842529,-0.39999991655349731,1.1596609354019165,-1.8289666175842285">
        </Bone>
      </Part>
    </Brick>
    <Brick refID="18" designID="3021">
      <Part refID="18" designID="3021" materials="199">
        <Bone refID="18" transformation="0,0.30901703238487244,0.95105665922164917,0,0.95105671882629395,-0.30901703238487244,-1.0000001192092896,0,0,-0.3999999463558197,2.0155506134033203,-1.2658922672271729">
        </Bone>
      </Part>
    </Brick>
    <Brick refID="19" designID="48336">
      <Part refID="19" designID="48336" materials="199">
        <Bone refID="19" transformation="1,0,0,0,0.95105636119842529,-0.30901730060577393,0,0.30901730060577393,0.95105636119842529,-0.3999999463558197,2.8143157958984375,0.15691249072551727">
        </Bone>
      </Part>
    </Brick>
    <Brick refID="20" designID="4489">
      <Part refID="20" designID="4489" materials="192">
        <Bone refID="20" transformation="0,0.30901703238487244,0.95105665922164917,0,0.95105671882629395,-0.30901703238487244,-1.0000001192092896,0,0,-1.7100000381469727,2.1295247077941895,0.80000001192092896">
        </Bone>
      </Part>
    </Brick>
  </Bricks>
  <RigidSystems>
    <RigidSystem>
      <Rigid refID="0" transformation="1,0,0,0,0.95105654001235962,-0.30901691317558289,0,0.30901691317558289,0.95105654001235962,-0.015000356361269951,3.8602943420410156,2.3405632972717285" boneRefs="0,1,2"/>
      <Rigid refID="1" transformation="1,0,0,0,0.95105654001235962,-0.30901691317558289,0,0.30901691317558289,0.95105654001235962,-0.81500005722045898,3.9174189567565918,1.4808323383331299" boneRefs="3,4,5,6"/>
      <Rigid refID="2" transformation="0,-0.45399001240730286,0.89100676774978638,0,0.89100682735443115,0.45399001240730286,-1,0,0,-0.81500005722045898,3.726313591003418,0.14285749197006226" boneRefs="7"/>
      <Rigid refID="3" transformation="0,-0.45399001240730286,0.89100676774978638,0,0.89100682735443115,0.45399001240730286,-1,0,0,-0.015000336803495884,4.0553731918334961,0.12005692720413208" boneRefs="8"/>
      <Rigid refID="4" transformation="0,-0.45399001240730286,0.89100676774978638,0,0.89100682735443115,0.45399001240730286,-1,0,0,0.78499984741210938,3.751035213470459,0.21894228458404541" boneRefs="9"/>
      <Rigid refID="5" transformation="0,-0.30901703238487244,-0.95105665922164917,0,0.95105671882629395,-0.30901703238487244,1.0000001192092896,0,0,1.7100001573562622,2.1295242309570312,0.80000001192092896" boneRefs="10"/>
      <Rigid refID="6" transformation="0,0.30901703238487244,0.95105665922164917,0,0.95105671882629395,-0.30901703238487244,-1.0000001192092896,0,0,-0.39999997615814209,1.2167849540710449,-2.6886970996856689" boneRefs="11,12,13,14,15,16,17,18,19"/>
      <Rigid refID="7" transformation="0,0.30901703238487244,0.95105665922164917,0,0.95105671882629395,-0.30901703238487244,-1.0000001192092896,0,0,-1.7100000381469727,2.1295242309570312,0.80000001192092896" boneRefs="20"/>
      <Joint type="hinge">
        <RigidRef rigidRef="1" a="0,1,0" z="0,0,1" t="0.79999983310699463,0,0"/>
        <RigidRef rigidRef="0" a="0,0.99999994039535522,0" z="-1,0,0" t="0,0.32000008225440979,-0.80000030994415283"/>
      </Joint>
      <Joint type="hinge">
        <RigidRef rigidRef="3" a="0.7071073055267334,0.70710653066635132,0" z="0.70710647106170654,-0.7071073055267334,0" t="1.7149120569229126,2.190502405166626,0"/>
        <RigidRef rigidRef="0" a="0,0,1.0000002384185791" z="0,-1.0000002384185791,0" t="0,1.2080000638961792,0.71000033617019653"/>
      </Joint>
      <Joint type="hinge">
        <RigidRef rigidRef="2" a="0.7071073055267334,0.70710653066635132,0" z="0.70710647106170654,-0.7071073055267334,0" t="1.7149120569229126,2.190502405166626,0"/>
        <RigidRef rigidRef="1" a="0,0,1.0000002384185791" z="0,-1.0000002384185791,0" t="0,0.56799978017807007,1.4300005435943604"/>
      </Joint>
      <Joint type="hinge">
        <RigidRef rigidRef="4" a="0.7071073055267334,0.70710653066635132,0" z="0.70710647106170654,-0.7071073055267334,0" t="1.7149120569229126,2.190502405166626,0"/>
        <RigidRef rigidRef="1" a="0,0,1.0000002384185791" z="0,-1.0000002384185791,0" t="1.5999996662139893,0.56799995899200439,1.5100005865097046"/>
      </Joint>
      <Joint type="hinge">
        <RigidRef rigidRef="6" a="0,0,0.99999988079071045" z="0.9999997615814209,0,0" t="3.9999988079071045,0.88800007104873657,0.17499993741512299"/>
        <RigidRef rigidRef="1" a="-1,0,0" z="0,0,0.99999988079071045" t="0.24000011384487152,-0.39200004935264587,-0.80000042915344238"/>
      </Joint>
      <Joint type="hinge">
        <RigidRef rigidRef="6" a="0,0,0.99999988079071045" z="0.99999982118606567,0,0" t="3.599998950958252,-0.20999985933303833,-2.309999942779541"/>
        <RigidRef rigidRef="5" a="0,0,-1.0000001192092896" z="0,1.0000001192092896,0" t="0,0,0.20000000298023224"/>
      </Joint>
      <Joint type="hinge">
        <RigidRef rigidRef="7" a="0,0,-1.0000001192092896" z="0,1.0000001192092896,0" t="0,0,0.20000000298023224"/>
        <RigidRef rigidRef="6" a="0,0,-1" z="-0.99999994039535522,0,0" t="3.5999991893768311,-0.20999962091445923,1.5099999904632568"/>
      </Joint>
    </RigidSystem>
  </RigidSystems>
  <GroupSystems>
    <GroupSystem>
    </GroupSystem>
  </GroupSystems>
</LXFML>
