<?xml version="1.0" encoding="UTF-8" standalone="no" ?>
<LXFML versionMajor="5" versionMinor="0">
  <Meta>
    <Application name="CCOP" versionMajor="0" versionMinor="0"/>
    <Brand name="LEGOUniverse"/>
    <BrickSet version="215"/>
  </Meta>
  <Bricks>
    <Brick refID="0" designID="6134">
      <Part refID="0" designID="6134" materials="194">
        <Bone refID="0" transformation="-0.9716067910194397,0,-0.236601322889328,0.039440784603357315,0.9860084056854248,-0.16196377575397491,0.23329082131385803,-0.16669684648513794,-0.95801228284835815,0.27191734313964844,7.0478367805480957,1.3739891052246094">
        </Bone>
      </Part>
    </Brick>
    <Brick refID="1" designID="3623">
      <Part refID="1" designID="3623" materials="194">
        <Bone refID="1" transformation="0.97160881757736206,0,0.23659275472164154,0.039438590407371521,0.98600906133651733,-0.16195854544639587,-0.23328249156475067,0.16669127345085144,0.95801514387130737,-0.669514000415802,7.861046314239502,0.1681721955537796">
        </Bone>
      </Part>
    </Brick>
    <Brick refID="2" designID="2921">
      <Part refID="2" designID="2921" materials="194">
        <Bone refID="2" transformation="-0.97160691022872925,0,-0.23660066723823547,0.039441604167222977,0.98600804805755615,-0.16196362674236298,0.23329003155231476,-0.16669692099094391,-0.95801240205764771,0.1203915998339653,8.1765680313110352,0.30562335252761841">
        </Bone>
      </Part>
    </Brick>
    <Brick refID="3" designID="3024">
      <Part refID="3" designID="3024" materials="194">
        <Bone refID="3" transformation="0.97160881757736206,0,0.23659275472164154,0.039438590407371521,0.98600906133651733,-0.16195854544639587,-0.23328249156475067,0.16669127345085144,0.95801514387130737,-0.65689307451248169,8.1765680313110352,0.11634380370378494">
        </Bone>
      </Part>
    </Brick>
    <Brick refID="4" designID="50746">
      <Part refID="4" designID="50746" materials="194">
        <Bone refID="4" transformation="-0.97160691022872925,0,-0.23660066723823547,0.039441604167222977,0.98600804805755615,-0.16196362674236298,0.23329003155231476,-0.16669692099094391,-0.95801240205764771,-0.6442720890045166,8.4920902252197266,0.064513541758060455">
        </Bone>
      </Part>
    </Brick>
    <Brick refID="5" designID="3024">
      <Part refID="5" designID="3024" materials="194">
        <Bone refID="5" transformation="0.97160881757736206,0,0.23659275472164154,0.039438590407371521,0.98600906133651733,-0.16195854544639587,-0.23328249156475067,0.16669127345085144,0.95801514387130737,0.89767813682556152,8.1765689849853516,0.49490487575531006">
        </Bone>
      </Part>
    </Brick>
    <Brick refID="6" designID="50746">
      <Part refID="6" designID="50746" materials="194">
        <Bone refID="6" transformation="-0.97160691022872925,0,-0.23660066723823547,0.039441604167222977,0.98600804805755615,-0.16196362674236298,0.23329003155231476,-0.16669692099094391,-0.95801240205764771,0.91029906272888184,8.492091178894043,0.44307646155357361">
        </Bone>
      </Part>
    </Brick>
    <Brick refID="7" designID="3623">
      <Part refID="7" designID="3623" materials="194">
        <Bone refID="7" transformation="0.97160881757736206,0,0.23659275472164154,0.039438590407371521,0.98600906133651733,-0.16195854544639587,-0.23328249156475067,0.16669127345085144,0.95801514387130737,-0.85614609718322754,7.9944043159484863,0.93458116054534912">
        </Bone>
      </Part>
    </Brick>
    <Brick refID="8" designID="3005">
      <Part refID="8" designID="3005" materials="194,0" decoration="0">
        <Bone refID="8" transformation="0.97160881757736206,0,0.23659275472164154,0.039438590407371521,0.98600906133651733,-0.16195854544639587,-0.23328249156475067,0.16669127345085144,0.95801514387130737,-0.066238619387149811,8.3099279403686523,1.0720342397689819">
        </Bone>
      </Part>
    </Brick>
    <Brick refID="9" designID="63864">
      <Part refID="9" designID="63864" materials="194">
        <Bone refID="9" transformation="0.97160881757736206,0,0.23659275472164154,0.039438590407371521,0.98600906133651733,-0.16195854544639587,-0.23328249156475067,0.16669127345085144,0.95801514387130737,-0.80566251277923584,9.256495475769043,0.7272675633430481">
        </Bone>
      </Part>
    </Brick>
    <Brick refID="10" designID="6541">
      <Part refID="10" designID="6541" materials="194">
        <Bone refID="10" transformation="0.97160881757736206,0,0.23659275472164154,0.039438590407371521,0.98600906133651733,-0.16195854544639587,-0.23328249156475067,0.16669127345085144,0.95801514387130737,0.71104598045349121,8.3099269866943359,1.2613157033920288">
        </Bone>
      </Part>
    </Brick>
    <Brick refID="11" designID="43898">
      <Part refID="11" designID="43898" materials="131">
        <Bone refID="11" transformation="0.97160696983337402,0,0.23660103976726532,0.2332906574010849,-0.16669677197933197,-0.95801234245300293,0.039440151304006577,0.98600822687149048,-0.16196385025978088,0.5659521222114563,9.0018329620361328,1.8571447134017944">
        </Bone>
      </Part>
    </Brick>
    <Brick refID="12" designID="6541">
      <Part refID="12" designID="6541" materials="194">
        <Bone refID="12" transformation="0.97160881757736206,0,0.23659275472164154,0.039438590407371521,0.98600906133651733,-0.16195854544639587,-0.23328249156475067,0.16669127345085144,0.95801514387130737,-0.84352517127990723,8.3099279403686523,0.88275277614593506">
        </Bone>
      </Part>
    </Brick>
    <Brick refID="13" designID="3937">
      <Part refID="13" designID="3937" materials="194">
        <Bone refID="13" transformation="-0.9716067910194397,0,-0.23660144209861755,0,0.99999994039535522,0,0.23660144209861755,0,-0.9716067910194397,0.29400444030761719,7.0400004386901855,1.2832870483398437">
        </Bone>
      </Part>
    </Brick>
    <Brick refID="14" designID="74340">
      <Part refID="14" designID="3679" materials="194">
        <Bone refID="14" transformation="0.97160691022872925,0,0.23660147190093994,0,1,0,-0.23660147190093994,0,0.97160691022872925,-0.48328366875648499,7.0400009155273437,1.0940078496932983">
        </Bone>
      </Part>
      <Part refID="15" designID="3680" materials="194">
        <Bone refID="15" transformation="1,0,0,0,1,0,0,0,1,-0.40000152587890625,6.7200007438659668,1.2000045776367187">
        </Bone>
      </Part>
    </Brick>
    <Brick refID="15" designID="50746">
      <Part refID="16" designID="50746" materials="194">
        <Bone refID="16" transformation="-0.97160947322845459,0,-0.23659104108810425,0,1,0,0.23659104108810425,0,-0.97160947322845459,0.48328441381454468,7.0400009155273437,0.50600260496139526">
        </Bone>
      </Part>
    </Brick>
    <Brick refID="16" designID="50746">
      <Part refID="17" designID="50746" materials="194">
        <Bone refID="17" transformation="-0.97160947322845459,0,-0.23659104108810425,0,1,0,0.23659104108810425,0,-0.97160947322845459,-0.2940022349357605,7.0400009155273437,0.31672114133834839">
        </Bone>
      </Part>
    </Brick>
    <Brick refID="17" designID="3031">
      <Part refID="18" designID="3031" materials="199">
        <Bone refID="18" transformation="1,0,0,0,1,0,0,0,1,-1.2000026702880859,0,0.40000343322753906">
        </Bone>
      </Part>
    </Brick>
    <Brick refID="18" designID="32028">
      <Part refID="19" designID="32028" materials="199">
        <Bone refID="19" transformation="-1,0,0,0,1,0,0,0,-1,0.39999771118164063,0.31999987363815308,-1.9999961853027344">
        </Bone>
      </Part>
    </Brick>
    <Brick refID="19" designID="3004">
      <Part refID="20" designID="3004" materials="199,0,0,0" decoration="0,0,0">
        <Bone refID="20" transformation="1,0,0,0,1,0,0,0,1,-0.40000343322753906,0.6399998664855957,-1.9999961853027344">
        </Bone>
      </Part>
    </Brick>
    <Brick refID="20" designID="3004">
      <Part refID="21" designID="3004" materials="199,0,0,0" decoration="0,0,0">
        <Bone refID="21" transformation="1,0,0,0,1,0,0,0,1,-0.40000343322753906,1.5999999046325684,-1.9999961853027344">
        </Bone>
      </Part>
    </Brick>
    <Brick refID="21" designID="4175">
      <Part refID="22" designID="4175" materials="199">
        <Bone refID="22" transformation="-1,0,0,0,1,0,0,0,-1,0.39999771118164063,2.559999942779541,-1.9999961853027344">
        </Bone>
      </Part>
    </Brick>
    <Brick refID="22" designID="3004">
      <Part refID="23" designID="3004" materials="199,0,0,0" decoration="0,0,0">
        <Bone refID="23" transformation="1,0,0,0,1,0,0,0,1,-0.40000343322753906,2.880000114440918,-1.9999961853027344">
        </Bone>
      </Part>
    </Brick>
    <Brick refID="23" designID="3004">
      <Part refID="24" designID="3004" materials="199,0,0,0" decoration="0,0,0">
        <Bone refID="24" transformation="1,0,0,0,1,0,0,0,1,-0.40000343322753906,3.8400001525878906,-1.9999961853027344">
        </Bone>
      </Part>
    </Brick>
    <Brick refID="24" designID="4175">
      <Part refID="25" designID="4175" materials="199">
        <Bone refID="25" transformation="-1,0,0,0,1,0,0,0,-1,0.39999961853027344,4.8000001907348633,-1.9999961853027344">
        </Bone>
      </Part>
    </Brick>
    <Brick refID="25" designID="3660">
      <Part refID="26" designID="3660" materials="199">
        <Bone refID="26" transformation="-1,0,0,0,1,0,0,0,-1,0.39999961853027344,5.1200003623962402,-1.9999961853027344">
        </Bone>
      </Part>
    </Brick>
    <Brick refID="26" designID="2454">
      <Part refID="27" designID="2454" materials="199">
        <Bone refID="27" transformation="0,0,1,0,0.99999994039535522,0,-1,0,0,-1.2000026702880859,0.31999999284744263,-2">
        </Bone>
      </Part>
    </Brick>
    <Brick refID="27" designID="2454">
      <Part refID="28" designID="2454" materials="199">
        <Bone refID="28" transformation="0,0,1,0,0.99999994039535522,0,-1,0,0,-1.2000026702880859,0.31999999284744263,-0.39999580383300781">
        </Bone>
      </Part>
    </Brick>
    <Brick refID="28" designID="2454">
      <Part refID="29" designID="2454" materials="199">
        <Bone refID="29" transformation="0,0,1,0,0.99999994039535522,0,-1,0,0,1.1999988555908203,0.31999999284744263,-1.9999961853027344">
        </Bone>
      </Part>
    </Brick>
    <Brick refID="29" designID="2454">
      <Part refID="30" designID="2454" materials="199">
        <Bone refID="30" transformation="0,0,1,0,0.99999994039535522,0,-1,0,0,1.1999988555908203,0.31999999284744263,-0.39999580383300781">
        </Bone>
      </Part>
    </Brick>
    <Brick refID="30" designID="2454">
      <Part refID="31" designID="2454" materials="199">
        <Bone refID="31" transformation="1,0,0,0,1,0,0,0,1,-0.40000343322753906,0.31999999284744263,0.40000343322753906">
        </Bone>
      </Part>
    </Brick>
    <Brick refID="31" designID="3660">
      <Part refID="32" designID="3660" materials="199">
        <Bone refID="32" transformation="1,0,0,0,1,0,0,0,1,-0.40000343322753906,5.1200003623962402,0.39999961853027344">
        </Bone>
      </Part>
    </Brick>
    <Brick refID="32" designID="3022">
      <Part refID="33" designID="3022" materials="194">
        <Bone refID="33" transformation="1,0,0,0,1,0,0,0,1,-0.40000152587890625,6.4000005722045898,1.2000045776367187">
        </Bone>
      </Part>
    </Brick>
    <Brick refID="33" designID="3795">
      <Part refID="34" designID="3795" materials="199">
        <Bone refID="34" transformation="1,0,0,0,1,0,0,0,1,-2.0000038146972656,6.0800004005432129,1.2000026702880859">
        </Bone>
      </Part>
    </Brick>
    <Brick refID="34" designID="50746">
      <Part refID="35" designID="50746" materials="194">
        <Bone refID="35" transformation="0,0,1,0,0.99999994039535522,0,-1,0,0,-1.2000026702880859,6.4000005722045898,0.40000343322753906">
        </Bone>
      </Part>
    </Brick>
    <Brick refID="35" designID="50746">
      <Part refID="36" designID="50746" materials="194">
        <Bone refID="36" transformation="0,0,-1,0,0.99999994039535522,0,1,0,0,1.1999969482421875,6.4000005722045898,0.40000343322753906">
        </Bone>
      </Part>
    </Brick>
    <Brick refID="36" designID="50746">
      <Part refID="37" designID="50746" materials="194">
        <Bone refID="37" transformation="0,0,-1,0,0.99999994039535522,0,1,0,0,1.1999988555908203,6.4000005722045898,1.2000045776367187">
        </Bone>
      </Part>
    </Brick>
    <Brick refID="37" designID="50746">
      <Part refID="38" designID="50746" materials="194">
        <Bone refID="38" transformation="0,0,1,0,0.99999994039535522,0,-1,0,0,-1.2000007629394531,6.4000005722045898,1.2000045776367187">
        </Bone>
      </Part>
    </Brick>
    <Brick refID="38" designID="3676">
      <Part refID="39" designID="3676" materials="199">
        <Bone refID="39" transformation="0,0,-1,0,0.99999994039535522,0,1,0,0,1.1999988555908203,5.1200003623962402,0.40000534057617188">
        </Bone>
      </Part>
    </Brick>
    <Brick refID="39" designID="3676">
      <Part refID="40" designID="3676" materials="199">
        <Bone refID="40" transformation="1,0,0,0,1,0,0,0,1,-1.2000007629394531,5.1200003623962402,0.40000343322753906">
        </Bone>
      </Part>
    </Brick>
    <Brick refID="40" designID="6180">
      <Part refID="41" designID="6180" materials="199,0" decoration="0">
        <Bone refID="41" transformation="1,0,0,0,1,0,0,0,1,-2,6.0800004005432129,-0.399993896484375">
        </Bone>
      </Part>
    </Brick>
    <Brick refID="41" designID="3676">
      <Part refID="42" designID="3676" materials="199">
        <Bone refID="42" transformation="0,0,1,0,0.99999994039535522,0,-1,0,0,-1.2000007629394531,5.1200003623962402,-1.9999980926513672">
        </Bone>
      </Part>
    </Brick>
    <Brick refID="42" designID="3676">
      <Part refID="43" designID="3676" materials="199">
        <Bone refID="43" transformation="-1,0,0,0,1,0,0,0,-1,1.2000007629394531,5.1200003623962402,-1.9999942779541016">
        </Bone>
      </Part>
    </Brick>
    <Brick refID="43" designID="3660">
      <Part refID="44" designID="3660" materials="199">
        <Bone refID="44" transformation="0,0,-1,0,0.99999994039535522,0,1,0,0,1.1999988555908203,5.1200003623962402,-0.39999771118164063">
        </Bone>
      </Part>
    </Brick>
    <Brick refID="44" designID="3660">
      <Part refID="45" designID="3660" materials="199">
        <Bone refID="45" transformation="0,0,1,0,0.99999994039535522,0,-1,0,0,-1.2000007629394531,5.1200003623962402,-1.1999969482421875">
        </Bone>
      </Part>
    </Brick>
    <Brick refID="45" designID="58176">
      <Part refID="46" designID="58176" materials="44">
        <Bone refID="46" transformation="0.076236344873905182,0.98529988527297974,-0.15288004279136658,-0.23329076170921326,0.16669671237468719,0.95801240205764771,0.96941405534744263,-0.037369813770055771,0.24256972968578339,0.59628105163574219,8.9801626205444336,1.73260498046875">
        </Bone>
      </Part>
    </Brick>
    <Brick refID="46" designID="2780">
      <Part refID="47" designID="2780" materials="26">
        <Bone refID="47" transformation="0.97220420837402344,0.019861379638314247,0.23329053819179535,0.019861379638314247,0.98580813407897949,-0.16669696569442749,-0.23329053819179535,0.16669696569442749,0.95801234245300293,-1.1005992889404297,9.08184814453125,1.9384288787841797">
        </Bone>
      </Part>
    </Brick>
    <Brick refID="47" designID="75535">
      <Part refID="48" designID="75535" materials="26">
        <Bone refID="48" transformation="0.97220432758331299,0.019861288368701935,0.23329013586044312,0.019861288368701935,0.98580819368362427,-0.16669653356075287,-0.23329013586044312,0.16669653356075287,0.95801252126693726,-1.2872295379638672,9.2152042388916016,2.7048397064208984">
        </Bone>
      </Part>
    </Brick>
    <Brick refID="48" designID="6141">
      <Part refID="49" designID="6141" materials="26">
        <Bone refID="49" transformation="-0.97220426797866821,-0.019861631095409393,-0.23329025506973267,0.23329031467437744,-0.16669677197933197,-0.95801246166229248,-0.019861040636897087,-0.98580813407897949,0.16669681668281555,-1.3618834018707275,9.2685480117797852,3.0114033222198486">
        </Bone>
      </Part>
    </Brick>
    <Brick refID="49" designID="6141">
      <Part refID="50" designID="6141" materials="26">
        <Bone refID="50" transformation="-0.97220444679260254,-0.019860902801156044,-0.23328964412212372,0.23328958451747894,-0.166696697473526,-0.95801264047622681,-0.019861616194248199,-0.98580819368362427,0.16669659316539764,-1.4365389347076416,9.3218908309936523,3.3179676532745361">
        </Bone>
      </Part>
    </Brick>
    <Brick refID="50" designID="33291">
      <Part refID="51" designID="33291" materials="26">
        <Bone refID="51" transformation="-0.97220444679260254,-0.019860902801156044,-0.23328964412212372,0.23328958451747894,-0.166696697473526,-0.95801264047622681,-0.019861616194248199,-0.98580819368362427,0.16669659316539764,-1.5111925601959229,9.3752336502075195,3.6245319843292236">
        </Bone>
      </Part>
    </Brick>
  </Bricks>
  <RigidSystems>
    <RigidSystem>
      <Rigid refID="0" transformation="-0.9716067910194397,0,-0.236601322889328,0.039440784603357315,0.9860084056854248,-0.16196377575397491,0.23329082131385803,-0.16669684648513794,-0.95801228284835815,0.27191734313964844,7.0478367805480957,1.3739891052246094" boneRefs="0,1,2,3,4,5,6,7,8,9,10,11,12"/>
      <Rigid refID="1" transformation="-0.9716067910194397,0,-0.23660144209861755,0,0.99999994039535522,0,0.23660144209861755,0,-0.9716067910194397,0.29400444030761719,7.0400004386901855,1.2832870483398437" boneRefs="13,14,16,17"/>
      <Rigid refID="2" transformation="1,0,0,0,1,0,0,0,1,-1.2000026702880859,0,0.40000343322753906" boneRefs="18,19,20,21,22,23,24,25,26,27,28,29,30,31,32,15,33,34,35,36,37,38,39,40,41,42,43,44,45"/>
      <Rigid refID="3" transformation="0.076236344873905182,0.98529988527297974,-0.15288004279136658,-0.23329076170921326,0.16669671237468719,0.95801240205764771,0.96941405534744263,-0.037369813770055771,0.24256972968578339,0.59628105163574219,8.9801626205444336,1.73260498046875" boneRefs="46"/>
      <Rigid refID="4" transformation="0.97220420837402344,0.019861379638314247,0.23329053819179535,0.019861379638314247,0.98580813407897949,-0.16669696569442749,-0.23329053819179535,0.16669696569442749,0.95801234245300293,-1.1005992889404297,9.08184814453125,1.9384288787841797" boneRefs="47"/>
      <Rigid refID="5" transformation="0.97220432758331299,0.019861288368701935,0.23329013586044312,0.019861288368701935,0.98580819368362427,-0.16669653356075287,-0.23329013586044312,0.16669653356075287,0.95801252126693726,-1.2872295379638672,9.2152042388916016,2.7048397064208984" boneRefs="48,49,50,51"/>
      <Joint type="hinge">
        <RigidRef rigidRef="1" a="-1,0,0" z="0,1,0" t="0.40000000596046448,0.56000000238418579,0"/>
        <RigidRef rigidRef="0" a="-1,0,0" z="0,1,0" t="0.40000000596046448,0.56000000238418579,0"/>
      </Joint>
      <Joint type="hinge">
        <RigidRef rigidRef="3" a="0,0.99999994039535522,0" z="1,0,0" t="0,0,0"/>
        <RigidRef rigidRef="0" a="0,0,-1" z="-0.03789999708533287,0.99928134679794312,0" t="-0.40000280737876892,1.8599988222122192,-0.58999985456466675"/>
      </Joint>
      <Joint type="hinge">
        <RigidRef rigidRef="4" a="0,0,1.0000001192092896" z="1.0000001192092896,0,0" t="0,0,-0.7999998927116394"/>
        <RigidRef rigidRef="0" a="0,0,-1.0000002384185791" z="-0.99979734420776367,0.020143421366810799,0" t="1.1999996900558472,1.8599995374679565,-0.39999914169311523"/>
      </Joint>
      <Joint type="hinge">
        <RigidRef rigidRef="2" a="0,-1,0" z="-1,0,0" t="1.2000011205673218,6.8300008773803711,0.40000113844871521"/>
        <RigidRef rigidRef="1" a="0,-1.0000001192092896,0" z="-1.0000001192092896,0,0" t="0.40000209212303162,-0.21002265810966492,0.39999756217002869"/>
      </Joint>
      <Joint type="hinge">
        <RigidRef rigidRef="5" a="0,0,1.0000001192092896" z="0,1.0000001192092896,0" t="0,0,-0.7999998927116394"/>
        <RigidRef rigidRef="4" a="0,0,1.0000001192092896" z="0,1.0000001192092896,0" t="0,0,0"/>
      </Joint>
    </RigidSystem>
  </RigidSystems>
  <GroupSystems>
    <GroupSystem>
    </GroupSystem>
  </GroupSystems>
</LXFML>
