<?xml version="1.0" encoding="UTF-8" standalone="no" ?>
<LXFML versionMajor="5" versionMinor="0">
  <Meta>
    <Application name="LEGO Universe" versionMajor="0" versionMinor="0"/>
    <Brand name="LEGOUniverse"/>
    <BrickSet version="330"/>
  </Meta>
  <Bricks>
    <Brick refID="0" designID="32124">
      <Part refID="0" designID="32124" materials="26">
        <Bone refID="0" transformation="0,0,1.0000001192092896,1.0000001192092896,0,0,0,1.0000001192092896,0,-0.10367679595947266,0.40000021457672119,-2.7999973297119141">
        </Bone>
      </Part>
    </Brick>
    <Brick refID="1" designID="32124">
      <Part refID="1" designID="32124" materials="26">
        <Bone refID="1" transformation="0,0,1.0000001192092896,1.0000001192092896,0,0,0,1.0000001192092896,0,0.21632289886474609,0.40000021457672119,-2.7999973297119141">
        </Bone>
      </Part>
    </Brick>
    <Brick refID="2" designID="32124">
      <Part refID="2" designID="32124" materials="26">
        <Bone refID="2" transformation="0,0,1.0000001192092896,1.0000001192092896,0,0,0,1.0000001192092896,0,0.53632259368896484,0.40000021457672119,-2.7999973297119141">
        </Bone>
      </Part>
    </Brick>
    <Brick refID="3" designID="4697">
      <Part refID="3" designID="4697" materials="194">
        <Bone refID="3" transformation="-1,0,0,0,0,-1.0000001192092896,0,-1.0000001192092896,0,-0.34183788299560547,0.40000024437904358,-1.1999950408935547">
        </Bone>
      </Part>
    </Brick>
    <Brick refID="4" designID="32124">
      <Part refID="4" designID="32124" materials="26">
        <Bone refID="4" transformation="0,0,-1.0000001192092896,-1.0000001192092896,0,0,0,1.0000001192092896,0,-0.57999885082244873,0.40000024437904358,0.40000337362289429">
        </Bone>
      </Part>
    </Brick>
    <Brick refID="5" designID="32124">
      <Part refID="5" designID="32124" materials="26">
        <Bone refID="5" transformation="0,0,-1.0000001192092896,-1.0000001192092896,0,0,0,1.0000001192092896,0,-0.89999854564666748,0.40000024437904358,0.40000337362289429">
        </Bone>
      </Part>
    </Brick>
    <Brick refID="6" designID="32124">
      <Part refID="6" designID="32124" materials="26">
        <Bone refID="6" transformation="0,0,-1.0000001192092896,-1.0000001192092896,0,0,0,1.0000001192092896,0,-1.2199982404708862,0.40000024437904358,0.40000337362289429">
        </Bone>
      </Part>
    </Brick>
    <Brick refID="7" designID="4274">
      <Part refID="7" designID="4274" materials="194">
        <Bone refID="7" transformation="-1,0,0,0,0,1.0000001192092896,0,1.0000001192092896,0,-0.34183788299560547,1.6171611547470093,-1.1999950408935547">
        </Bone>
      </Part>
    </Brick>
    <Brick refID="8" designID="3700">
      <Part refID="8" designID="3700" materials="24">
        <Bone refID="8" transformation="-1,0,0,0,0,1.0000001192092896,0,1.0000001192092896,0,0.058161735534667969,1.2171611785888672,-1.7799968719482422">
        </Bone>
      </Part>
    </Brick>
    <Brick refID="9" designID="3023">
      <Part refID="9" designID="3023" materials="24">
        <Bone refID="9" transformation="-1,0,0,0,0,1.0000001192092896,0,1.0000001192092896,0,0.058161735534667969,1.2171611785888672,-0.81999778747558594">
        </Bone>
      </Part>
    </Brick>
    <Brick refID="10" designID="44728">
      <Part refID="10" designID="44728" materials="24">
        <Bone refID="10" transformation="-1,0,0,0,0,1.0000001192092896,0,1.0000001192092896,0,0.058161735534667969,1.2171610593795776,-0.4999980628490448">
        </Bone>
      </Part>
    </Brick>
    <Brick refID="11" designID="4070">
      <Part refID="11" designID="4070" materials="24">
        <Bone refID="11" transformation="0,-1.0000001192092896,0,0,0,1.0000001192092896,-1.0000001192092896,0,0,-0.74183928966522217,1.2171610593795776,-2.7399959564208984">
        </Bone>
      </Part>
    </Brick>
    <Brick refID="12" designID="2540">
      <Part refID="12" designID="2540" materials="24">
        <Bone refID="12" transformation="-1,0,0,0,0,1.0000001192092896,0,1.0000001192092896,0,0.058161735534667969,1.2171611785888672,-3.0599956512451172">
        </Bone>
      </Part>
    </Brick>
    <Brick refID="13" designID="4070">
      <Part refID="13" designID="4070" materials="24">
        <Bone refID="13" transformation="0,1.0000001192092896,0,0,0,1.0000001192092896,1.0000001192092896,0,0,0.058159828186035156,1.2171611785888672,-2.7399959564208984">
        </Bone>
      </Part>
    </Brick>
    <Brick refID="14" designID="3070">
      <Part refID="14" designID="3070" materials="199,0" decoration="0">
        <Bone refID="14" transformation="0,0,1.0000001192092896,1.0000001192092896,0,0,0,1.0000001192092896,0,0.31002140045166016,1.2171611785888672,-2.1799983978271484">
        </Bone>
      </Part>
    </Brick>
    <Brick refID="15" designID="3070">
      <Part refID="15" designID="3070" materials="199,0" decoration="0">
        <Bone refID="15" transformation="0,0,-1.0000001192092896,-1.0000001192092896,0,0,0,1.0000001192092896,0,-0.99370086193084717,1.2171610593795776,-2.1799964904785156">
        </Bone>
      </Part>
    </Brick>
    <Brick refID="16" designID="3023">
      <Part refID="16" designID="3023" materials="24">
        <Bone refID="16" transformation="-1,0,0,0,0,1.0000001192092896,0,1.0000001192092896,0,0.058161735534667969,1.2171610593795776,-0.17999845743179321">
        </Bone>
      </Part>
    </Brick>
    <Brick refID="17" designID="2540">
      <Part refID="17" designID="2540" materials="24">
        <Bone refID="17" transformation="-1,0,0,0,0,1.0000001192092896,0,1.0000001192092896,0,0.058161735534667969,1.2171610593795776,0.14000129699707031">
        </Bone>
      </Part>
    </Brick>
    <Brick refID="18" designID="2412">
      <Part refID="18" designID="2412" materials="199">
        <Bone refID="18" transformation="-1,0,0,0,0,1.0000001192092896,0,1.0000001192092896,0,0.058161735534667969,1.2171608209609985,0.46000105142593384">
        </Bone>
      </Part>
    </Brick>
    <Brick refID="19" designID="2412">
      <Part refID="19" designID="2412" materials="199">
        <Bone refID="19" transformation="0,0,1,0,0.99999994039535522,0,-1,0,0,0.055161476135253906,1.7771610021591187,-1.3799953460693359">
        </Bone>
      </Part>
    </Brick>
    <Brick refID="20" designID="2412">
      <Part refID="20" designID="2412" materials="199">
        <Bone refID="20" transformation="0,0,1,0,0.99999994039535522,0,-1,0,0,-0.74483764171600342,1.7771611213684082,-1.3799972534179687">
        </Bone>
      </Part>
    </Brick>
    <Brick refID="21" designID="4070">
      <Part refID="21" designID="4070" materials="24">
        <Bone refID="21" transformation="0,1.0000001192092896,0,0,0,1.0000001192092896,1.0000001192092896,0,0,-1.2207287549972534,2.0171611309051514,-0.1719970703125">
        </Bone>
      </Part>
    </Brick>
    <Brick refID="22" designID="50746">
      <Part refID="22" designID="50746" materials="111">
        <Bone refID="22" transformation="-1,0,0,0,0,1.0000001192092896,0,1.0000001192092896,0,-1.2207287549972534,2.0171611309051514,0.78800386190414429">
        </Bone>
      </Part>
    </Brick>
    <Brick refID="23" designID="2555">
      <Part refID="23" designID="2555" materials="24">
        <Bone refID="23" transformation="0,0.83562946319580078,-0.5492936372756958,0,-0.5492936372756958,-0.83562946319580078,-1,0,0,-0.35183811187744141,2.3291599750518799,-2.3373584747314453">
        </Bone>
      </Part>
    </Brick>
    <Brick refID="24" designID="60897">
      <Part refID="24" designID="60897" materials="24">
        <Bone refID="24" transformation="1,0,0,0,-0.54929375648498535,-0.83562934398651123,0,0.83562934398651123,-0.54929375648498535,-0.35183811187744141,2.5049374103546143,-2.0699577331542969">
        </Bone>
      </Part>
    </Brick>
    <Brick refID="25" designID="63965">
      <Part refID="25" designID="63965" materials="26">
        <Bone refID="25" transformation="-1,0,0,0,-0.54929357767105103,-0.83562952280044556,0,-0.83562952280044556,0.54929369688034058,-0.35183811187744141,5.6342744827270508,1.2342281341552734">
        </Bone>
      </Part>
    </Brick>
    <Brick refID="26" designID="73587">
      <Part refID="26" designID="4592" materials="26">
        <Bone refID="26" transformation="0,-0.94412446022033691,-0.32958954572677612,0,-0.32958945631980896,0.94412446022033691,-1.0000001192092896,0,0,-0.35183620452880859,5.7699275016784668,1.7743358612060547">
        </Bone>
      </Part>
      <Part refID="27" designID="4593" materials="26">
        <Bone refID="27" transformation="0,-0.0095077324658632278,-0.9999549388885498,0,-0.99995481967926025,0.0095077324658632278,-1.0000001192092896,0,0,-0.35183620452880859,5.6314983367919922,2.170867919921875">
        </Bone>
      </Part>
    </Brick>
    <Brick refID="27" designID="3710">
      <Part refID="28" designID="3710" materials="24">
        <Bone refID="28" transformation="0,-0.94412446022033691,-0.32958954572677612,0,-0.32958945631980896,0.94412446022033691,-1.0000001192092896,0,0,-0.35183620452880859,5.8754019737243652,1.4722166061401367">
        </Bone>
      </Part>
    </Brick>
    <Brick refID="28" designID="61252">
      <Part refID="29" designID="61252" materials="24">
        <Bone refID="29" transformation="1,0,0,0,-0.32958963513374329,0.94412428140640259,0,-0.94412422180175781,-0.32958963513374329,-0.35183811187744141,2.8541994094848633,0.41753214597702026">
        </Bone>
      </Part>
    </Brick>
    <Brick refID="29" designID="2431">
      <Part refID="30" designID="2431" materials="24,0" decoration="0">
        <Bone refID="30" transformation="0,-0.94412422180175781,-0.3295896053314209,0,-0.3295896053314209,0.94412428140640259,-1,0,0,-0.35183620452880859,5.0146346092224121,1.5106651782989502">
        </Bone>
      </Part>
    </Brick>
  </Bricks>
  <RigidSystems>
    <RigidSystem>
      <Rigid refID="0" transformation="0,0,1.0000001192092896,1.0000001192092896,0,0,0,1.0000001192092896,0,-1.7036768198013306,0.40000000596046448,-1.9999973773956299" boneRefs="0,1,2"/>
      <Rigid refID="1" transformation="-1,0,0,0,0,-1.0000001192092896,0,-1.0000001192092896,0,-1.9418379068374634,0.40000003576278687,-0.39999502897262573" boneRefs="3"/>
      <Rigid refID="2" transformation="0,0,-1.0000001192092896,-1.0000001192092896,0,0,0,1.0000001192092896,0,-2.1799988746643066,0.40000003576278687,1.2000033855438232" boneRefs="4,5,6"/>
      <Rigid refID="3" transformation="-1,0,0,0,0,1.0000001192092896,0,1.0000001192092896,0,-1.9418379068374634,1.6171609163284302,-0.39999502897262573" boneRefs="7"/>
      <Rigid refID="4" transformation="-1,0,0,0,0,1.0000001192092896,0,1.0000001192092896,0,-1.5418382883071899,1.2171609401702881,-0.97999686002731323" boneRefs="8,9,10,11,12,13,14,15,16,17,18,19,20"/>
      <Rigid refID="5" transformation="0,1.0000001192092896,0,0,0,1.0000001192092896,1.0000001192092896,0,0,-2.8207287788391113,2.0171608924865723,0.62800294160842896" boneRefs="21,22"/>
      <Rigid refID="6" transformation="0,0.83562946319580078,-0.5492936372756958,0,-0.5492936372756958,-0.83562946319580078,-1,0,0,-1.9518381357192993,2.3291597366333008,-1.5373585224151611" boneRefs="23,24"/>
      <Rigid refID="7" transformation="-1,0,0,0,-0.54929357767105103,-0.83562952280044556,0,-0.83562952280044556,0.54929369688034058,-1.9518381357192993,5.6342744827270508,2.0342280864715576" boneRefs="25"/>
      <Rigid refID="8" transformation="0,-0.94412446022033691,-0.32958954572677612,0,-0.32958945631980896,0.94412446022033691,-1.0000001192092896,0,0,-1.9518362283706665,5.7699275016784668,2.5743358135223389" boneRefs="26,28,29,30"/>
      <Rigid refID="9" transformation="0,-0.0095077324658632278,-0.9999549388885498,0,-0.99995481967926025,0.0095077324658632278,-1.0000001192092896,0,0,-1.9518362283706665,5.6314983367919922,2.9708678722381592" boneRefs="27"/>
      <Joint type="hinge">
        <RigidRef rigidRef="1" a="-1,0,0" z="0,0,-1" t="-0.79029601812362671,0,0"/>
        <RigidRef rigidRef="0" a="0,1,0" z="0,0,1" t="1.6000019311904907,0.55213475227355957,0"/>
      </Joint>
      <Joint type="hinge">
        <RigidRef rigidRef="3" a="0,0,-1" z="1,0,0" t="0,0,-0.97899997234344482"/>
        <RigidRef rigidRef="1" a="0,0,1" z="1,0,0" t="0,0,-0.23816074430942535"/>
      </Joint>
      <Joint type="hinge">
        <RigidRef rigidRef="2" a="0,1,0" z="1,0,0" t="1.6000000238418579,0.31999999284744263,0"/>
        <RigidRef rigidRef="1" a="1,0,0" z="0,1,0" t="0.55816090106964111,0,0"/>
      </Joint>
      <Joint type="hinge">
        <RigidRef rigidRef="4" a="0,0,1" z="1,0,0" t="0.40000000596046448,0.57999998331069946,0.40000000596046448"/>
        <RigidRef rigidRef="3" a="0,0,1" z="1,0,0" t="0,0,0"/>
      </Joint>
      <Joint type="hinge">
        <RigidRef rigidRef="8" a="0,0,-1" z="0,1,0" t="3.9999978542327881,-0.071998044848442078,-0.15999768674373627"/>
        <RigidRef rigidRef="4" a="-1,0,0" z="0,0.94412422180175781,-0.32958975434303284" t="0.24999994039535522,2.1679997444152832,0.79999995231628418"/>
      </Joint>
      <Joint type="hinge">
        <RigidRef rigidRef="6" a="0,0,1" z="1,0,0" t="0,0.56800001859664917,0.15999999642372131"/>
        <RigidRef rigidRef="4" a="1,0,0" z="0,-0.5492936372756958,0.83562946319580078" t="0.56999969482421875,-1.0319991111755371,0.80000001192092896"/>
      </Joint>
      <Joint type="hinge">
        <RigidRef rigidRef="5" a="0,0,1" z="1,0,0" t="0,0.56000000238418579,0.42888998985290527"/>
        <RigidRef rigidRef="4" a="-1,0,0" z="0,0,1" t="0.85000056028366089,2.1679995059967041,0.79999953508377075"/>
      </Joint>
      <Joint type="hinge">
        <RigidRef rigidRef="7" a="0,-1,0" z="1,0,0" t="0,1.0000002384185791,0"/>
        <RigidRef rigidRef="6" a="0,-1,0" z="0,0,1" t="0.80000102519989014,-3.8000009059906006,0"/>
      </Joint>
      <Joint type="hinge">
        <RigidRef rigidRef="9" a="0,0,-1" z="-1,0,0" t="0,0,0"/>
        <RigidRef rigidRef="8" a="0,0,-1" z="0,1,0" t="0,0.41999998688697815,0"/>
      </Joint>
    </RigidSystem>
  </RigidSystems>
  <GroupSystems>
    <GroupSystem>
    </GroupSystem>
  </GroupSystems>
</LXFML>
