<?xml version="1.0" encoding="UTF-8" standalone="no" ?>
<LXFML versionMajor="5" versionMinor="0">
  <Meta>
    <Application name="CCOP" versionMajor="0" versionMinor="0"/>
    <Brand name="LEGOUniverse"/>
    <BrickSet version="228"/>
  </Meta>
  <Bricks>
    <Brick refID="0" designID="3069">
      <Part refID="0" designID="3069" materials="194,0" decoration="0">
        <Bone refID="0" transformation="1,0,0,0,1,0,0,0,1,-3.5999965667724609,0.95000308752059937,1.2000012397766113">
        </Bone>
      </Part>
    </Brick>
    <Brick refID="1" designID="4216">
      <Part refID="1" designID="4216" materials="199">
        <Bone refID="1" transformation="0,0,1,0,0.99999994039535522,0,-1,0,0,-3.6000003814697266,0,0.39999818801879883">
        </Bone>
      </Part>
    </Brick>
    <Brick refID="2" designID="3068">
      <Part refID="2" designID="3068" materials="194,0" decoration="0">
        <Bone refID="2" transformation="0,0,-1,0,1,0,1,0,0,-2.7999992370605469,0.9600028395652771,0.40000200271606445">
        </Bone>
      </Part>
    </Brick>
    <Brick refID="3" designID="4216">
      <Part refID="3" designID="4216" materials="199">
        <Bone refID="3" transformation="-1,0,0,0,1,0,0,0,-1,-2.7999992370605469,0,-0.39999723434448242">
        </Bone>
      </Part>
    </Brick>
    <Brick refID="4" designID="3024">
      <Part refID="4" designID="3024" materials="199">
        <Bone refID="4" transformation="0,0,1,0,0.99999994039535522,0,-1,0,0,-1.9999998807907104,0.9600028395652771,-0.39999723434448242">
        </Bone>
      </Part>
    </Brick>
    <Brick refID="5" designID="2357">
      <Part refID="5" designID="2357" materials="199">
        <Bone refID="5" transformation="0,0,1,0,0.99999994039535522,0,-1,0,0,-1.9999998807907104,0,-0.39999723434448242">
        </Bone>
      </Part>
    </Brick>
    <Brick refID="6" designID="3068">
      <Part refID="6" designID="3068" materials="194,0" decoration="0">
        <Bone refID="6" transformation="-0.30901694297790527,0,-0.95105654001235962,0,1,0,0.95105654001235962,0,-0.30901694297790527,-1.7497671842575073,2.2400028705596924,0.36801958084106445">
        </Bone>
      </Part>
    </Brick>
    <Brick refID="7" designID="4216">
      <Part refID="7" designID="4216" materials="199">
        <Bone refID="7" transformation="-0.95105791091918945,0,0.30901271104812622,0,1,0,-0.30901271104812622,0,-0.95105791091918945,-1.9969782829284668,1.2800028324127197,-0.3928062915802002">
        </Bone>
      </Part>
    </Brick>
    <Brick refID="8" designID="2431">
      <Part refID="8" designID="2431" materials="194,0" decoration="0">
        <Bone refID="8" transformation="0,0,-1,0,1,0,1,0,0,-2,0.96000295877456665,2.8000035285949707">
        </Bone>
      </Part>
    </Brick>
    <Brick refID="9" designID="3003">
      <Part refID="9" designID="3003" materials="199,0,0" decoration="0,0">
        <Bone refID="9" transformation="0,0,-1,0,1,0,1,0,0,-2,0,2.0000042915344238">
        </Bone>
      </Part>
    </Brick>
    <Brick refID="10" designID="4216">
      <Part refID="10" designID="4216" materials="199">
        <Bone refID="10" transformation="1,0,0,0,1,0,0,0,1,-2.7999992370605469,0,2.7999997138977051">
        </Bone>
      </Part>
    </Brick>
    <Brick refID="11" designID="3068">
      <Part refID="11" designID="3068" materials="194,0" decoration="0">
        <Bone refID="11" transformation="0,0,-1,0,1,0,1,0,0,-2.7999992370605469,0.9600028395652771,2.8000035285949707">
        </Bone>
      </Part>
    </Brick>
    <Brick refID="12" designID="4216">
      <Part refID="12" designID="4216" materials="199">
        <Bone refID="12" transformation="0,0,1,0,0.99999994039535522,0,-1,0,0,-3.6000003814697266,0,2.0000004768371582">
        </Bone>
      </Part>
    </Brick>
    <Brick refID="13" designID="4216">
      <Part refID="13" designID="4216" materials="199">
        <Bone refID="13" transformation="0.30901697278022766,0,0.95105654001235962,0,1,0,-0.95105654001235962,0,0.30901697278022766,-2.5106487274169922,1.2800028324127197,0.61517763137817383">
        </Bone>
      </Part>
    </Brick>
    <Brick refID="14" designID="3069">
      <Part refID="14" designID="3069" materials="194,0" decoration="0">
        <Bone refID="14" transformation="0.9510570764541626,0,-0.30901527404785156,0,1,0,0.30901527404785156,0,0.9510570764541626,-2.2633819580078125,2.2300028800964355,1.3760113716125488">
        </Bone>
      </Part>
    </Brick>
    <Brick refID="15" designID="3024">
      <Part refID="15" designID="3024" materials="199">
        <Bone refID="15" transformation="0.30901697278022766,0,0.95105654001235962,0,1,0,-0.95105654001235962,0,0.30901697278022766,-1.2361582517623901,2.2400026321411133,-0.63999903202056885">
        </Bone>
      </Part>
    </Brick>
    <Brick refID="16" designID="2357">
      <Part refID="16" designID="2357" materials="199">
        <Bone refID="16" transformation="0.30901697278022766,0,0.95105654001235962,0,1,0,-0.95105654001235962,0,0.30901697278022766,-1.2361321449279785,1.2800028324127197,-0.64004528522491455">
        </Bone>
      </Part>
    </Brick>
    <Brick refID="17" designID="3068">
      <Part refID="17" designID="3068" materials="194,0" decoration="0">
        <Bone refID="17" transformation="-0.58778500556945801,0,-0.80901718139648438,0,1,0,0.80901718139648438,0,-0.58778500556945801,-0.76967668533325195,3.520003080368042,0.0048942519351840019">
        </Bone>
      </Part>
    </Brick>
    <Brick refID="18" designID="4216">
      <Part refID="18" designID="4216" materials="199">
        <Bone refID="18" transformation="-0.80901706218719482,0,0.58778518438339233,0,1,0,-0.58778518438339233,0,-0.80901706218719482,-1.2400708198547363,2.5600028038024902,-0.64231503009796143">
        </Bone>
      </Part>
    </Brick>
    <Brick refID="19" designID="2431">
      <Part refID="19" designID="2431" materials="194,0" decoration="0">
        <Bone refID="19" transformation="-0.30901694297790527,0,-0.95105654001235962,0,1,0,0.95105654001235962,0,-0.30901694297790527,-0.24725912511348724,2.2400026321411133,2.4032711982727051">
        </Bone>
      </Part>
    </Brick>
    <Brick refID="20" designID="3003">
      <Part refID="20" designID="3003" materials="199,0,0" decoration="0,0">
        <Bone refID="20" transformation="-0.30901715159416199,0,-0.95105648040771484,0,1,0,0.95105648040771484,0,-0.30901715159416199,-0.49445679783821106,1.2800028324127197,1.6424174308776855">
        </Bone>
      </Part>
    </Brick>
    <Brick refID="21" designID="4216">
      <Part refID="21" designID="4216" materials="199">
        <Bone refID="21" transformation="0.95105719566345215,0,-0.30901491641998291,0,1,0,0.30901491641998291,0,0.95105719566345215,-1.0081899166107178,1.2800028324127197,2.6508102416992187">
        </Bone>
      </Part>
    </Brick>
    <Brick refID="22" designID="3068">
      <Part refID="22" designID="3068" materials="194,0" decoration="0">
        <Bone refID="22" transformation="-0.30901694297790527,0,-0.95105654001235962,0,1,0,0.95105654001235962,0,-0.30901694297790527,-1.0081385374069214,2.2400026321411133,2.6504173278808594">
        </Bone>
      </Part>
    </Brick>
    <Brick refID="23" designID="4216">
      <Part refID="23" designID="4216" materials="199">
        <Bone refID="23" transformation="0.30901706218719482,0,0.95105648040771484,0,1,0,-0.95105648040771484,0,0.30901706218719482,-2.016171932220459,1.2800028324127197,2.1367788314819336">
        </Bone>
      </Part>
    </Brick>
    <Brick refID="24" designID="4216">
      <Part refID="24" designID="4216" materials="199">
        <Bone refID="24" transformation="0.58778506517410278,0,0.8090171217918396,0,1,0,-0.8090171217918396,0,0.58778506517410278,-1.4169921875,2.5600028038024902,0.47519350051879883">
        </Bone>
      </Part>
    </Brick>
    <Brick refID="25" designID="3069">
      <Part refID="25" designID="3069" materials="194,0" decoration="0">
        <Bone refID="25" transformation="0.80901706218719482,0,-0.58778518438339233,0,1,0,0.58778518438339233,0,0.80901706218719482,-0.94672578573226929,3.5100033283233643,1.1223187446594238">
        </Bone>
      </Part>
    </Brick>
    <Brick refID="26" designID="3069">
      <Part refID="26" designID="3069" materials="194,0" decoration="0">
        <Bone refID="26" transformation="0.58778518438339233,0,-0.80901706218719482,0,1,0,0.80901706218719482,0,0.58778518438339233,0.22080810368061066,4.7900028228759766,0.47040987014770508">
        </Bone>
      </Part>
    </Brick>
    <Brick refID="27" designID="4216">
      <Part refID="27" designID="4216" materials="199">
        <Bone refID="27" transformation="0.80901706218719482,0,0.58778518438339233,0,1,0,-0.58778518438339233,0,0.80901706218719482,-0.42640677094459534,3.8400032520294189,8.8214874267578125E-005">
        </Bone>
      </Part>
    </Brick>
    <Brick refID="28" designID="3068">
      <Part refID="28" designID="3068" materials="194,0" decoration="0">
        <Bone refID="28" transformation="-0.80901706218719482,0,-0.58778518438339233,0,1,0,0.58778518438339233,0,-0.80901706218719482,0.043842453509569168,4.8000030517578125,-0.64689195156097412">
        </Bone>
      </Part>
    </Brick>
    <Brick refID="29" designID="4216">
      <Part refID="29" designID="4216" materials="199">
        <Bone refID="29" transformation="-0.58778518438339233,0,0.80901706218719482,0,1,0,-0.80901706218719482,0,-0.58778518438339233,-0.60348665714263916,3.8400032520294189,-1.1172100305557251">
        </Bone>
      </Part>
    </Brick>
    <Brick refID="30" designID="3024">
      <Part refID="30" designID="3024" materials="199">
        <Bone refID="30" transformation="0.58778512477874756,0,0.80901706218719482,0,1,0,-0.80901706218719482,0,0.58778512477874756,-0.5927577018737793,3.5200028419494629,-1.1126781702041626">
        </Bone>
      </Part>
    </Brick>
    <Brick refID="31" designID="2357">
      <Part refID="31" designID="2357" materials="199">
        <Bone refID="31" transformation="0.58778506517410278,0,0.8090171217918396,0,1,0,-0.8090171217918396,0,0.58778506517410278,-0.59286653995513916,2.5600030422210693,-1.1124111413955688">
        </Bone>
      </Part>
    </Brick>
    <Brick refID="32" designID="3024">
      <Part refID="32" designID="3024" materials="199">
        <Bone refID="32" transformation="0.80901706218719482,0,0.58778518438339233,0,1,0,-0.58778518438339233,0,0.80901706218719482,-0.13315945863723755,4.8000030517578125,-1.764560341835022">
        </Bone>
      </Part>
    </Brick>
    <Brick refID="33" designID="2357">
      <Part refID="33" designID="2357" materials="199">
        <Bone refID="33" transformation="0.80901706218719482,0,0.58778518438339233,0,1,0,-0.58778518438339233,0,0.80901706218719482,-0.13329117000102997,3.8400032520294189,-1.7644226551055908">
        </Bone>
      </Part>
    </Brick>
    <Brick refID="34" designID="3068">
      <Part refID="34" designID="3068" materials="194,0" decoration="0">
        <Bone refID="34" transformation="-0.9510570764541626,0,-0.30901521444320679,0,1,0,0.30901521444320679,0,-0.9510570764541626,0.62786871194839478,6.0800037384033203,-1.5177376270294189">
        </Bone>
      </Part>
    </Brick>
    <Brick refID="35" designID="4216">
      <Part refID="35" designID="4216" materials="199">
        <Bone refID="35" transformation="-0.3090178370475769,0,0.95105654001235962,0,0.99999994039535522,0,-0.95105654001235962,0,-0.3090178370475769,-0.13291426002979279,5.1200037002563477,-1.7647438049316406">
        </Bone>
      </Part>
    </Brick>
    <Brick refID="36" designID="2431">
      <Part refID="36" designID="2431" materials="194,0" decoration="0">
        <Bone refID="36" transformation="-0.80901706218719482,0,-0.58778518438339233,0,1,0,0.58778518438339233,0,-0.80901706218719482,2.4557418823242187,4.8000030517578125,0.11654329299926758">
        </Bone>
      </Part>
    </Brick>
    <Brick refID="37" designID="3003">
      <Part refID="37" designID="3003" materials="199,0,0" decoration="0,0">
        <Bone refID="37" transformation="-0.80901706218719482,0,-0.58778518438339233,0,1,0,0.58778518438339233,0,-0.80901706218719482,1.8085299730300903,3.8400032520294189,-0.35369229316711426">
        </Bone>
      </Part>
    </Brick>
    <Brick refID="38" designID="4216">
      <Part refID="38" designID="4216" materials="199">
        <Bone refID="38" transformation="0.58778518438339233,0,-0.80901706218719482,0,1,0,0.80901706218719482,0,0.58778518438339233,1.9854155778884888,3.8400032520294189,0.76360994577407837">
        </Bone>
      </Part>
    </Brick>
    <Brick refID="39" designID="3068">
      <Part refID="39" designID="3068" materials="194,0" decoration="0">
        <Bone refID="39" transformation="-0.80901706218719482,0,-0.58778518438339233,0,1,0,0.58778518438339233,0,-0.80901706218719482,1.9855301380157471,4.8000030517578125,0.76350688934326172">
        </Bone>
      </Part>
    </Brick>
    <Brick refID="40" designID="4216">
      <Part refID="40" designID="4216" materials="199">
        <Bone refID="40" transformation="0.80901706218719482,0,0.58778518438339233,0,1,0,-0.58778518438339233,0,0.80901706218719482,0.8680802583694458,3.8400032520294189,0.94048500061035156">
        </Bone>
      </Part>
    </Brick>
    <Brick refID="41" designID="4216">
      <Part refID="41" designID="4216" materials="199">
        <Bone refID="41" transformation="0.9510570764541626,0,0.30901527404785156,0,1,0,-0.30901527404785156,0,0.9510570764541626,0.38073745369911194,5.1200027465820312,-0.75680863857269287">
        </Bone>
      </Part>
    </Brick>
    <Brick refID="42" designID="3069">
      <Part refID="42" designID="3069" materials="194,0" decoration="0">
        <Bone refID="42" transformation="0.30901706218719482,0,-0.95105648040771484,0,1,0,0.95105648040771484,0,0.30901706218719482,1.1415921449661255,6.070002555847168,-0.50949418544769287">
        </Bone>
      </Part>
    </Brick>
    <Brick refID="43" designID="3070">
      <Part refID="43" designID="3070" materials="194">
        <Bone refID="43" transformation="-0.95105701684951782,0,-0.30901545286178589,0,0.99999994039535522,0,0.30901545286178589,0,-0.95105701684951782,0.11431907117366791,6.0800027847290039,-2.5257983207702637">
        </Bone>
      </Part>
    </Brick>
    <Brick refID="44" designID="2357">
      <Part refID="44" designID="2357" materials="199">
        <Bone refID="44" transformation="0.95105820894241333,0,0.30901223421096802,0,1,0,-0.30901223421096802,0,0.95105820894241333,0.11415509879589081,5.120002269744873,-2.5256104469299316">
        </Bone>
      </Part>
    </Brick>
    <Brick refID="45" designID="41769">
      <Part refID="45" designID="41769" materials="194">
        <Bone refID="45" transformation="0.95105659961700439,0,0.30901673436164856,0,1,0,-0.30901673436164856,0,0.95105659961700439,0.87516427040100098,6.0800027847290039,-2.2785983085632324">
        </Bone>
      </Part>
    </Brick>
    <Brick refID="46" designID="3003">
      <Part refID="46" designID="3003" materials="199,0,0" decoration="0,0">
        <Bone refID="46" transformation="-0.9510570764541626,0,-0.30901521444320679,0,1,0,0.30901521444320679,0,-0.9510570764541626,2.3967478275299072,5.1200027465820312,-1.7841337919235229">
        </Bone>
      </Part>
    </Brick>
    <Brick refID="47" designID="4216">
      <Part refID="47" designID="4216" materials="199">
        <Bone refID="47" transformation="0.30901706218719482,0,-0.95105648040771484,0,1,0,0.95105648040771484,0,0.30901706218719482,2.9103529453277588,5.1200027465820312,-0.77605468034744263">
        </Bone>
      </Part>
    </Brick>
    <Brick refID="48" designID="2453">
      <Part refID="48" designID="2453" materials="199">
        <Bone refID="48" transformation="0.30901706218719482,0,-0.95105648040771484,0,1,0,0.95105648040771484,0,0.30901706218719482,3.1575627326965332,0.32000261545181274,-1.5369205474853516">
        </Bone>
      </Part>
    </Brick>
    <Brick refID="49" designID="3024">
      <Part refID="49" designID="3024" materials="199">
        <Bone refID="49" transformation="0.30901706218719482,0,-0.95105648040771484,0,1,0,0.95105648040771484,0,0.30901706218719482,3.1575627326965332,0,-1.5369205474853516">
        </Bone>
      </Part>
    </Brick>
    <Brick refID="50" designID="3068">
      <Part refID="50" designID="3068" materials="194,0" decoration="0">
        <Bone refID="50" transformation="-0.9510570764541626,0,-0.30901521444320679,0,1,0,0.30901521444320679,0,-0.9510570764541626,2.9105091094970703,6.0800027847290039,-0.77601641416549683">
        </Bone>
      </Part>
    </Brick>
    <Brick refID="51" designID="4216">
      <Part refID="51" designID="4216" materials="199">
        <Bone refID="51" transformation="0.95105797052383423,0,0.30901330709457397,0,1,0,-0.30901330709457397,0,0.95105797052383423,1.9023774862289429,5.1200027465820312,-0.2624053955078125">
        </Bone>
      </Part>
    </Brick>
    <Brick refID="52" designID="2431">
      <Part refID="52" designID="2431" materials="194,0" decoration="0">
        <Bone refID="52" transformation="-0.58778482675552368,0,-0.80901730060577393,0,0.99999994039535522,0,0.80901730060577393,0,-0.58778482675552368,1.2882232666015625,3.520003080368042,1.4764218330383301">
        </Bone>
      </Part>
    </Brick>
    <Brick refID="53" designID="3003">
      <Part refID="53" designID="3003" materials="199,0,0" decoration="0,0">
        <Bone refID="53" transformation="-0.58778482675552368,0,-0.80901730060577393,0,0.99999994039535522,0,0.80901730060577393,0,-0.58778482675552368,0.81800305843353271,2.5600025653839111,0.82889628410339355">
        </Bone>
      </Part>
    </Brick>
    <Brick refID="54" designID="4216">
      <Part refID="54" designID="4216" materials="199">
        <Bone refID="54" transformation="0.80901700258255005,0,-0.58778542280197144,0,1,0,0.58778542280197144,0,0.80901700258255005,0.64095544815063477,2.5600025653839111,1.9463163614273071">
        </Bone>
      </Part>
    </Brick>
    <Brick refID="55" designID="3024">
      <Part refID="55" designID="3024" materials="199">
        <Bone refID="55" transformation="0.80901706218719482,0,-0.58778524398803711,0,1,0,0.58778524398803711,0,0.80901706218719482,1.2881674766540527,2.2400026321411133,1.4764010906219482">
        </Bone>
      </Part>
    </Brick>
    <Brick refID="56" designID="3005">
      <Part refID="56" designID="3005" materials="199,0" decoration="0">
        <Bone refID="56" transformation="0.80901706218719482,0,-0.58778524398803711,0,1,0,0.58778524398803711,0,0.80901706218719482,1.2881674766540527,1.2800028324127197,1.4764010906219482">
        </Bone>
      </Part>
    </Brick>
    <Brick refID="57" designID="3005">
      <Part refID="57" designID="3005" materials="199,0" decoration="0">
        <Bone refID="57" transformation="0.80901706218719482,0,-0.58778524398803711,0,1,0,0.58778524398803711,0,0.80901706218719482,1.2881655693054199,0.32000285387039185,1.4764010906219482">
        </Bone>
      </Part>
    </Brick>
    <Brick refID="58" designID="3024">
      <Part refID="58" designID="3024" materials="199">
        <Bone refID="58" transformation="0.80901706218719482,0,-0.58778524398803711,0,1,0,0.58778524398803711,0,0.80901706218719482,1.2881674766540527,0,1.4764010906219482">
        </Bone>
      </Part>
    </Brick>
    <Brick refID="59" designID="3068">
      <Part refID="59" designID="3068" materials="194,0" decoration="0">
        <Bone refID="59" transformation="-0.58778482675552368,0,-0.80901730060577393,0,0.99999994039535522,0,0.80901730060577393,0,-0.58778482675552368,0.64104121923446655,3.520003080368042,1.9464923143386841">
        </Bone>
      </Part>
    </Brick>
    <Brick refID="60" designID="4216">
      <Part refID="60" designID="4216" materials="199">
        <Bone refID="60" transformation="0.58778500556945801,0,0.80901730060577393,0,1,0,-0.80901730060577393,0,0.58778500556945801,-0.47643274068832397,2.5600028038024902,1.7691932916641235">
        </Bone>
      </Part>
    </Brick>
  </Bricks>
  <RigidSystems>
    <RigidSystem>
      <Rigid refID="0" transformation="1,0,0,0,1,0,0,0,1,-3.5999965667724609,0.95000302791595459,1.2000012397766113" boneRefs="0"/>
      <Rigid refID="1" transformation="0,0,1,0,0.99999994039535522,0,-1,0,0,-3.6000003814697266,0,0.39999818801879883" boneRefs="1"/>
      <Rigid refID="2" transformation="0,0,-1,0,1,0,1,0,0,-2.7999992370605469,0.96000277996063232,0.40000200271606445" boneRefs="2,3"/>
      <Rigid refID="3" transformation="0,0,1,0,0.99999994039535522,0,-1,0,0,-1.9999998807907104,0.96000277996063232,-0.39999723434448242" boneRefs="4,5,6,7"/>
      <Rigid refID="4" transformation="0,0,-1,0,1,0,1,0,0,-2,0.96000289916992188,2.8000035285949707" boneRefs="8,9,10,11,12"/>
      <Rigid refID="5" transformation="0.30901697278022766,0,0.95105654001235962,0,1,0,-0.95105654001235962,0,0.30901697278022766,-2.5106487274169922,1.2800027132034302,0.61517763137817383" boneRefs="13"/>
      <Rigid refID="6" transformation="0.9510570764541626,0,-0.30901527404785156,0,1,0,0.30901527404785156,0,0.9510570764541626,-2.2633819580078125,2.2300028800964355,1.3760113716125488" boneRefs="14"/>
      <Rigid refID="7" transformation="0.30901697278022766,0,0.95105654001235962,0,1,0,-0.95105654001235962,0,0.30901697278022766,-1.2361582517623901,2.2400026321411133,-0.63999903202056885" boneRefs="15,16,17,18"/>
      <Rigid refID="8" transformation="-0.30901694297790527,0,-0.95105654001235962,0,1,0,0.95105654001235962,0,-0.30901694297790527,-0.24725912511348724,2.2400026321411133,2.4032711982727051" boneRefs="19,20,21,22,23"/>
      <Rigid refID="9" transformation="0.58778506517410278,0,0.8090171217918396,0,1,0,-0.8090171217918396,0,0.58778506517410278,-1.4169921875,2.5600028038024902,0.47519350051879883" boneRefs="24"/>
      <Rigid refID="10" transformation="0.80901706218719482,0,-0.58778518438339233,0,1,0,0.58778518438339233,0,0.80901706218719482,-0.94672578573226929,3.5100033283233643,1.1223187446594238" boneRefs="25"/>
      <Rigid refID="11" transformation="0.58778518438339233,0,-0.80901706218719482,0,1,0,0.80901706218719482,0,0.58778518438339233,0.22080810368061066,4.7900028228759766,0.47040987014770508" boneRefs="26"/>
      <Rigid refID="12" transformation="0.80901706218719482,0,0.58778518438339233,0,1,0,-0.58778518438339233,0,0.80901706218719482,-0.42640677094459534,3.8400032520294189,8.8214874267578125E-005" boneRefs="27"/>
      <Rigid refID="13" transformation="-0.80901706218719482,0,-0.58778518438339233,0,1,0,0.58778518438339233,0,-0.80901706218719482,0.043842453509569168,4.8000030517578125,-0.64689195156097412" boneRefs="28,29,30,31"/>
      <Rigid refID="14" transformation="0.80901706218719482,0,0.58778518438339233,0,1,0,-0.58778518438339233,0,0.80901706218719482,-0.13315945863723755,4.8000030517578125,-1.764560341835022" boneRefs="32,33,34,35"/>
      <Rigid refID="15" transformation="-0.80901706218719482,0,-0.58778518438339233,0,1,0,0.58778518438339233,0,-0.80901706218719482,2.4557418823242187,4.8000030517578125,0.11654329299926758" boneRefs="36,37,38,39,40"/>
      <Rigid refID="16" transformation="0.9510570764541626,0,0.30901527404785156,0,1,0,-0.30901527404785156,0,0.9510570764541626,0.38073745369911194,5.1200027465820312,-0.75680863857269287" boneRefs="41"/>
      <Rigid refID="17" transformation="0.30901706218719482,0,-0.95105648040771484,0,1,0,0.95105648040771484,0,0.30901706218719482,1.1415921449661255,6.070002555847168,-0.50949418544769287" boneRefs="42"/>
      <Rigid refID="18" transformation="-0.95105701684951782,0,-0.30901545286178589,0,0.99999994039535522,0,0.30901545286178589,0,-0.95105701684951782,0.11431907117366791,6.0800027847290039,-2.5257983207702637" boneRefs="43,44"/>
      <Rigid refID="19" transformation="0.95105659961700439,0,0.30901673436164856,0,1,0,-0.30901673436164856,0,0.95105659961700439,0.87516427040100098,6.0800027847290039,-2.2785983085632324" boneRefs="45,46,47,48,49,50,51"/>
      <Rigid refID="20" transformation="-0.58778482675552368,0,-0.80901730060577393,0,0.99999994039535522,0,0.80901730060577393,0,-0.58778482675552368,1.2882232666015625,3.520003080368042,1.4764218330383301" boneRefs="52,53,54,55,56,57,58,59,60"/>
      <Joint type="hinge">
        <RigidRef rigidRef="4" a="0,1,0" z="0,0,1" t="1.5999993085861206,0,-0.80000007152557373"/>
        <RigidRef rigidRef="0" a="0,1,0" z="0,0,1" t="0.80022305250167847,0,0"/>
      </Joint>
      <Joint type="hinge">
        <RigidRef rigidRef="1" a="0,1,0" z="0,0,1" t="0.80000007152557373,0.95999997854232788,0"/>
        <RigidRef rigidRef="0" a="0,1,0" z="0,0,1" t="0.00022301077842712402,0,0"/>
      </Joint>
      <Joint type="hinge">
        <RigidRef rigidRef="2" a="0,1,0" z="0,0,1" t="0,0,-0.80000007152557373"/>
        <RigidRef rigidRef="1" a="0,1,0" z="0,0,1" t="0,0.95999997854232788,0"/>
      </Joint>
      <Joint type="hinge">
        <RigidRef rigidRef="3" a="0,0.99999994039535522,0" z="-1,0,0" t="0.80000001192092896,0,0.80000001192092896"/>
        <RigidRef rigidRef="2" a="0,1,0" z="0,0,1" t="0,0,0"/>
      </Joint>
      <Joint type="hinge">
        <RigidRef rigidRef="7" a="0,0.99999994039535522,0" z="-1,0,0" t="0.79996407032012939,0,0.79996085166931152"/>
        <RigidRef rigidRef="3" a="0,1.0000001192092896,0" z="-0.30901694297790527,0,-0.95105654001235962" t="0.76801681518554688,1.2800002098083496,-0.25023269653320313"/>
      </Joint>
      <Joint type="hinge">
        <RigidRef rigidRef="5" a="0,1,0" z="0,0,1" t="0,0.95999997854232788,0"/>
        <RigidRef rigidRef="3" a="0,1.0000001192092896,0" z="-0.30901694297790527,0,-0.95105654001235962" t="1.0152304172515869,1.2800002098083496,0.5106126070022583"/>
      </Joint>
      <Joint type="hinge">
        <RigidRef rigidRef="4" a="0,1,0" z="0,0,1" t="2.3999998569488525,0,0"/>
        <RigidRef rigidRef="3" a="0,0.99999994039535522,0" z="-1,0,0" t="0.80000001192092896,0,0"/>
      </Joint>
      <Joint type="hinge">
        <RigidRef rigidRef="6" a="0,1,0" z="0,0,1" t="0.00022301077842712402,0,0"/>
        <RigidRef rigidRef="5" a="0,1,0" z="0,0,1" t="0.80000007152557373,0.95999997854232788,0"/>
      </Joint>
      <Joint type="hinge">
        <RigidRef rigidRef="8" a="0,1,0" z="0,0,1" t="1.6000031232833862,0,-0.79998248815536499"/>
        <RigidRef rigidRef="6" a="0,1,0" z="0,0,1" t="0.80022305250167847,0,0"/>
      </Joint>
      <Joint type="hinge">
        <RigidRef rigidRef="9" a="0,1,0" z="0,0,1" t="0,0.95999997854232788,0"/>
        <RigidRef rigidRef="7" a="0,1,0" z="-0.30901673436164856,0,-0.95105659961700439" t="1.0046941041946411,1.2800004482269287,0.51647794246673584"/>
      </Joint>
      <Joint type="hinge">
        <RigidRef rigidRef="13" a="0,0.99999994039535522,0" z="0.95105642080307007,0,0.30901733040809631" t="0.2751024067401886,-1.2799999713897705,-1.0056941509246826"/>
        <RigidRef rigidRef="7" a="0,1,0" z="-0.30901673436164856,0,-0.95105659961700439" t="0.7574806809425354,1.2800004482269287,-0.24436739087104797"/>
      </Joint>
      <Joint type="hinge">
        <RigidRef rigidRef="8" a="0,1,0" z="0,0,1" t="2.3999998569488525,0,0"/>
        <RigidRef rigidRef="7" a="0,0.99999994039535522,0" z="-1,0,0" t="0.79996407032012939,0,-3.915553679689765E-005"/>
      </Joint>
      <Joint type="hinge">
        <RigidRef rigidRef="10" a="0,1,0" z="0,0,1" t="0.00022301077842712402,0,0"/>
        <RigidRef rigidRef="9" a="0,1,0" z="0,0,1" t="0.80000007152557373,0.95999997854232788,0"/>
      </Joint>
      <Joint type="hinge">
        <RigidRef rigidRef="20" a="0,1,0" z="0,0,1" t="1.6002477407455444,0,-0.79981064796447754"/>
        <RigidRef rigidRef="10" a="0,1,0" z="0,0,1" t="0.80022305250167847,0,0"/>
      </Joint>
      <Joint type="hinge">
        <RigidRef rigidRef="15" a="0,1,0" z="0,0,1" t="1.6000030040740967,0,-0.79999303817749023"/>
        <RigidRef rigidRef="11" a="0,1,0" z="0,0,1" t="0.80022305250167847,0,0"/>
      </Joint>
      <Joint type="hinge">
        <RigidRef rigidRef="12" a="0,1,0" z="0,0,1" t="0.80000007152557373,0.95999997854232788,0"/>
        <RigidRef rigidRef="11" a="0,1,0" z="0,0,1" t="0.00022301077842712402,0,0"/>
      </Joint>
      <Joint type="hinge">
        <RigidRef rigidRef="13" a="0,1,0" z="0,0,1" t="0,0,-0.80000007152557373"/>
        <RigidRef rigidRef="12" a="0,1,0" z="0,0,1" t="0,0.95999997854232788,0"/>
      </Joint>
      <Joint type="hinge">
        <RigidRef rigidRef="14" a="0,0.99999994039535522,0" z="-1,0,0" t="0.79997438192367554,0,0.80018877983093262"/>
        <RigidRef rigidRef="13" a="0,1,0" z="0,0,1" t="0,0,0"/>
      </Joint>
      <Joint type="hinge">
        <RigidRef rigidRef="20" a="0,1,0" z="0,0,1" t="2.3999998569488525,0,0"/>
        <RigidRef rigidRef="13" a="0,0.99999994039535522,0" z="0.95105642080307007,0,0.30901733040809631" t="0.027888568118214607,-1.2799999713897705,-0.24484895169734955"/>
      </Joint>
      <Joint type="hinge">
        <RigidRef rigidRef="16" a="0,1,0" z="0,0,1" t="0,0.95999997854232788,0"/>
        <RigidRef rigidRef="14" a="0,1,0" z="-0.30901867151260376,0,-0.95105594396591187" t="1.0079784393310547,1.2800006866455078,0.51320755481719971"/>
      </Joint>
      <Joint type="hinge">
        <RigidRef rigidRef="18" a="0,1,0" z="1.0000001192092896,0,0" t="-0.79990494251251221,0,-0.80022674798965454"/>
        <RigidRef rigidRef="14" a="0,1,0" z="-0.30901867151260376,0,-0.95105594396591187" t="0.76076346635818481,1.2800006866455078,-0.24763727188110352"/>
      </Joint>
      <Joint type="hinge">
        <RigidRef rigidRef="15" a="0,1,0" z="0,0,1" t="2.3999998569488525,0,0"/>
        <RigidRef rigidRef="14" a="0,0.99999994039535522,0" z="-1,0,0" t="0.79997438192367554,0,0.00018877629190683365"/>
      </Joint>
      <Joint type="hinge">
        <RigidRef rigidRef="17" a="0,1,0" z="0,0,1" t="0.00022301077842712402,0,0"/>
        <RigidRef rigidRef="16" a="0,1,0" z="0,0,1" t="0.80000007152557373,0.95999997854232788,0"/>
      </Joint>
      <Joint type="hinge">
        <RigidRef rigidRef="19" a="0,1,0" z="0,0,-1" t="0.79991108179092407,0,0.80007028579711914"/>
        <RigidRef rigidRef="17" a="0,1,0" z="0,0,1" t="0.80022305250167847,0,0"/>
      </Joint>
      <Joint type="hinge">
        <RigidRef rigidRef="19" a="0,1,0" z="0,0,1" t="0,0,0"/>
        <RigidRef rigidRef="18" a="0,1,0" z="1.0000001192092896,0,0" t="-0.79990220069885254,0,-0.00022661716502625495"/>
      </Joint>
    </RigidSystem>
  </RigidSystems>
  <GroupSystems>
    <GroupSystem>
    </GroupSystem>
  </GroupSystems>
</LXFML>
