<?xml version="1.0" encoding="UTF-8" standalone="no" ?>
<LXFML versionMajor="5" versionMinor="0">
  <Meta>
    <Application name="CCOP" versionMajor="0" versionMinor="0"/>
    <Brand name="LEGOUniverse"/>
    <BrickSet version="215"/>
  </Meta>
  <Bricks>
    <Brick refID="0" designID="59233">
      <Part refID="0" designID="59233" materials="120">
        <Bone refID="0" transformation="0.3496185839176178,0.12132956832647324,0.92900276184082031,-0.93591701984405518,0,0.35222068428993225,0.042735110968351364,-0.99261236190795898,0.11355432868003845,0.90452766418457031,8.8256540298461914,1.5467113256454468">
        </Bone>
      </Part>
    </Brick>
    <Brick refID="1" designID="2555">
      <Part refID="1" designID="2555" materials="194">
        <Bone refID="1" transformation="-0.042734790593385696,0.99261248111724854,-0.11355385184288025,0.34961885213851929,0.12132920324802399,0.92900276184082031,0.93591701984405518,0,-0.35222086310386658,0.68722724914550781,8.7567415237426758,1.0260814428329468">
        </Bone>
      </Part>
    </Brick>
    <Brick refID="2" designID="4733">
      <Part refID="2" designID="4733" materials="194">
        <Bone refID="2" transformation="-0.69201415777206421,0.70188009738922119,0.16876241564750671,0.34961754083633423,0.12133061140775681,0.92900300025939941,0.6315726637840271,0.70188552141189575,-0.3293519914150238,0.3516005277633667,8.6402664184570312,0.13423728942871094">
        </Bone>
      </Part>
    </Brick>
    <Brick refID="3" designID="73587">
      <Part refID="3" designID="4592" materials="194">
        <Bone refID="3" transformation="-0.34961867332458496,-0.12132970988750458,-0.92900258302688599,0.63157498836517334,0.70188295841217041,-0.32935288548469543,0.69201135635375977,-0.70188277959823608,-0.16876256465911865,0.80001634359359741,8.9889621734619141,0.52274119853973389">
        </Bone>
      </Part>
      <Part refID="4" designID="4593" materials="120">
        <Bone refID="4" transformation="0.63157540559768677,0.70188307762145996,-0.32935225963592529,0.34961822628974915,0.1213294044137001,0.92900288105010986,0.69201147556304932,-0.70188277959823608,-0.16876241564750671,1.0652732849121094,9.2837514877319336,0.38441121578216553">
        </Bone>
      </Part>
    </Brick>
    <Brick refID="4" designID="73587">
      <Part refID="5" designID="4592" materials="194">
        <Bone refID="5" transformation="-0.34961944818496704,-0.12132778763771057,-0.92900258302688599,-0.63157349824905396,-0.701884925365448,0.32935160398483276,-0.69201236963272095,0.7018810510635376,0.16876512765884399,0.29475581645965576,8.4274578094482422,0.78622233867645264">
        </Bone>
      </Part>
      <Part refID="6" designID="4593" materials="120">
        <Bone refID="6" transformation="-0.63157552480697632,-0.70188313722610474,0.32935163378715515,0.34961774945259094,0.12132891267538071,0.92900311946868896,-0.69201147556304932,0.70188283920288086,0.16876251995563507,0.029489517211914063,8.1326656341552734,0.92454946041107178">
        </Bone>
      </Part>
    </Brick>
    <Brick refID="5" designID="73587">
      <Part refID="7" designID="4592" materials="194">
        <Bone refID="7" transformation="-0.3496192991733551,-0.12133017182350159,-0.92900234460830688,0.69201028347015381,-0.70188397169113159,-0.16876213252544403,-0.63157588243484497,-0.70188164710998535,0.32935386896133423,0.82419008016586304,8.427459716796875,0.58697497844696045">
        </Bone>
      </Part>
      <Part refID="8" designID="4593" materials="120">
        <Bone refID="8" transformation="0.69201141595840454,-0.70188283920288086,-0.16876284778118134,0.34961855411529541,0.12132922559976578,0.92900282144546509,-0.63157528638839722,-0.70188307762145996,0.32935246825218201,1.1148300170898437,8.1326656341552734,0.51609456539154053">
        </Bone>
      </Part>
    </Brick>
    <Brick refID="6" designID="3794">
      <Part refID="9" designID="3794" materials="194">
        <Bone refID="9" transformation="-0.93591725826263428,0,0.35221979022026062,0.34961780905723572,0.12132976949214935,0.92900294065475464,-0.042733915150165558,0.99261224269866943,-0.11355487257242203,0.61408787965774536,8.6014404296875,-0.30393052101135254">
        </Bone>
      </Part>
    </Brick>
    <Brick refID="7" designID="73587">
      <Part refID="10" designID="4592" materials="194">
        <Bone refID="10" transformation="-0.34961849451065063,-0.12132912129163742,-0.92900276184082031,-0.69201165437698364,0.70188236236572266,0.16876301169395447,0.63157480955123901,0.70188337564468384,-0.32935220003128052,0.27058017253875732,8.9889650344848633,0.72198665142059326">
        </Bone>
      </Part>
      <Part refID="11" designID="4593" materials="120">
        <Bone refID="11" transformation="-0.69201153516769409,0.70188254117965698,0.16876286268234253,0.34961828589439392,0.1213289350271225,0.92900282144546509,0.63157504796981812,0.70188325643539429,-0.32935205101966858,-0.020069122314453125,9.2837533950805664,0.79286611080169678">
        </Bone>
      </Part>
    </Brick>
    <Brick refID="8" designID="87087">
      <Part refID="12" designID="87087" materials="194">
        <Bone refID="12" transformation="0.93591707944869995,0,-0.3522203266620636,-0.042734671384096146,0.99261230230331421,-0.11355414241552353,0.34961822628974915,0.12132928520441055,0.92900282144546509,-0.25056648254394531,7.9970450401306152,-0.33016550540924072">
        </Bone>
      </Part>
    </Brick>
    <Brick refID="9" designID="6134">
      <Part refID="13" designID="6134" materials="194">
        <Bone refID="13" transformation="-0.93591731786727905,0,0.35221993923187256,-0.042734712362289429,0.99261265993118286,-0.11355430632829666,-0.34961783885955811,-0.12132945656776428,-0.92900300025939941,0.53919219970703125,7.0441379547119141,-0.50292932987213135">
        </Bone>
      </Part>
    </Brick>
    <Brick refID="10" designID="48336">
      <Part refID="14" designID="48336" materials="194">
        <Bone refID="14" transformation="-0.93591701984405518,0,0.35222059488296509,-0.04273495078086853,0.99261236190795898,-0.1135544553399086,-0.34961849451065063,-0.121329665184021,-0.92900264263153076,0.21847075223922729,7.8999814987182617,-1.3551454544067383">
        </Bone>
      </Part>
    </Brick>
    <Brick refID="11" designID="50746">
      <Part refID="15" designID="50746" materials="194">
        <Bone refID="15" transformation="-0.93591701984405518,0,0.35222059488296509,-0.04273495078086853,0.99261236190795898,-0.1135544553399086,-0.34961849451065063,-0.121329665184021,-0.92900264263153076,0.20479699969291687,8.2176179885864258,-1.3914822340011597">
        </Bone>
      </Part>
    </Brick>
    <Brick refID="12" designID="50746">
      <Part refID="16" designID="50746" materials="194">
        <Bone refID="16" transformation="-0.93591701984405518,0,0.35222059488296509,-0.04273495078086853,0.99261236190795898,-0.1135544553399086,-0.34961849451065063,-0.121329665184021,-0.92900264263153076,-0.54393845796585083,8.2176189422607422,-1.1097058057785034">
        </Bone>
      </Part>
    </Brick>
    <Brick refID="13" designID="3937">
      <Part refID="17" designID="3937" materials="194">
        <Bone refID="17" transformation="-0.93591713905334473,0,0.35222026705741882,0,1,0,-0.35222026705741882,0,-0.93591713905334473,0.51526069641113281,7.0400004386901855,-0.5665203332901001">
        </Bone>
      </Part>
    </Brick>
    <Brick refID="14" designID="74340">
      <Part refID="18" designID="3679" materials="120">
        <Bone refID="18" transformation="0.93591606616973877,0,-0.35222312808036804,0,1,0,0.35222312808036804,0,0.93591606616973877,-0.23347589373588562,7.0400009155273437,-0.2847522497177124">
        </Bone>
      </Part>
      <Part refID="19" designID="3680" materials="194">
        <Bone refID="19" transformation="1,0,0,0,1,0,0,0,1,-0.40000343322753906,6.7200007438659668,-0.39999735355377197">
        </Bone>
      </Part>
    </Brick>
    <Brick refID="15" designID="50746">
      <Part refID="20" designID="50746" materials="194">
        <Bone refID="20" transformation="-0.93591618537902832,0,0.352222740650177,0,1,0,-0.352222740650177,0,-0.93591618537902832,-0.51525229215621948,7.0400009155273437,-1.0334776639938354">
        </Bone>
      </Part>
    </Brick>
    <Brick refID="16" designID="50746">
      <Part refID="21" designID="50746" materials="194">
        <Bone refID="21" transformation="-0.93591618537902832,0,0.352222740650177,0,1,0,-0.352222740650177,0,-0.93591618537902832,0.23348122835159302,7.0400009155273437,-1.3152539730072021">
        </Bone>
      </Part>
    </Brick>
    <Brick refID="17" designID="3031">
      <Part refID="22" designID="3031" materials="199">
        <Bone refID="22" transformation="1,0,0,0,1,0,0,0,1,-1.2000045776367187,0,-1.1999984979629517">
        </Bone>
      </Part>
    </Brick>
    <Brick refID="18" designID="2454">
      <Part refID="23" designID="2454" materials="199">
        <Bone refID="23" transformation="1,0,0,0,1,0,0,0,1,-0.40000534057617188,0.31999999284744263,-1.1999984979629517">
        </Bone>
      </Part>
    </Brick>
    <Brick refID="19" designID="3660">
      <Part refID="24" designID="3660" materials="199">
        <Bone refID="24" transformation="1,0,0,0,1,0,0,0,1,-0.40000534057617188,5.1200003623962402,-1.2000042200088501">
        </Bone>
      </Part>
    </Brick>
    <Brick refID="20" designID="3795">
      <Part refID="25" designID="3795" materials="199">
        <Bone refID="25" transformation="1,0,0,0,1,0,0,0,1,-2.0000038146972656,6.0800004005432129,-0.4000011682510376">
        </Bone>
      </Part>
    </Brick>
    <Brick refID="21" designID="3022">
      <Part refID="26" designID="3022" materials="194">
        <Bone refID="26" transformation="1,0,0,0,1,0,0,0,1,-0.40000343322753906,6.4000005722045898,-0.39999735355377197">
        </Bone>
      </Part>
    </Brick>
    <Brick refID="22" designID="50746">
      <Part refID="27" designID="50746" materials="194">
        <Bone refID="27" transformation="0,0,-1,0,0.99999994039535522,0,1,0,0,1.1999969482421875,6.4000005722045898,-0.39999735355377197">
        </Bone>
      </Part>
    </Brick>
    <Brick refID="23" designID="50746">
      <Part refID="28" designID="50746" materials="194">
        <Bone refID="28" transformation="0,0,-1,0,0.99999994039535522,0,1,0,0,1.1999950408935547,6.4000005722045898,-1.1999984979629517">
        </Bone>
      </Part>
    </Brick>
    <Brick refID="24" designID="50746">
      <Part refID="29" designID="50746" materials="194">
        <Bone refID="29" transformation="0,0,1,0,0.99999994039535522,0,-1,0,0,-1.2000026702880859,6.4000005722045898,-0.39999735355377197">
        </Bone>
      </Part>
    </Brick>
    <Brick refID="25" designID="50746">
      <Part refID="30" designID="50746" materials="194">
        <Bone refID="30" transformation="0,0,1,0,0.99999994039535522,0,-1,0,0,-1.2000045776367187,6.4000005722045898,-1.1999984979629517">
        </Bone>
      </Part>
    </Brick>
    <Brick refID="26" designID="3676">
      <Part refID="31" designID="3676" materials="199">
        <Bone refID="31" transformation="0,0,-1,0,0.99999994039535522,0,1,0,0,1.1999950408935547,5.1200003623962402,-1.2000004053115845">
        </Bone>
      </Part>
    </Brick>
    <Brick refID="27" designID="3676">
      <Part refID="32" designID="3676" materials="199">
        <Bone refID="32" transformation="1,0,0,0,1,0,0,0,1,-1.2000045776367187,5.1200003623962402,-1.2000004053115845">
        </Bone>
      </Part>
    </Brick>
    <Brick refID="28" designID="2454">
      <Part refID="33" designID="2454" materials="199">
        <Bone refID="33" transformation="0,0,1,0,0.99999994039535522,0,-1,0,0,-1.2000045776367187,0.31999999284744263,-3.6000018119812012">
        </Bone>
      </Part>
    </Brick>
    <Brick refID="29" designID="2454">
      <Part refID="34" designID="2454" materials="199">
        <Bone refID="34" transformation="0,0,1,0,0.99999994039535522,0,-1,0,0,-1.2000045776367187,0.31999999284744263,-1.9999977350234985">
        </Bone>
      </Part>
    </Brick>
    <Brick refID="30" designID="2454">
      <Part refID="35" designID="2454" materials="199">
        <Bone refID="35" transformation="0,0,1,0,0.99999994039535522,0,-1,0,0,1.1999969482421875,0.31999999284744263,-1.9999977350234985">
        </Bone>
      </Part>
    </Brick>
    <Brick refID="31" designID="2454">
      <Part refID="36" designID="2454" materials="199">
        <Bone refID="36" transformation="0,0,1,0,0.99999994039535522,0,-1,0,0,1.1999969482421875,0.31999999284744263,-3.5999979972839355">
        </Bone>
      </Part>
    </Brick>
    <Brick refID="32" designID="32028">
      <Part refID="37" designID="32028" materials="199">
        <Bone refID="37" transformation="-1,0,0,0,1,0,0,0,-1,0.39999580383300781,0.31999987363815308,-3.5999979972839355">
        </Bone>
      </Part>
    </Brick>
    <Brick refID="33" designID="3004">
      <Part refID="38" designID="3004" materials="199,0,0,0" decoration="0,0,0">
        <Bone refID="38" transformation="1,0,0,0,1,0,0,0,1,-0.40000534057617188,0.6399998664855957,-3.5999979972839355">
        </Bone>
      </Part>
    </Brick>
    <Brick refID="34" designID="3004">
      <Part refID="39" designID="3004" materials="199,0,0,0" decoration="0,0,0">
        <Bone refID="39" transformation="1,0,0,0,1,0,0,0,1,-0.40000534057617188,1.5999999046325684,-3.5999979972839355">
        </Bone>
      </Part>
    </Brick>
    <Brick refID="35" designID="4175">
      <Part refID="40" designID="4175" materials="199">
        <Bone refID="40" transformation="-1,0,0,0,1,0,0,0,-1,0.39999580383300781,2.559999942779541,-3.5999979972839355">
        </Bone>
      </Part>
    </Brick>
    <Brick refID="36" designID="3004">
      <Part refID="41" designID="3004" materials="199,0,0,0" decoration="0,0,0">
        <Bone refID="41" transformation="1,0,0,0,1,0,0,0,1,-0.40000534057617188,2.880000114440918,-3.5999979972839355">
        </Bone>
      </Part>
    </Brick>
    <Brick refID="37" designID="3004">
      <Part refID="42" designID="3004" materials="199,0,0,0" decoration="0,0,0">
        <Bone refID="42" transformation="1,0,0,0,1,0,0,0,1,-0.40000534057617188,3.8400001525878906,-3.5999979972839355">
        </Bone>
      </Part>
    </Brick>
    <Brick refID="38" designID="3660">
      <Part refID="43" designID="3660" materials="199">
        <Bone refID="43" transformation="0,0,1,0,0.99999994039535522,0,-1,0,0,-1.2000045776367187,5.1200003623962402,-2.8000006675720215">
        </Bone>
      </Part>
    </Brick>
    <Brick refID="39" designID="6180">
      <Part refID="44" designID="6180" materials="199,0" decoration="0">
        <Bone refID="44" transformation="1,0,0,0,1,0,0,0,1,-2.0000019073486328,6.0800004005432129,-1.9999996423721313">
        </Bone>
      </Part>
    </Brick>
    <Brick refID="40" designID="3660">
      <Part refID="45" designID="3660" materials="199">
        <Bone refID="45" transformation="-1,0,0,0,1,0,0,0,-1,0.39999568462371826,5.1200003623962402,-3.6000018119812012">
        </Bone>
      </Part>
    </Brick>
    <Brick refID="41" designID="3660">
      <Part refID="46" designID="3660" materials="199">
        <Bone refID="46" transformation="0,0,-1,0,0.99999994039535522,0,1,0,0,1.1999950408935547,5.1200003623962402,-1.9999995231628418">
        </Bone>
      </Part>
    </Brick>
    <Brick refID="42" designID="3676">
      <Part refID="47" designID="3676" materials="199">
        <Bone refID="47" transformation="-1,0,0,0,1,0,0,0,-1,1.1999969482421875,5.1200003623962402,-3.5999979972839355">
        </Bone>
      </Part>
    </Brick>
    <Brick refID="43" designID="3676">
      <Part refID="48" designID="3676" materials="199">
        <Bone refID="48" transformation="0,0,1,0,0.99999994039535522,0,-1,0,0,-1.2000045776367187,5.1200003623962402,-3.6000018119812012">
        </Bone>
      </Part>
    </Brick>
    <Brick refID="44" designID="4175">
      <Part refID="49" designID="4175" materials="199">
        <Bone refID="49" transformation="-1,0,0,0,1,0,0,0,-1,0.39999759197235107,4.8000001907348633,-3.5999979972839355">
        </Bone>
      </Part>
    </Brick>
    <Brick refID="45" designID="87087">
      <Part refID="50" designID="87087" materials="194">
        <Bone refID="50" transformation="0.93591707944869995,0,-0.3522203266620636,-0.042734671384096146,0.99261230230331421,-0.11355414241552353,0.34961822628974915,0.12132928520441055,0.92900282144546509,0.49816703796386719,7.9970450401306152,-0.61194193363189697">
        </Bone>
      </Part>
    </Brick>
  </Bricks>
  <RigidSystems>
    <RigidSystem>
      <Rigid refID="0" transformation="0.3496185839176178,0.12132956832647324,0.92900276184082031,-0.93591701984405518,0,0.35222068428993225,0.042735110968351364,-0.99261236190795898,0.11355432868003845,0.90452766418457031,8.8256540298461914,3.1467113494873047" boneRefs="0"/>
      <Rigid refID="1" transformation="-0.042734790593385696,0.99261248111724854,-0.11355385184288025,0.34961885213851929,0.12132920324802399,0.92900276184082031,0.93591701984405518,0,-0.35222086310386658,0.68722724914550781,8.7567415237426758,2.6260814666748047" boneRefs="1,2,3,5,7,9,10"/>
      <Rigid refID="2" transformation="0.63157540559768677,0.70188307762145996,-0.32935225963592529,0.34961822628974915,0.1213294044137001,0.92900288105010986,0.69201147556304932,-0.70188277959823608,-0.16876241564750671,1.0652732849121094,9.2837514877319336,1.9844112396240234" boneRefs="4"/>
      <Rigid refID="3" transformation="-0.63157552480697632,-0.70188313722610474,0.32935163378715515,0.34961774945259094,0.12132891267538071,0.92900311946868896,-0.69201147556304932,0.70188283920288086,0.16876251995563507,0.029489517211914063,8.1326656341552734,2.5245494842529297" boneRefs="6"/>
      <Rigid refID="4" transformation="0.69201141595840454,-0.70188283920288086,-0.16876284778118134,0.34961855411529541,0.12132922559976578,0.92900282144546509,-0.63157528638839722,-0.70188307762145996,0.32935246825218201,1.1148300170898437,8.1326656341552734,2.1160945892333984" boneRefs="8"/>
      <Rigid refID="5" transformation="-0.69201153516769409,0.70188254117965698,0.16876286268234253,0.34961828589439392,0.1213289350271225,0.92900282144546509,0.63157504796981812,0.70188325643539429,-0.32935205101966858,-0.020069122314453125,9.2837533950805664,2.3928661346435547" boneRefs="11"/>
      <Rigid refID="6" transformation="0.93591707944869995,0,-0.3522203266620636,-0.042734671384096146,0.99261230230331421,-0.11355414241552353,0.34961822628974915,0.12132928520441055,0.92900282144546509,-0.25056648254394531,7.9970450401306152,1.2698345184326172" boneRefs="12"/>
      <Rigid refID="7" transformation="-0.93591731786727905,0,0.35221993923187256,-0.042734712362289429,0.99261265993118286,-0.11355430632829666,-0.34961783885955811,-0.12132945656776428,-0.92900300025939941,0.53919219970703125,7.0441379547119141,1.0970706939697266" boneRefs="13,14,15,16"/>
      <Rigid refID="8" transformation="-0.93591713905334473,0,0.35222026705741882,0,1,0,-0.35222026705741882,0,-0.93591713905334473,0.51526069641113281,7.0400004386901855,1.0334796905517578" boneRefs="17,18,20,21"/>
      <Rigid refID="9" transformation="1,0,0,0,1,0,0,0,1,-1.2000045776367187,0,0.40000152587890625" boneRefs="22,23,24,25,19,26,27,28,29,30,31,32,33,34,35,36,37,38,39,40,41,42,43,44,45,46,47,48,49"/>
      <Rigid refID="10" transformation="0.93591707944869995,0,-0.3522203266620636,-0.042734671384096146,0.99261230230331421,-0.11355414241552353,0.34961822628974915,0.12132928520441055,0.92900282144546509,0.49816703796386719,7.9970450401306152,0.98805809020996094" boneRefs="50"/>
      <Joint type="hinge">
        <RigidRef rigidRef="1" a="0,0,1.0000001192092896" z="1.0000001192092896,0,0" t="0,0.56800001859664917,0.15999999642372131"/>
        <RigidRef rigidRef="0" a="0,-1.0000001192092896,0" z="0,0,-1.0000001192092896" t="0,-0.14000163972377777,0"/>
      </Joint>
      <Joint type="hinge">
        <RigidRef rigidRef="2" a="0,0,-1" z="-0.99999994039535522,0,0" t="0,0,0"/>
        <RigidRef rigidRef="1" a="0.7071068286895752,0,-0.70710676908493042" z="0.70710664987564087,0,0.7071068286895752" t="0.579825758934021,-0.3999963104724884,0.57983297109603882"/>
      </Joint>
      <Joint type="hinge">
        <RigidRef rigidRef="3" a="0,0,-1" z="-0.99999994039535522,0,0" t="0,0,0"/>
        <RigidRef rigidRef="1" a="-0.70710492134094238,0,0.70710861682891846" z="-0.70710849761962891,0,-0.70710498094558716" t="-0.57982766628265381,-0.39999690651893616,-0.57982134819030762"/>
      </Joint>
      <Joint type="hinge">
        <RigidRef rigidRef="4" a="0,0,-1" z="-0.99999994039535522,0,0" t="0,0,0"/>
        <RigidRef rigidRef="1" a="0.70710545778274536,0,0.70710796117782593" z="-0.70710808038711548,0,0.70710551738739014" t="-0.57982558012008667,-0.39999756217002869,0.57983243465423584"/>
      </Joint>
      <Joint type="hinge">
        <RigidRef rigidRef="5" a="0,0,-1" z="-0.99999994039535522,0,0" t="0,0,0"/>
        <RigidRef rigidRef="1" a="-0.7071070671081543,0,-0.70710635185241699" z="0.70710647106170654,0,-0.70710712671279907" t="0.57982879877090454,-0.3999970555305481,-0.57982337474822998"/>
      </Joint>
      <Joint type="hinge">
        <RigidRef rigidRef="6" a="0,0,1" z="0,-1,0" t="0,0.55999994277954102,0.39999997615814209"/>
        <RigidRef rigidRef="1" a="0,0.99999988079071045,0" z="0.99999982118606567,0,0" t="0,-1.2799986600875854,-0.39999431371688843"/>
      </Joint>
      <Joint type="hinge">
        <RigidRef rigidRef="10" a="0,0,1" z="0,-1,0" t="0,0.55999994277954102,0.39999997615814209"/>
        <RigidRef rigidRef="1" a="0,0.99999988079071045,0" z="0.99999982118606567,0,0" t="0,-1.2799979448318481,0.40000560879707336"/>
      </Joint>
      <Joint type="hinge">
        <RigidRef rigidRef="7" a="0,1,0" z="0,0,1" t="0.80000007152557373,0.95999997854232788,0"/>
        <RigidRef rigidRef="6" a="0,1,0" z="0,0,1" t="0,0,0"/>
      </Joint>
      <Joint type="hinge">
        <RigidRef rigidRef="8" a="-1,0,0" z="0,1,0" t="0.40000000596046448,0.56000000238418579,0"/>
        <RigidRef rigidRef="7" a="-1,0,0" z="0,1,0" t="0.40000000596046448,0.56000000238418579,0"/>
      </Joint>
      <Joint type="hinge">
        <RigidRef rigidRef="10" a="0,1,0" z="0,0,1" t="0,0,0"/>
        <RigidRef rigidRef="7" a="0,1,0" z="0,0,1" t="0,0.95999997854232788,0"/>
      </Joint>
      <Joint type="hinge">
        <RigidRef rigidRef="9" a="0,-1,0" z="-1,0,0" t="1.2000011205673218,6.8300008773803711,0.40000113844871521"/>
        <RigidRef rigidRef="8" a="0,-1,0" z="-1,0,0" t="0.40000104904174805,-0.21002252399921417,0.40000984072685242"/>
      </Joint>
    </RigidSystem>
  </RigidSystems>
  <GroupSystems>
    <GroupSystem>
    </GroupSystem>
  </GroupSystems>
</LXFML>
