<?xml version="1.0" encoding="UTF-8" standalone="no" ?>
<LXFML versionMajor="5" versionMinor="0">
  <Meta>
    <Application name="CCOP" versionMajor="0" versionMinor="0"/>
    <Brand name="LEGOUniverse"/>
    <BrickSet version="215"/>
  </Meta>
  <Bricks>
    <Brick refID="0" designID="3031">
      <Part refID="0" designID="3031" materials="199">
        <Bone refID="0" transformation="1,0,0,0,1,0,0,0,1,-1.2000007629394531,0,-1.2000033855438232">
        </Bone>
      </Part>
    </Brick>
    <Brick refID="1" designID="2454">
      <Part refID="1" designID="2454" materials="199">
        <Bone refID="1" transformation="1,0,0,0,1,0,0,0,1,-0.40000152587890625,0.31999999284744263,-1.2000033855438232">
        </Bone>
      </Part>
    </Brick>
    <Brick refID="2" designID="3660">
      <Part refID="2" designID="3660" materials="199">
        <Bone refID="2" transformation="1,0,0,0,1,0,0,0,1,-0.40000152587890625,5.1200003623962402,-1.2000072002410889">
        </Bone>
      </Part>
    </Brick>
    <Brick refID="3" designID="3795">
      <Part refID="3" designID="3795" materials="199">
        <Bone refID="3" transformation="1,0,0,0,1,0,0,0,1,-2.0000019073486328,6.0800004005432129,-0.40000420808792114">
        </Bone>
      </Part>
    </Brick>
    <Brick refID="4" designID="3676">
      <Part refID="4" designID="3676" materials="199">
        <Bone refID="4" transformation="1,0,0,0,1,0,0,0,1,-1.1999988555908203,5.1200003623962402,-1.2000033855438232">
        </Bone>
      </Part>
    </Brick>
    <Brick refID="5" designID="3676">
      <Part refID="5" designID="3676" materials="199">
        <Bone refID="5" transformation="0,0,-1,0,0.99999994039535522,0,1,0,0,1.2000007629394531,5.1200003623962402,-1.2000033855438232">
        </Bone>
      </Part>
    </Brick>
    <Brick refID="6" designID="3022">
      <Part refID="6" designID="3022" materials="194">
        <Bone refID="6" transformation="1,0,0,0,1,0,0,0,1,-0.39999961853027344,6.4000005722045898,-0.40000039339065552">
        </Bone>
      </Part>
    </Brick>
    <Brick refID="7" designID="2454">
      <Part refID="7" designID="2454" materials="199">
        <Bone refID="7" transformation="0,0,1,0,0.99999994039535522,0,-1,0,0,1.2000007629394531,0.31999999284744263,-2.0000026226043701">
        </Bone>
      </Part>
    </Brick>
    <Brick refID="8" designID="2454">
      <Part refID="8" designID="2454" materials="199">
        <Bone refID="8" transformation="0,0,1,0,0.99999994039535522,0,-1,0,0,1.2000007629394531,0.31999999284744263,-3.6000049114227295">
        </Bone>
      </Part>
    </Brick>
    <Brick refID="9" designID="2454">
      <Part refID="9" designID="2454" materials="199">
        <Bone refID="9" transformation="0,0,1,0,0.99999994039535522,0,-1,0,0,-1.2000007629394531,0.31999999284744263,-2.0000026226043701">
        </Bone>
      </Part>
    </Brick>
    <Brick refID="10" designID="2454">
      <Part refID="10" designID="2454" materials="199">
        <Bone refID="10" transformation="0,0,1,0,0.99999994039535522,0,-1,0,0,-1.2000007629394531,0.31999999284744263,-3.6000049114227295">
        </Bone>
      </Part>
    </Brick>
    <Brick refID="11" designID="32028">
      <Part refID="11" designID="32028" materials="199">
        <Bone refID="11" transformation="-1,0,0,0,1,0,0,0,-1,0.39999961853027344,0.31999987363815308,-3.6000049114227295">
        </Bone>
      </Part>
    </Brick>
    <Brick refID="12" designID="3004">
      <Part refID="12" designID="3004" materials="199,0,0,0" decoration="0,0,0">
        <Bone refID="12" transformation="1,0,0,0,1,0,0,0,1,-0.40000152587890625,0.6399998664855957,-3.6000049114227295">
        </Bone>
      </Part>
    </Brick>
    <Brick refID="13" designID="3004">
      <Part refID="13" designID="3004" materials="199,0,0,0" decoration="0,0,0">
        <Bone refID="13" transformation="1,0,0,0,1,0,0,0,1,-0.40000152587890625,1.5999999046325684,-3.6000049114227295">
        </Bone>
      </Part>
    </Brick>
    <Brick refID="14" designID="4175">
      <Part refID="14" designID="4175" materials="199">
        <Bone refID="14" transformation="-1,0,0,0,1,0,0,0,-1,0.39999961853027344,2.559999942779541,-3.6000049114227295">
        </Bone>
      </Part>
    </Brick>
    <Brick refID="15" designID="3004">
      <Part refID="15" designID="3004" materials="199,0,0,0" decoration="0,0,0">
        <Bone refID="15" transformation="1,0,0,0,1,0,0,0,1,-0.40000152587890625,2.880000114440918,-3.6000049114227295">
        </Bone>
      </Part>
    </Brick>
    <Brick refID="16" designID="3004">
      <Part refID="16" designID="3004" materials="199,0,0,0" decoration="0,0,0">
        <Bone refID="16" transformation="1,0,0,0,1,0,0,0,1,-0.40000152587890625,3.8400001525878906,-3.6000049114227295">
        </Bone>
      </Part>
    </Brick>
    <Brick refID="17" designID="4175">
      <Part refID="17" designID="4175" materials="199">
        <Bone refID="17" transformation="-1,0,0,0,1,0,0,0,-1,0.40000152587890625,4.8000001907348633,-3.6000049114227295">
        </Bone>
      </Part>
    </Brick>
    <Brick refID="18" designID="3660">
      <Part refID="18" designID="3660" materials="199">
        <Bone refID="18" transformation="-1,0,0,0,1,0,0,0,-1,0.40000152587890625,5.1200003623962402,-3.6000049114227295">
        </Bone>
      </Part>
    </Brick>
    <Brick refID="19" designID="6180">
      <Part refID="19" designID="6180" materials="199,0" decoration="0">
        <Bone refID="19" transformation="1,0,0,0,1,0,0,0,1,-1.9999980926513672,6.0800004005432129,-1.9999988079071045">
        </Bone>
      </Part>
    </Brick>
    <Brick refID="20" designID="3660">
      <Part refID="20" designID="3660" materials="199">
        <Bone refID="20" transformation="0,0,1,0,0.99999994039535522,0,-1,0,0,-1.1999988555908203,5.1200003623962402,-2.800001859664917">
        </Bone>
      </Part>
    </Brick>
    <Brick refID="21" designID="3660">
      <Part refID="21" designID="3660" materials="199">
        <Bone refID="21" transformation="0,0,-1,0,0.99999994039535522,0,1,0,0,1.2000007629394531,5.1200003623962402,-2.0000064373016357">
        </Bone>
      </Part>
    </Brick>
    <Brick refID="22" designID="3676">
      <Part refID="22" designID="3676" materials="199">
        <Bone refID="22" transformation="-1,0,0,0,1,0,0,0,-1,1.2000026702880859,5.1200003623962402,-3.6000010967254639">
        </Bone>
      </Part>
    </Brick>
    <Brick refID="23" designID="3676">
      <Part refID="23" designID="3676" materials="199">
        <Bone refID="23" transformation="0,0,1,0,0.99999994039535522,0,-1,0,0,-1.1999988555908203,5.1200003623962402,-3.6000049114227295">
        </Bone>
      </Part>
    </Brick>
    <Brick refID="24" designID="74340">
      <Part refID="24" designID="3680" materials="194">
        <Bone refID="24" transformation="1,0,0,0,1,0,0,0,1,-0.39999961853027344,6.7200007438659668,-0.40000039339065552">
        </Bone>
      </Part>
      <Part refID="25" designID="3679" materials="194">
        <Bone refID="25" transformation="-0.98549771308898926,0,-0.16968868672847748,0,1,0,0.16968870162963867,0,-0.98549771308898926,0.46207606792449951,7.0400047302246094,-1.1263015270233154">
        </Bone>
      </Part>
    </Brick>
    <Brick refID="25" designID="50746">
      <Part refID="26" designID="50746" materials="194">
        <Bone refID="26" transformation="0,0,1,0,0.99999994039535522,0,-1,0,0,-1.2000007629394531,6.4000005722045898,-0.40000802278518677">
        </Bone>
      </Part>
    </Brick>
    <Brick refID="26" designID="50746">
      <Part refID="27" designID="50746" materials="194">
        <Bone refID="27" transformation="0,0,1,0,0.99999994039535522,0,-1,0,0,-1.2000026702880859,6.4000005722045898,-1.2000072002410889">
        </Bone>
      </Part>
    </Brick>
    <Brick refID="27" designID="50746">
      <Part refID="28" designID="50746" materials="194">
        <Bone refID="28" transformation="0,0,-1,0,0.99999994039535522,0,1,0,0,1.1999988555908203,6.4000005722045898,-1.2000110149383545">
        </Bone>
      </Part>
    </Brick>
    <Brick refID="28" designID="50746">
      <Part refID="29" designID="50746" materials="194">
        <Bone refID="29" transformation="0,0,-1,0,0.99999994039535522,0,1,0,0,1.2000007629394531,6.4000005722045898,-0.40001183748245239">
        </Bone>
      </Part>
    </Brick>
    <Brick refID="29" designID="71075">
      <Part refID="30" designID="71075" materials="1">
        <Bone refID="30" transformation="0.88818663358688354,0.4332851767539978,0.15293355286121368,-0.16968908905982971,0,0.98549765348434448,0.42700153589248657,-0.90125691890716553,0.073523677885532379,-1.4812431335449219,9.280003547668457,0.73087424039840698">
        </Bone>
      </Part>
    </Brick>
    <Brick refID="30" designID="4589">
      <Part refID="31" designID="4589" materials="21">
        <Bone refID="31" transformation="0.88818651437759399,0.43328529596328735,0.15293344855308533,-0.16968908905982971,0,0.98549765348434448,0.42700165510177612,-0.90125679969787598,0.073523811995983124,-1.7527450323104858,9.2800054550170898,2.3076701164245605">
        </Bone>
      </Part>
    </Brick>
    <Brick refID="31" designID="4588">
      <Part refID="32" designID="4588" materials="1">
        <Bone refID="32" transformation="0.88818651437759399,0.43328529596328735,0.15293344855308533,-0.16968908905982971,0,0.98549765348434448,0.42700165510177612,-0.90125679969787598,0.073523811995983124,-1.318346381187439,9.2800054550170898,-0.21520304679870605">
        </Bone>
      </Part>
    </Brick>
    <Brick refID="32" designID="4590">
      <Part refID="33" designID="4590" materials="194">
        <Bone refID="33" transformation="-0.98549741506576538,0,-0.16969093680381775,-0.16969095170497894,0,0.98549747467041016,0,1.0000001192092896,0,0.31274968385696411,8.8800039291381836,-0.25905686616897583">
        </Bone>
      </Part>
    </Brick>
    <Brick refID="33" designID="3660">
      <Part refID="34" designID="3660" materials="194">
        <Bone refID="34" transformation="-0.98549729585647583,0,-0.16969126462936401,-0.16969127953052521,0,0.98549729585647583,0,1,0,0.47565054893493652,8.0800046920776367,-1.2051323652267456">
        </Bone>
      </Part>
    </Brick>
    <Brick refID="34" designID="3023">
      <Part refID="35" designID="3023" materials="194">
        <Bone refID="35" transformation="0.98549765348434448,0,0.16968907415866852,-0.16968908905982971,0,0.98549765348434448,0,-1,0,-0.47565102577209473,8.0800056457519531,-0.39480665326118469">
        </Bone>
      </Part>
    </Brick>
    <Brick refID="35" designID="3956">
      <Part refID="36" designID="3956" materials="194">
        <Bone refID="36" transformation="0.98549771308898926,0,0.16968870162963867,0,1,0,-0.16968871653079987,0,0.98549771308898926,-0.46207651495933533,7.3600044250488281,-0.47365263104438782">
        </Bone>
      </Part>
    </Brick>
    <Brick refID="36" designID="87580">
      <Part refID="37" designID="87580" materials="194">
        <Bone refID="37" transformation="0.98549765348434448,0,0.16968907415866852,-0.16968908905982971,0,0.98549765348434448,0,-1,0,-0.58425354957580566,8.0800065994262695,0.23590773344039917">
        </Bone>
      </Part>
    </Brick>
    <Brick refID="37" designID="4588">
      <Part refID="38" designID="4588" materials="1">
        <Bone refID="38" transformation="0.98549765348434448,0,0.16968907415866852,-0.16968908905982971,0,0.98549765348434448,0,-1,0,-0.2443544864654541,8.4800052642822266,0.6191437840461731">
        </Bone>
      </Part>
    </Brick>
    <Brick refID="38" designID="71075">
      <Part refID="39" designID="71075" materials="1">
        <Bone refID="39" transformation="0.98549765348434448,0,0.16968907415866852,-0.16968908905982971,0,0.98549765348434448,0,-1,0,-0.40725162625312805,8.4800033569335938,1.5652229785919189">
        </Bone>
      </Part>
    </Brick>
    <Brick refID="39" designID="4589">
      <Part refID="40" designID="4589" materials="21">
        <Bone refID="40" transformation="0.98549765348434448,0,0.16968907415866852,-0.16968908905982971,0,0.98549765348434448,0,-1,0,-0.67875707149505615,8.4800024032592773,3.142017126083374">
        </Bone>
      </Part>
    </Brick>
    <Brick refID="40" designID="4588">
      <Part refID="41" designID="4588" materials="1">
        <Bone refID="41" transformation="0.89507156610488892,-0.41844281554222107,0.15411883592605591,-0.16968898475170135,0,0.98549777269363403,-0.41237443685531616,-0.90824317932128906,-0.071005158126354218,1.0468500852584839,9.2800045013427734,0.19205015897750854">
        </Bone>
      </Part>
    </Brick>
    <Brick refID="41" designID="71075">
      <Part refID="42" designID="71075" materials="1">
        <Bone refID="42" transformation="0.89507156610488892,-0.41844281554222107,0.15411883592605591,-0.16968898475170135,0,0.98549777269363403,-0.41237443685531616,-0.90824317932128906,-0.071005158126354218,0.883952796459198,9.280003547668457,1.1381294727325439">
        </Bone>
      </Part>
    </Brick>
    <Brick refID="42" designID="4589">
      <Part refID="43" designID="4589" materials="21">
        <Bone refID="43" transformation="0.89507156610488892,-0.41844281554222107,0.15411883592605591,-0.16968898475170135,0,0.98549777269363403,-0.41237443685531616,-0.90824317932128906,-0.071005158126354218,0.61244755983352661,9.280003547668457,2.7149231433868408">
        </Bone>
      </Part>
    </Brick>
    <Brick refID="43" designID="3022">
      <Part refID="44" designID="3022" materials="194">
        <Bone refID="44" transformation="0.98549759387969971,0,0.1696893721818924,0,1,0,-0.16968938708305359,0,0.98549759387969971,-0.46207639575004578,7.0400052070617676,-0.47365266084671021">
        </Bone>
      </Part>
    </Brick>
  </Bricks>
  <RigidSystems>
    <RigidSystem>
      <Rigid refID="0" transformation="1,0,0,0,1,0,0,0,1,-1.2000007629394531,0,-0.40000343322753906" boneRefs="0,1,2,3,4,5,6,7,8,9,10,11,12,13,14,15,16,17,18,19,20,21,22,23,24,26,27,28,29"/>
      <Rigid refID="1" transformation="0.88818663358688354,0.4332851767539978,0.15293355286121368,-0.16968908905982971,0,0.98549765348434448,0.42700153589248657,-0.90125691890716553,0.073523677885532379,-1.4812431335449219,9.280003547668457,1.5308742523193359" boneRefs="30,31,32,33,34,35,36,37,38,39,40,41,42,43,44,25"/>
      <Joint type="hinge">
        <RigidRef rigidRef="1" a="-0.43328511714935303,0,0.90125685930252075" z="-0.90125679969787598,0,-0.43328511714935303" t="0.019944734871387482,-1.7600020170211792,2.728039026260376"/>
        <RigidRef rigidRef="0" a="0,-1,0" z="-1,0,0" t="1.2000011205673218,6.8300008773803711,0.40000304579734802"/>
      </Joint>
    </RigidSystem>
  </RigidSystems>
  <GroupSystems>
    <GroupSystem>
    </GroupSystem>
  </GroupSystems>
</LXFML>
