<?xml version="1.0" encoding="UTF-8" standalone="no" ?>
<LXFML versionMajor="5" versionMinor="0">
  <Meta>
    <Application name="CCOP" versionMajor="0" versionMinor="0"/>
    <Brand name="LEGOUniverse"/>
    <BrickSet version="215"/>
  </Meta>
  <Bricks>
    <Brick refID="0" designID="4533">
      <Part refID="0" designID="4533" materials="26">
        <Bone refID="0" transformation="-0.99991446733474731,0.00084260036237537861,-0.013056430965662003,0.00087615282973274589,0.9999966025352478,-0.0025645906571298838,0.013054197654128075,-0.0025758114643394947,-0.99991148710250854,1.7806128263473511,0.64136552810668945,-0.77173018455505371">
        </Bone>
      </Part>
    </Brick>
    <Brick refID="1" designID="6636">
      <Part refID="1" designID="6636" materials="21,0" decoration="0">
        <Bone refID="1" transformation="-0.99991446733474731,0.00084260036237537861,-0.013056430965662003,0.00087615282973274589,0.9999966025352478,-0.0025645906571298838,0.013054197654128075,-0.0025758114643394947,-0.99991148710250854,1.7822972536087036,2.5613579750061035,-0.77665865421295166">
        </Bone>
      </Part>
    </Brick>
    <Brick refID="2" designID="4532">
      <Part refID="2" designID="4532" materials="21">
        <Bone refID="2" transformation="-0.99991446733474731,0.00084260036237537861,-0.013056430965662003,0.00087615282973274589,0.9999966025352478,-0.0025645906571298838,0.0130541967228055,-0.0025758114643394947,-0.99991142749786377,1.7806128263473511,0.6413654088973999,-0.77173018455505371">
        </Bone>
      </Part>
    </Brick>
    <Brick refID="3" designID="4532">
      <Part refID="3" designID="4532" materials="21">
        <Bone refID="3" transformation="-0.99991446733474731,0.00084260036237537861,-0.013056430965662003,0.00087615282973274589,0.9999966025352478,-0.0025645906571298838,0.0130541967228055,-0.0025758114643394947,-0.99991142749786377,-0.61918240785598755,0.64338654279708862,-0.80306857824325562">
        </Bone>
      </Part>
    </Brick>
    <Brick refID="4" designID="3795">
      <Part refID="4" designID="3795" materials="21">
        <Bone refID="4" transformation="-0.99991446733474731,0.00084260036237537861,-0.013056430965662003,0.00087615282973274589,0.9999966025352478,-0.0025645906571298838,0.0130541967228055,-0.0025758114643394947,-0.99991142749786377,1.7803338766098022,0.32136550545692444,-0.77091068029403687">
        </Bone>
      </Part>
    </Brick>
    <Brick refID="5" designID="3023">
      <Part refID="5" designID="3023" materials="194">
        <Bone refID="5" transformation="0.013054304756224155,-0.0025758109986782074,-0.99991148710250854,0.00087615119991824031,0.99999654293060303,-0.002564592519775033,0.99991446733474731,-0.00084259855793789029,0.013056538067758083,-2.2300479412078857,0.0067979246377944946,-0.022388994693756104">
        </Bone>
      </Part>
    </Brick>
    <Brick refID="6" designID="3023">
      <Part refID="6" designID="3023" materials="194">
        <Bone refID="6" transformation="0.013054304756224155,-0.0025758109986782074,-0.99991148710250854,0.00087615119991824031,0.99999654293060303,-0.002564592519775033,0.99991446733474731,-0.00084259855793789029,0.013056538067758083,1.7696077823638916,0.0034280121326446533,0.029839873313903809">
        </Bone>
      </Part>
    </Brick>
    <Brick refID="7" designID="2431">
      <Part refID="7" designID="2431" materials="21,0" decoration="0">
        <Bone refID="7" transformation="-0.99991446733474731,0.00084260036237537861,-0.013056430965662003,0.00087615282973274589,0.9999966025352478,-0.0025645906571298838,0.0130541967228055,-0.0025758114643394947,-0.99991142749786377,0.97192162275314331,2.5640931129455566,0.012828171253204346">
        </Bone>
      </Part>
    </Brick>
    <Brick refID="8" designID="4533">
      <Part refID="8" designID="4533" materials="26">
        <Bone refID="8" transformation="0.99991476535797119,-0.000844409572891891,0.013056598603725433,-0.00087803334463387728,-0.99999630451202393,0.0025688512250781059,0.013054205104708672,-0.0025800964795053005,-0.99991148710250854,-2.2071797847747803,2.7747201919555664,-0.82928746938705444">
        </Bone>
      </Part>
    </Brick>
    <Brick refID="9" designID="2420">
      <Part refID="9" designID="2420" materials="21">
        <Bone refID="9" transformation="-0.013054226525127888,0.0025758142583072186,0.99991154670715332,0.00087616033852100372,0.99999642372131348,-0.0025645957794040442,-0.99991446733474731,0.00084260222502052784,-0.013056430965662003,1.7718461751937866,2.5634205341339111,0.023279070854187012">
        </Bone>
      </Part>
    </Brick>
    <Brick refID="10" designID="2420">
      <Part refID="10" designID="2420" materials="21">
        <Bone refID="10" transformation="-0.99991446733474731,0.00084260036237537861,-0.013056430965662003,0.00087615282973274589,0.9999966025352478,-0.0025645906571298838,0.013054197654128075,-0.0025758114643394947,-0.99991148710250854,-1.4383177757263184,2.5681807994842529,0.78142267465591431">
        </Bone>
      </Part>
    </Brick>
    <Brick refID="11" designID="4449">
      <Part refID="11" designID="4449" materials="26">
        <Bone refID="11" transformation="-0.93027329444885254,-0.0054040136747062206,0.36682769656181335,-0.0025516620371490717,0.99996268749237061,0.0082601960748434067,-0.36685863137245178,0.0067482194863259792,-0.93025225400924683,1.4264570474624634,3.184544563293457,-0.63382202386856079">
        </Bone>
      </Part>
    </Brick>
  </Bricks>
  <RigidSystems>
    <RigidSystem>
      <Rigid refID="0" transformation="-0.99991446733474731,0.00084260036237537861,-0.013056430965662003,0.00087615282973274589,0.9999966025352478,-0.0025645906571298838,0.013054197654128075,-0.0025758114643394947,-0.99991148710250854,1.7806128263473511,0.74440586566925049,0.028269818052649498" boneRefs="0"/>
      <Rigid refID="1" transformation="-0.99991446733474731,0.00084260036237537861,-0.013056430965662003,0.00087615282973274589,0.9999966025352478,-0.0025645906571298838,0.013054197654128075,-0.0025758114643394947,-0.99991148710250854,1.7822972536087036,2.664398193359375,0.023341380059719086" boneRefs="1,2,3,4,5,6,7"/>
      <Rigid refID="2" transformation="0.99991476535797119,-0.000844409572891891,0.013056598603725433,-0.00087803334463387728,-0.99999630451202393,0.0025688512250781059,0.013054205104708672,-0.0025800964795053005,-0.99991148710250854,-2.2071797847747803,2.8777604103088379,-0.029287474229931831" boneRefs="8"/>
      <Rigid refID="3" transformation="-0.013054226525127888,0.0025758142583072186,0.99991154670715332,0.00087616033852100372,0.99999642372131348,-0.0025645957794040442,-0.99991446733474731,0.00084260222502052784,-0.013056430965662003,1.7718461751937866,2.6664607524871826,0.82327908277511597" boneRefs="9"/>
      <Rigid refID="4" transformation="-0.99991446733474731,0.00084260036237537861,-0.013056430965662003,0.00087615282973274589,0.9999966025352478,-0.0025645906571298838,0.013054197654128075,-0.0025758114643394947,-0.99991148710250854,-1.4383177757263184,2.6712210178375244,1.5814226865768433" boneRefs="10"/>
      <Joint type="hinge">
        <RigidRef rigidRef="1" a="0,-0.99999994039535522,0" z="0,0,0.99999994039535522" t="-0.20499788224697113,-0.85999906063079834,0.27999553084373474"/>
        <RigidRef rigidRef="0" a="0,-0.99999994039535522,0" z="0,0,1" t="-0.20499999821186066,1.0700000524520874,0.2800000011920929"/>
      </Joint>
      <Joint type="hinge">
        <RigidRef rigidRef="1" a="0,-0.99999994039535522,0" z="0,0,0.99999994039535522" t="4.2050027847290039,-0.8600001335144043,0.27999848127365112"/>
        <RigidRef rigidRef="2" a="0,0.99999994039535522,0" z="0,0,1" t="-0.20499999821186066,1.0700000524520874,0.2800000011920929"/>
      </Joint>
      <Joint type="hinge">
        <RigidRef rigidRef="3" a="0,1,0" z="0,0,1" t="0,0,0"/>
        <RigidRef rigidRef="1" a="0,1,0" z="0,0,0.99999994039535522" t="0,0,-0.80000448226928711"/>
      </Joint>
      <Joint type="hinge">
        <RigidRef rigidRef="4" a="0,1,0" z="0,0,1" t="0.80000007152557373,0,0.80000007152557373"/>
        <RigidRef rigidRef="1" a="0,1,0" z="0,0,0.99999994039535522" t="4.0000028610229492,0,-0.80000150203704834"/>
      </Joint>
    </RigidSystem>
    <RigidSystem>
      <Rigid refID="5" transformation="-0.93027329444885254,-0.0054040136747062206,0.36682769656181335,-0.0025516620371490717,0.99996268749237061,0.0082601960748434067,-0.36685863137245178,0.0067482194863259792,-0.93025225400924683,1.4264570474624634,3.2875847816467285,0.16617800295352936" boneRefs="11"/>
    </RigidSystem>
  </RigidSystems>
  <GroupSystems>
    <GroupSystem>
    </GroupSystem>
  </GroupSystems>
</LXFML>
