<?xml version="1.0" encoding="UTF-8" standalone="no" ?>
<LXFML versionMajor="5" versionMinor="0">
  <Meta>
    <Application name="CCOP" versionMajor="0" versionMinor="0"/>
    <Brand name="LEGOUniverse"/>
    <BrickSet version="215"/>
  </Meta>
  <Bricks>
    <Brick refID="0" designID="3023">
      <Part refID="0" designID="3023" materials="194">
        <Bone refID="0" transformation="1,0,0,0,0.95497280359268188,-0.296693354845047,0,0.296693354845047,0.95497280359268188,-0.39999276399612427,7.7481398582458496,-1.2837424278259277">
        </Bone>
      </Part>
    </Brick>
    <Brick refID="1" designID="6134">
      <Part refID="1" designID="6134" materials="194">
        <Bone refID="1" transformation="-1,0,0,0,0.95497351884841919,-0.29669231176376343,0,-0.29669231176376343,-0.95497310161590576,0.40000385046005249,7.0652155876159668,-0.23385047912597656">
        </Bone>
      </Part>
    </Brick>
    <Brick refID="2" designID="32000">
      <Part refID="2" designID="32000" materials="194">
        <Bone refID="2" transformation="1,0,0,0,0.95497304201126099,-0.29669257998466492,0,0.29669257998466492,0.95497304201126099,-0.39999920129776001,7.9819893836975098,-0.5186769962310791">
        </Bone>
      </Part>
    </Brick>
    <Brick refID="3" designID="3794">
      <Part refID="3" designID="3794" materials="194">
        <Bone refID="3" transformation="1,0,0,0,0.95497304201126099,-0.29669257998466492,0,0.29669257998466492,0.95497304201126099,-0.39999920129776001,8.8987636566162109,-0.80350136756896973">
        </Bone>
      </Part>
    </Brick>
    <Brick refID="4" designID="3794">
      <Part refID="4" designID="3794" materials="194">
        <Bone refID="4" transformation="1,0,0,0,0.95497280359268188,-0.296693354845047,0,0.296693354845047,0.95497280359268188,-0.39999347925186157,8.9705047607421875,-1.6635112762451172">
        </Bone>
      </Part>
    </Brick>
    <Brick refID="5" designID="2921">
      <Part refID="5" designID="2921" materials="194">
        <Bone refID="5" transformation="-1,0,0,0,0.95497322082519531,-0.29669231176376343,0,-0.29669231176376343,-0.95497310161590576,-0.40002661943435669,8.0537405014038086,-1.3786882162094116">
        </Bone>
      </Part>
    </Brick>
    <Brick refID="6" designID="2921">
      <Part refID="6" designID="2921" materials="194">
        <Bone refID="6" transformation="-1,0,0,0,0.95497322082519531,-0.29669231176376343,0,-0.29669231176376343,-0.95497310161590576,0.4000057578086853,8.0537309646606445,-1.3786852359771729">
        </Bone>
      </Part>
    </Brick>
    <Brick refID="7" designID="50746">
      <Part refID="7" designID="50746" materials="194">
        <Bone refID="7" transformation="1,0,0,0,0.95497280359268188,-0.296693354845047,0,0.296693354845047,0.95497280359268188,0,9.2760963439941406,-1.758453369140625">
        </Bone>
      </Part>
    </Brick>
    <Brick refID="8" designID="3070">
      <Part refID="8" designID="3070" materials="194">
        <Bone refID="8" transformation="1,0,0,0,0.95497304201126099,-0.29669257998466492,0,0.29669257998466492,0.95497304201126099,0,9.2043552398681641,-0.89844167232513428">
        </Bone>
      </Part>
    </Brick>
    <Brick refID="9" designID="2780">
      <Part refID="9" designID="2780" materials="26">
        <Bone refID="9" transformation="1,0,0,0,0.95497310161590576,-0.29669234156608582,0,0.29669234156608582,0.95497310161590576,0.40000265836715698,8.8919048309326172,0.45521402359008789">
        </Bone>
      </Part>
    </Brick>
    <Brick refID="10" designID="40244">
      <Part refID="10" designID="40244" materials="26">
        <Bone refID="10" transformation="0,-0.95497322082519531,0.29669231176376343,0,0.29669246077537537,0.95497322082519531,-1.0000001192092896,0,0,0,8.9415988922119141,-0.73303365707397461">
        </Bone>
      </Part>
    </Brick>
    <Brick refID="11" designID="3937">
      <Part refID="11" designID="3937" materials="194">
        <Bone refID="11" transformation="-1,0,0,0,1,0,0,0,-1,0.40000456571578979,7.0400009155273437,-0.39999914169311523">
        </Bone>
      </Part>
    </Brick>
    <Brick refID="12" designID="74340">
      <Part refID="12" designID="3679" materials="194">
        <Bone refID="12" transformation="-1,0,0,0,1,0,0,0,-1,0.40000456571578979,7.0400009155273437,-1.1999982595443726">
        </Bone>
      </Part>
      <Part refID="13" designID="3680" materials="194">
        <Bone refID="13" transformation="-1,0,0,0,1,0,0,0,-1,0.40000265836715698,6.7200007438659668,-1.1999983787536621">
        </Bone>
      </Part>
    </Brick>
    <Brick refID="13" designID="50746">
      <Part refID="14" designID="50746" materials="194">
        <Bone refID="14" transformation="-1,0,0,0,1,0,0,0,-1,-0.39999473094940186,7.0400009155273437,-1.1999982595443726">
        </Bone>
      </Part>
    </Brick>
    <Brick refID="14" designID="50746">
      <Part refID="15" designID="50746" materials="194">
        <Bone refID="15" transformation="-1,0,0,0,1,0,0,0,-1,0.40000265836715698,7.0400009155273437,-1.1999982595443726">
        </Bone>
      </Part>
    </Brick>
    <Brick refID="15" designID="2780">
      <Part refID="16" designID="2780" materials="26">
        <Bone refID="16" transformation="1,0,0,0,0.95497310161590576,-0.29669234156608582,0,0.29669234156608582,0.95497310161590576,-0.40000039339065552,8.8919010162353516,0.45521402359008789">
        </Bone>
      </Part>
    </Brick>
    <Brick refID="16" designID="40244">
      <Part refID="17" designID="40244" materials="26">
        <Bone refID="17" transformation="0,-0.95497322082519531,0.29669231176376343,0,0.29669246077537537,0.95497322082519531,-1.0000001192092896,0,0,-0.80000001192092896,8.9415950775146484,-0.73303365707397461">
        </Bone>
      </Part>
    </Brick>
    <Brick refID="17" designID="3031">
      <Part refID="18" designID="3031" materials="199">
        <Bone refID="18" transformation="1,0,0,0,1,0,0,0,1,-1.1999995708465576,0,-1.1999983787536621">
        </Bone>
      </Part>
    </Brick>
    <Brick refID="18" designID="2454">
      <Part refID="19" designID="2454" materials="199">
        <Bone refID="19" transformation="1,0,0,0,1,0,0,0,1,-0.40000039339065552,0.31999999284744263,-1.1999983787536621">
        </Bone>
      </Part>
    </Brick>
    <Brick refID="19" designID="3660">
      <Part refID="20" designID="3660" materials="199">
        <Bone refID="20" transformation="1,0,0,0,1,0,0,0,1,-0.39999848604202271,5.1200003623962402,-1.1999964714050293">
        </Bone>
      </Part>
    </Brick>
    <Brick refID="20" designID="2454">
      <Part refID="21" designID="2454" materials="199">
        <Bone refID="21" transformation="0,0,1,0,0.99999994039535522,0,-1,0,0,1.2000019550323486,0.31999999284744263,-1.999997615814209">
        </Bone>
      </Part>
    </Brick>
    <Brick refID="21" designID="2454">
      <Part refID="22" designID="2454" materials="199">
        <Bone refID="22" transformation="0,0,1,0,0.99999994039535522,0,-1,0,0,1.2000019550323486,0.31999999284744263,-3.5999960899353027">
        </Bone>
      </Part>
    </Brick>
    <Brick refID="22" designID="2454">
      <Part refID="23" designID="2454" materials="199">
        <Bone refID="23" transformation="0,0,1,0,0.99999994039535522,0,-1,0,0,-1.1999995708465576,0.31999999284744263,-1.999997615814209">
        </Bone>
      </Part>
    </Brick>
    <Brick refID="23" designID="2454">
      <Part refID="24" designID="2454" materials="199">
        <Bone refID="24" transformation="0,0,1,0,0.99999994039535522,0,-1,0,0,-1.1999995708465576,0.31999999284744263,-3.5999999046325684">
        </Bone>
      </Part>
    </Brick>
    <Brick refID="24" designID="32028">
      <Part refID="25" designID="32028" materials="199">
        <Bone refID="25" transformation="-1,0,0,0,1,0,0,0,-1,0.40000075101852417,0.31999987363815308,-3.5999960899353027">
        </Bone>
      </Part>
    </Brick>
    <Brick refID="25" designID="3004">
      <Part refID="26" designID="3004" materials="199,0,0,0" decoration="0,0,0">
        <Bone refID="26" transformation="1,0,0,0,1,0,0,0,1,-0.40000039339065552,0.6399998664855957,-3.5999960899353027">
        </Bone>
      </Part>
    </Brick>
    <Brick refID="26" designID="3004">
      <Part refID="27" designID="3004" materials="199,0,0,0" decoration="0,0,0">
        <Bone refID="27" transformation="1,0,0,0,1,0,0,0,1,-0.40000039339065552,1.5999999046325684,-3.5999960899353027">
        </Bone>
      </Part>
    </Brick>
    <Brick refID="27" designID="4175">
      <Part refID="28" designID="4175" materials="199">
        <Bone refID="28" transformation="-1,0,0,0,1,0,0,0,-1,0.40000075101852417,2.559999942779541,-3.5999960899353027">
        </Bone>
      </Part>
    </Brick>
    <Brick refID="28" designID="3004">
      <Part refID="29" designID="3004" materials="199,0,0,0" decoration="0,0,0">
        <Bone refID="29" transformation="1,0,0,0,1,0,0,0,1,-0.40000039339065552,2.880000114440918,-3.5999960899353027">
        </Bone>
      </Part>
    </Brick>
    <Brick refID="29" designID="3004">
      <Part refID="30" designID="3004" materials="199,0,0,0" decoration="0,0,0">
        <Bone refID="30" transformation="1,0,0,0,1,0,0,0,1,-0.40000039339065552,3.8400001525878906,-3.5999960899353027">
        </Bone>
      </Part>
    </Brick>
    <Brick refID="30" designID="4175">
      <Part refID="31" designID="4175" materials="199">
        <Bone refID="31" transformation="-1,0,0,0,1,0,0,0,-1,0.40000265836715698,4.8000001907348633,-3.5999960899353027">
        </Bone>
      </Part>
    </Brick>
    <Brick refID="31" designID="3660">
      <Part refID="32" designID="3660" materials="199">
        <Bone refID="32" transformation="-1,0,0,0,1,0,0,0,-1,0.40000265836715698,5.1200003623962402,-3.5999960899353027">
        </Bone>
      </Part>
    </Brick>
    <Brick refID="32" designID="6180">
      <Part refID="33" designID="6180" materials="199,0" decoration="0">
        <Bone refID="33" transformation="1,0,0,0,1,0,0,0,1,-1.9999949932098389,6.0800004005432129,-1.9999938011169434">
        </Bone>
      </Part>
    </Brick>
    <Brick refID="33" designID="3676">
      <Part refID="34" designID="3676" materials="199">
        <Bone refID="34" transformation="0,0,1,0,0.99999994039535522,0,-1,0,0,-1.1999995708465576,5.1200003623962402,-3.5999999046325684">
        </Bone>
      </Part>
    </Brick>
    <Brick refID="34" designID="3660">
      <Part refID="35" designID="3660" materials="199">
        <Bone refID="35" transformation="0,0,1,0,0.99999994039535522,0,-1,0,0,-1.1999995708465576,5.1200003623962402,-2.7999968528747559">
        </Bone>
      </Part>
    </Brick>
    <Brick refID="35" designID="3660">
      <Part refID="36" designID="3660" materials="199">
        <Bone refID="36" transformation="0,0,-1,0,0.99999994039535522,0,1,0,0,1.2000019550323486,5.1200003623962402,-1.999997615814209">
        </Bone>
      </Part>
    </Brick>
    <Brick refID="36" designID="3676">
      <Part refID="37" designID="3676" materials="199">
        <Bone refID="37" transformation="-1,0,0,0,1,0,0,0,-1,1.2000019550323486,5.1200003623962402,-3.5999960899353027">
        </Bone>
      </Part>
    </Brick>
    <Brick refID="37" designID="3022">
      <Part refID="38" designID="3022" materials="194">
        <Bone refID="38" transformation="1,0,0,0,1,0,0,0,1,-0.39999848604202271,6.4000005722045898,-0.39999914169311523">
        </Bone>
      </Part>
    </Brick>
    <Brick refID="38" designID="3795">
      <Part refID="39" designID="3795" materials="199">
        <Bone refID="39" transformation="1,0,0,0,1,0,0,0,1,-1.9999988079071045,6.0800004005432129,-0.39999914169311523">
        </Bone>
      </Part>
    </Brick>
    <Brick refID="39" designID="50746">
      <Part refID="40" designID="50746" materials="194">
        <Bone refID="40" transformation="0,0,-1,0,0.99999994039535522,0,1,0,0,1.2000000476837158,6.4000005722045898,-0.39999914169311523">
        </Bone>
      </Part>
    </Brick>
    <Brick refID="40" designID="50746">
      <Part refID="41" designID="50746" materials="194">
        <Bone refID="41" transformation="0,0,1,0,0.99999994039535522,0,-1,0,0,-1.1999995708465576,6.4000005722045898,-1.1999964714050293">
        </Bone>
      </Part>
    </Brick>
    <Brick refID="41" designID="50746">
      <Part refID="42" designID="50746" materials="194">
        <Bone refID="42" transformation="0,0,-1,0,0.99999994039535522,0,1,0,0,1.2000000476837158,6.4000005722045898,-1.1999983787536621">
        </Bone>
      </Part>
    </Brick>
    <Brick refID="42" designID="50746">
      <Part refID="43" designID="50746" materials="194">
        <Bone refID="43" transformation="0,0,1,0,0.99999994039535522,0,-1,0,0,-1.1999995708465576,6.4000005722045898,-0.39999914169311523">
        </Bone>
      </Part>
    </Brick>
    <Brick refID="43" designID="3676">
      <Part refID="44" designID="3676" materials="199">
        <Bone refID="44" transformation="1,0,0,0,1,0,0,0,1,-1.1999995708465576,5.1200003623962402,-1.1999983787536621">
        </Bone>
      </Part>
    </Brick>
    <Brick refID="44" designID="3676">
      <Part refID="45" designID="3676" materials="199">
        <Bone refID="45" transformation="0,0,-1,0,0.99999994039535522,0,1,0,0,1.2000000476837158,5.1200003623962402,-1.1999964714050293">
        </Bone>
      </Part>
    </Brick>
  </Bricks>
  <RigidSystems>
    <RigidSystem>
      <Rigid refID="0" transformation="1,0,0,0,0.95497280359268188,-0.296693354845047,0,0.296693354845047,0.95497280359268188,0.40000724792480469,7.7481398582458496,1.1162576675415039" boneRefs="0,1,2,3,4,5,6,7,8"/>
      <Rigid refID="1" transformation="1,0,0,0,0.95497310161590576,-0.29669234156608582,0,0.29669234156608582,0.95497310161590576,1.2000026702880859,8.8919048309326172,2.8552141189575195" boneRefs="9"/>
      <Rigid refID="2" transformation="0,-0.95497322082519531,0.29669231176376343,0,0.29669246077537537,0.95497322082519531,-1.0000001192092896,0,0,0.80000114440917969,8.9415988922119141,1.666966438293457" boneRefs="10"/>
      <Rigid refID="3" transformation="-1,0,0,0,1,0,0,0,-1,1.2000045776367187,7.0400009155273437,2.0000009536743164" boneRefs="11,12,14,15"/>
      <Rigid refID="4" transformation="1,0,0,0,0.95497310161590576,-0.29669234156608582,0,0.29669234156608582,0.95497310161590576,0.39999961853027344,8.8919010162353516,2.8552141189575195" boneRefs="16"/>
      <Rigid refID="5" transformation="0,-0.95497322082519531,0.29669231176376343,0,0.29669246077537537,0.95497322082519531,-1.0000001192092896,0,0,0,8.9415950775146484,1.666966438293457" boneRefs="17"/>
      <Rigid refID="6" transformation="1,0,0,0,1,0,0,0,1,-0.39999961853027344,0,1.2000017166137695" boneRefs="18,19,20,21,22,23,24,25,26,27,28,29,30,31,32,33,34,35,36,37,13,38,39,40,41,42,43,44,45"/>
      <Joint type="hinge">
        <RigidRef rigidRef="1" a="0,0,-1.0000001192092896" z="1.0000001192092896,0,0" t="0,0,-1.6000000238418579"/>
        <RigidRef rigidRef="0" a="0,0,-1.0000001192092896" z="1.0000001192092896,0,0" t="0.79999542236328125,0.57632935047149658,0.40000376105308533"/>
      </Joint>
      <Joint type="hinge">
        <RigidRef rigidRef="3" a="-1,0,0" z="0,1,0" t="0.40000000596046448,0.56000000238418579,0"/>
        <RigidRef rigidRef="0" a="1,0,0" z="0,1.0000003576278687,0" t="0.39999660849571228,-0.40366986393928528,0.79999983310699463"/>
      </Joint>
      <Joint type="hinge">
        <RigidRef rigidRef="4" a="0,0,-1.0000001192092896" z="1.0000001192092896,0,0" t="0,0,-1.6000000238418579"/>
        <RigidRef rigidRef="0" a="0,0,-1.0000001192092896" z="1.0000001192092896,0,0" t="0,0.57632565498352051,0.40000262856483459"/>
      </Joint>
      <Joint type="hinge">
        <RigidRef rigidRef="2" a="0,0.99999994039535522,0" z="1,0,0" t="0.40000000596046448,1.119999885559082,-0.40000000596046448"/>
        <RigidRef rigidRef="1" a="0,0,1" z="0,-1.0000001192092896,0" t="0,0,0"/>
      </Joint>
      <Joint type="hinge">
        <RigidRef rigidRef="6" a="0,-1,0" z="1,0,0" t="1.2000023126602173,6.8300008773803711,0.40000003576278687"/>
        <RigidRef rigidRef="3" a="0,-1,0" z="1,0,0" t="0.40000000596046448,-0.21002300083637238,0.39999911189079285"/>
      </Joint>
      <Joint type="hinge">
        <RigidRef rigidRef="4" a="0,0,-1.0000001192092896" z="1.0000001192092896,0,0" t="0,0,-0.80000013113021851"/>
        <RigidRef rigidRef="5" a="0,-0.99999994039535522,0" z="0,0,-1" t="0.40000122785568237,0.32000043988227844,-0.39999949932098389"/>
      </Joint>
    </RigidSystem>
  </RigidSystems>
  <GroupSystems>
    <GroupSystem>
    </GroupSystem>
  </GroupSystems>
</LXFML>
