<?xml version="1.0" encoding="UTF-8" standalone="no" ?>
<LXFML versionMajor="5" versionMinor="0">
  <Meta>
    <Application name="LEGO Universe" versionMajor="0" versionMinor="0"/>
    <Brand name="LEGOUniverse"/>
    <BrickSet version="330"/>
  </Meta>
  <Bricks>
    <Brick refID="0" designID="61252">
      <Part refID="0" designID="61252" materials="141">
        <Bone refID="0" transformation="1,0,0,0,0.72335320711135864,0.69047820568084717,0,-0.69047820568084717,0.72335320711135864,1.9738852977752686,4.2822871208190918,4.0965752601623535">
        </Bone>
      </Part>
    </Brick>
    <Brick refID="1" designID="3660">
      <Part refID="1" designID="3660" materials="141">
        <Bone refID="1" transformation="1,0,0,0,0.72335320711135864,0.69047820568084717,0,-0.69047820568084717,0.72335320711135864,1.9739310741424561,4.1397013664245605,2.8560366630554199">
        </Bone>
      </Part>
    </Brick>
    <Brick refID="2" designID="3021">
      <Part refID="2" designID="3021" materials="141">
        <Bone refID="2" transformation="0,0.69047808647155762,-0.72335344552993774,0,0.72335350513458252,0.69047808647155762,1.0000001192092896,0,0,2.7739303112030029,4.8341259956359863,3.5188937187194824">
        </Bone>
      </Part>
    </Brick>
    <Brick refID="3" designID="2436">
      <Part refID="3" designID="2436" materials="141">
        <Bone refID="3" transformation="0,0.69047832489013672,-0.72335314750671387,0,0.72335326671600342,0.69047832489013672,1.0000001192092896,0,0,2.7739303112030029,5.0655951499938965,3.7398481369018555">
        </Bone>
      </Part>
    </Brick>
    <Brick refID="4" designID="87079">
      <Part refID="4" designID="87079" materials="141">
        <Bone refID="4" transformation="0,0.69047832489013672,-0.72335314750671387,0,0.72335326671600342,0.69047832489013672,1.0000001192092896,0,0,2.7739303112030029,4.7446866035461426,4.5394845008850098">
        </Bone>
      </Part>
    </Brick>
    <Brick refID="5" designID="32028">
      <Part refID="5" designID="32028" materials="141">
        <Bone refID="5" transformation="-1,0,0,0,0.72335356473922729,0.69047802686691284,0,0.69047796726226807,-0.72335344552993774,2.7739341259002686,6.1703605651855469,2.5824775695800781">
        </Bone>
      </Part>
    </Brick>
    <Brick refID="6" designID="3023">
      <Part refID="6" designID="3023" materials="141">
        <Bone refID="6" transformation="-1,0,0,0,0.72335350513458252,0.69047826528549194,0,0.69047826528549194,-0.72335320711135864,2.7739303112030029,4.5132122039794922,4.3185296058654785">
        </Bone>
      </Part>
    </Brick>
    <Brick refID="7" designID="48170">
      <Part refID="7" designID="48170" materials="141">
        <Bone refID="7" transformation="0,-0.69047808647155762,0.72335344552993774,0,0.72335350513458252,0.69047808647155762,-1.0000001192092896,0,0,1.9739291667938232,5.244469165802002,1.6986660957336426">
        </Bone>
      </Part>
    </Brick>
    <Brick refID="8" designID="2654">
      <Part refID="8" designID="2654" materials="141">
        <Bone refID="8" transformation="1,0,0,0,0.72335320711135864,0.69047820568084717,0,-0.69047820568084717,0.72335320711135864,1.9739291667938232,4.1397037506103516,2.8560366630554199">
        </Bone>
      </Part>
    </Brick>
    <Brick refID="9" designID="3023">
      <Part refID="9" designID="3023" materials="141">
        <Bone refID="9" transformation="0,0.69047832489013672,-0.72335314750671387,0,0.72335326671600342,0.69047832489013672,1.0000001192092896,0,0,1.9739291667938232,5.0655961036682129,3.7398481369018555">
        </Bone>
      </Part>
    </Brick>
    <Brick refID="10" designID="2431">
      <Part refID="10" designID="2431" materials="141,0" decoration="0">
        <Bone refID="10" transformation="0,-0.69047832489013672,0.72335308790206909,1,0,0,0,0.72335308790206909,0.69047826528549194,3.3339297771453857,6.1124944686889648,2.5272407531738281">
        </Bone>
      </Part>
    </Brick>
    <Brick refID="11" designID="61252">
      <Part refID="11" designID="61252" materials="141">
        <Bone refID="11" transformation="1,0,0,0,0.72335290908813477,0.69047850370407104,0,-0.69047850370407104,0.72335290908813477,2.7739303112030029,4.2817440032958984,4.0975828170776367">
        </Bone>
      </Part>
    </Brick>
    <Brick refID="12" designID="47455">
      <Part refID="12" designID="47455" materials="141">
        <Bone refID="12" transformation="0,-0.69047802686691284,0.72335344552993774,0,0.72335338592529297,0.69047802686691284,-1,0,0,0.77355742454528809,6.4923663139343262,1.2309069633483887">
        </Bone>
      </Part>
    </Brick>
    <Brick refID="13" designID="40374">
      <Part refID="13" designID="40374" materials="141">
        <Bone refID="13" transformation="0,-0.75368571281433105,-0.65723502635955811,0,0.65723508596420288,-0.75368571281433105,1,0,0,0.36794638633728027,8.1916294097900391,4.7438297271728516">
        </Bone>
      </Part>
    </Brick>
    <Brick refID="14" designID="40373">
      <Part refID="14" designID="40373" materials="141">
        <Bone refID="14" transformation="0,-0.7536855936050415,-0.65723520517349243,0,0.65723526477813721,-0.75368553400039673,1.0000001192092896,0,0,-0.43169689178466797,8.1886453628540039,4.7473163604736328">
        </Bone>
      </Part>
    </Brick>
    <Brick refID="15" designID="3039">
      <Part refID="15" designID="3039" materials="141,0" decoration="0">
        <Bone refID="15" transformation="0,0.75368571281433105,0.65723520517349243,0,0.65723532438278198,-0.75368565320968628,-1.0000001192092896,0,0,-0.43169713020324707,8.8755855560302734,1.525118350982666">
        </Bone>
      </Part>
    </Brick>
    <Brick refID="16" designID="40374">
      <Part refID="16" designID="40374" materials="141">
        <Bone refID="16" transformation="0,0.7536846399307251,0.65723639726638794,0,0.65723645687103271,-0.7536846399307251,-1.0000001192092896,0,0,-0.4260857105255127,6.3876876831054687,3.1768207550048828">
        </Bone>
      </Part>
    </Brick>
    <Brick refID="17" designID="40373">
      <Part refID="17" designID="40373" materials="141">
        <Bone refID="17" transformation="0,0.7536846399307251,0.65723639726638794,0,0.65723645687103271,-0.7536846399307251,-1.0000001192092896,0,0,0.37355780601501465,6.384645938873291,3.1802616119384766">
        </Bone>
      </Part>
    </Brick>
    <Brick refID="18" designID="3039">
      <Part refID="18" designID="3039" materials="141,0" decoration="0">
        <Bone refID="18" transformation="0,-0.7536855936050415,-0.65723502635955811,0,0.65723508596420288,-0.7536855936050415,1,0,0,0.36794638633728027,9.4815225601196289,2.047426700592041">
        </Bone>
      </Part>
    </Brick>
    <Brick refID="19" designID="47455">
      <Part refID="19" designID="47455" materials="141">
        <Bone refID="19" transformation="0,0.69047826528549194,-0.72335326671600342,0,0.72335326671600342,0.69047826528549194,1.0000001192092896,0,0,-0.82608604431152344,6.4954080581665039,1.2274661064147949">
        </Bone>
      </Part>
    </Brick>
    <Brick refID="20" designID="2436">
      <Part refID="20" designID="2436" materials="141">
        <Bone refID="20" transformation="0,-0.69047784805297852,0.72335368394851685,0,0.7233538031578064,0.69047784805297852,-1.0000001192092896,0,0,-2.8257112503051758,5.6210188865661621,3.1577253341674805">
        </Bone>
      </Part>
    </Brick>
    <Brick refID="21" designID="3021">
      <Part refID="21" designID="3021" materials="141">
        <Bone refID="21" transformation="0,0.69047802686691284,-0.72335332632064819,0,0.72335332632064819,0.69047808647155762,1,0,0,-2.0257124900817871,4.8371725082397461,3.5154528617858887">
        </Bone>
      </Part>
    </Brick>
    <Brick refID="22" designID="3660">
      <Part refID="22" designID="3660" materials="141">
        <Bone refID="22" transformation="1,0,0,0,0.72335350513458252,0.69047802686691284,0,-0.69047796726226807,0.72335344552993774,-2.8257594108581543,4.1432986259460449,2.8515968322753906">
        </Bone>
      </Part>
    </Brick>
    <Brick refID="23" designID="32028">
      <Part refID="23" designID="32028" materials="141">
        <Bone refID="23" transformation="-1,0,0,0,0.72335392236709595,0.69047784805297852,0,0.69047790765762329,-0.72335362434387207,-2.0257096290588379,6.1734085083007813,2.5790367126464844">
        </Bone>
      </Part>
    </Brick>
    <Brick refID="24" designID="87079">
      <Part refID="24" designID="87079" materials="141">
        <Bone refID="24" transformation="0,0.69047802686691284,-0.72335350513458252,0,0.72335350513458252,0.69047802686691284,1.0000001192092896,0,0,-2.0257124900817871,4.7477355003356934,4.536036491394043">
        </Bone>
      </Part>
    </Brick>
    <Brick refID="25" designID="3023">
      <Part refID="25" designID="3023" materials="141">
        <Bone refID="25" transformation="-1,0,0,0,0.72335356473922729,0.69047802686691284,0,0.69047796726226807,-0.72335344552993774,-2.0257105827331543,4.516265869140625,4.3150897026062012">
        </Bone>
      </Part>
    </Brick>
    <Brick refID="26" designID="48170">
      <Part refID="26" designID="48170" materials="141">
        <Bone refID="26" transformation="0,-0.69047808647155762,0.72335332632064819,0,0.72335338592529297,0.69047814607620239,-1,0,0,-2.8257126808166504,5.2475185394287109,1.6952323913574219">
        </Bone>
      </Part>
    </Brick>
    <Brick refID="27" designID="2654">
      <Part refID="27" designID="2654" materials="141">
        <Bone refID="27" transformation="1,0,0,0,0.72335368394851685,0.69047766923904419,0,-0.69047772884368896,0.72335374355316162,-2.8257126808166504,4.142756462097168,2.8525962829589844">
        </Bone>
      </Part>
    </Brick>
    <Brick refID="28" designID="3023">
      <Part refID="28" designID="3023" materials="141">
        <Bone refID="28" transformation="0,0.69047802686691284,-0.72335350513458252,0,0.72335350513458252,0.69047802686691284,1.0000001192092896,0,0,-2.0257124900817871,5.0686454772949219,3.7364077568054199">
        </Bone>
      </Part>
    </Brick>
    <Brick refID="29" designID="2431">
      <Part refID="29" designID="2431" materials="141,0" decoration="0">
        <Bone refID="29" transformation="0,-0.69047772884368896,0.72335398197174072,-1.0000001192092896,0,0,0,-0.72335398197174072,-0.69047760963439941,-3.3857111930847168,6.1155385971069336,2.5238070487976074">
        </Bone>
      </Part>
    </Brick>
    <Brick refID="30" designID="61252">
      <Part refID="30" designID="61252" materials="141">
        <Bone refID="30" transformation="1,0,0,0,0.72335320711135864,0.69047832489013672,0,-0.69047832489013672,0.72335314750671387,-2.0257120132446289,4.2847857475280762,4.0941348075866699">
        </Bone>
      </Part>
    </Brick>
    <Brick refID="31" designID="61252">
      <Part refID="31" designID="61252" materials="141">
        <Bone refID="31" transformation="1,0,0,0,0.72335326671600342,0.69047826528549194,0,-0.69047826528549194,0.72335320711135864,-2.8257589340209961,4.2853288650512695,4.0931353569030762">
        </Bone>
      </Part>
    </Brick>
    <Brick refID="32" designID="60478">
      <Part refID="32" designID="60478" materials="141">
        <Bone refID="32" transformation="-6.6902910475619137E-005,0.94970875978469849,0.31313455104827881,-0.00020542052516248077,-0.31313455104827881,0.94970875978469849,1,0,0.00021605167421512306,-2.0386247634887695,2.369591236114502,4.4117608070373535">
        </Bone>
      </Part>
    </Brick>
    <Brick refID="33" designID="60478">
      <Part refID="33" designID="60478" materials="141">
        <Bone refID="33" transformation="6.6260712628718466E-005,-0.94970822334289551,-0.3131369948387146,-0.00020495479111559689,-0.31313684582710266,0.94970810413360596,-1.0000001192092896,0,-0.00021521507005672902,-2.0386104583740234,3.2295598983764648,4.3583621978759766">
        </Bone>
      </Part>
    </Brick>
    <Brick refID="34" designID="63864">
      <Part refID="34" designID="63864" materials="141">
        <Bone refID="34" transformation="-6.7400149418972433E-005,0.94970870018005371,0.31313514709472656,-0.00020634684187825769,-0.31313508749008179,0.94970870018005371,1,0,0.00021717068739235401,-2.0386905670166016,2.2693870067596436,4.7156696319580078">
        </Bone>
      </Part>
    </Brick>
    <Brick refID="35" designID="2654">
      <Part refID="35" designID="2654" materials="141">
        <Bone refID="35" transformation="1,2.6182942747254856E-005,3.6147132050246E-005,-2.6182944566244259E-005,-0.31175568699836731,0.95016229152679443,3.6147117498330772E-005,-0.95016229152679443,-0.3117557168006897,-2.8386955261230469,2.4692633152008057,4.1074161529541016">
        </Bone>
      </Part>
    </Brick>
    <Brick refID="36" designID="60478">
      <Part refID="36" designID="60478" materials="141">
        <Bone refID="36" transformation="-4.3422001908766106E-005,0.95016252994537354,0.31175532937049866,-1.7578970073373057E-005,-0.31175521016120911,0.95016247034072876,1,3.5873516026185825E-005,3.0372340916073881E-005,-2.8386983871459961,2.3695008754730225,4.4114704132080078">
        </Bone>
      </Part>
    </Brick>
    <Brick refID="37" designID="60478">
      <Part refID="37" designID="60478" materials="141">
        <Bone refID="37" transformation="4.2475276131881401E-005,-0.95016229152679443,-0.31175580620765686,-1.6121242879307829E-005,-0.31175568699836731,0.95016223192214966,-0.99999994039535522,-3.5261309676570818E-005,-2.8461434339988045E-005,-2.8387277126312256,3.2293939590454102,4.3568210601806641">
        </Bone>
      </Part>
    </Brick>
    <Brick refID="38" designID="63864">
      <Part refID="38" designID="63864" materials="141">
        <Bone refID="38" transformation="-4.3546227971091866E-005,0.95016235113143921,0.31175541877746582,-1.7762124116416089E-005,-0.31175535917282104,0.95016235113143921,1,3.587033279472962E-005,3.0496568797389045E-005,-2.8387050628662109,2.2697389125823975,4.7155246734619141">
        </Bone>
      </Part>
    </Brick>
    <Brick refID="39" designID="73983">
      <Part refID="39" designID="2429" materials="141">
        <Bone refID="39" transformation="0,0,1,0,0.99999994039535522,0,-1,0,0,-2.8256425857543945,0.64432662725448608,3.5965371131896973">
        </Bone>
      </Part>
      <Part refID="40" designID="2430" materials="141">
        <Bone refID="40" transformation="-0.063581392168998718,0,0.99797666072845459,0,0.99999994039535522,0,-0.99797666072845459,0,-0.063581392168998718,-2.8518872261047363,0.64432686567306519,5.2211627960205078">
        </Bone>
      </Part>
    </Brick>
    <Brick refID="40" designID="4081">
      <Part refID="41" designID="4081" materials="141">
        <Bone refID="41" transformation="-1,0.00015922251623123884,0,0.00015922251623123884,1,0.00012838642578572035,0,0.00012838642578572035,-1,-2.8257458209991455,0.32434418797492981,3.5964455604553223">
        </Bone>
      </Part>
    </Brick>
    <Brick refID="41" designID="73983">
      <Part refID="42" designID="2429" materials="141">
        <Bone refID="42" transformation="0,0,1,0,0.99999994039535522,0,-1,0,0,-2.8256428241729736,0.0043269977904856205,3.5965371131896973">
        </Bone>
      </Part>
      <Part refID="43" designID="2430" materials="141">
        <Bone refID="43" transformation="-0.063581153750419617,0,0.99797666072845459,0,0.99999994039535522,0,-0.99797666072845459,0,-0.063581153750419617,-2.8518838882446289,0.0043271384201943874,5.2211627960205078">
        </Bone>
      </Part>
    </Brick>
    <Brick refID="42" designID="2555">
      <Part refID="44" designID="2555" materials="141">
        <Bone refID="44" transformation="-4.5003227569395676E-005,0.00051433750195428729,-0.99999994039535522,0.00012315937783569098,0.99999994039535522,0.00051433197222650051,1.0000001192092896,-0.00012313619663473219,-4.5066564780427143E-005,-2.8256275653839111,0.96413034200668335,4.3966999053955078">
        </Bone>
      </Part>
    </Brick>
    <Brick refID="43" designID="3794">
      <Part refID="45" designID="3794" materials="141">
        <Bone refID="45" transformation="-1,0,0,0,1,0,0,0,-1,-2.0256414413452148,0.96432709693908691,3.5965447425842285">
        </Bone>
      </Part>
    </Brick>
    <Brick refID="44" designID="30162">
      <Part refID="46" designID="30162" materials="141">
        <Bone refID="46" transformation="0.063580594956874847,0,-0.99797683954238892,0,1,0,0.99797683954238892,0,0.063580594956874847,-2.9027504920959473,0.32432696223258972,6.0195403099060059">
        </Bone>
      </Part>
    </Brick>
    <Brick refID="45" designID="53451">
      <Part refID="47" designID="53451" materials="26">
        <Bone refID="47" transformation="0,1,0,-0.063581176102161407,0,0.99797677993774414,0.99797677993774414,0,0.063581250607967377,-2.7026867866516113,0.48432695865631104,6.5753870010375977">
        </Bone>
      </Part>
    </Brick>
    <Brick refID="46" designID="53451">
      <Part refID="48" designID="53451" materials="26">
        <Bone refID="48" transformation="0,1,0,-0.063581176102161407,0,0.99797677993774414,0.99797677993774414,0,0.063581250607967377,-3.171736478805542,0.48432600498199463,6.5455026626586914">
        </Bone>
      </Part>
    </Brick>
    <Brick refID="47" designID="3024">
      <Part refID="49" designID="3024" materials="141">
        <Bone refID="49" transformation="0.0635809525847435,0,-0.99797666072845459,0,1,0,0.99797666072845459,0,0.0635809525847435,-2.8518874645233154,0.32432654500007629,5.2211589813232422">
        </Bone>
      </Part>
    </Brick>
    <Brick refID="48" designID="61409">
      <Part refID="50" designID="61409" materials="141">
        <Bone refID="50" transformation="0.99797594547271729,0,0.06359255313873291,0,1,0,-0.06359255313873291,0,0.99797594547271729,-2.8518872261047363,0.96432679891586304,5.2211627960205078">
        </Bone>
      </Part>
    </Brick>
    <Brick refID="49" designID="3023">
      <Part refID="51" designID="3023" materials="141">
        <Bone refID="51" transformation="-1,0,0,0,1,0,0,0,-1,-2.0256414413452148,0.32432743906974792,4.3965401649475098">
        </Bone>
      </Part>
    </Brick>
    <Brick refID="50" designID="73983">
      <Part refID="52" designID="2430" materials="141">
        <Bone refID="52" transformation="0,0,-1,0,0.99999994039535522,0,1,0,0,-2.0256414413452148,0.64432734251022339,4.3965401649475098">
        </Bone>
      </Part>
      <Part refID="53" designID="2429" materials="141">
        <Bone refID="53" transformation="-0.061913963407278061,0,-0.9980815052986145,0,1,0,0.9980815052986145,0,-0.061913963407278061,-1.9505782127380371,0.64432722330093384,6.0190067291259766">
        </Bone>
      </Part>
    </Brick>
    <Brick refID="51" designID="4081">
      <Part refID="54" designID="4081" materials="141">
        <Bone refID="54" transformation="-1,3.6129473301116377E-005,0,3.6129436921328306E-005,1,-0.00038607316673733294,0,-0.0003860731958411634,-0.99999994039535522,-2.0256471633911133,0.32410058379173279,3.5966291427612305">
        </Bone>
      </Part>
    </Brick>
    <Brick refID="52" designID="73983">
      <Part refID="55" designID="2430" materials="141">
        <Bone refID="55" transformation="0,0,-1,0,0.99999994039535522,0,1,0,0,-2.0256433486938477,0.0043275938369333744,4.3965401649475098">
        </Bone>
      </Part>
      <Part refID="56" designID="2429" materials="141">
        <Bone refID="56" transformation="-0.06191384419798851,0,-0.9980815052986145,0,1,0,0.9980815052986145,0,-0.06191384419798851,-1.9505778551101685,0.0043277344666421413,6.0190067291259766">
        </Bone>
      </Part>
    </Brick>
    <Brick refID="53" designID="2555">
      <Part refID="57" designID="2555" materials="141">
        <Bone refID="57" transformation="0,0,-1,0,0.99999994039535522,0,1,0,0,-2.0256433486938477,0.96432739496231079,4.3965401649475098">
        </Bone>
      </Part>
    </Brick>
    <Brick refID="54" designID="30162">
      <Part refID="58" designID="30162" materials="141">
        <Bone refID="58" transformation="-0.061914082616567612,0,-0.9980815052986145,0,1,0,0.9980815052986145,0,-0.061914082616567612,-1.9505782127380371,0.32432737946510315,6.0190067291259766">
        </Bone>
      </Part>
    </Brick>
    <Brick refID="55" designID="53451">
      <Part refID="59" designID="53451" materials="26">
        <Bone refID="59" transformation="0,1,0,0.061914153397083282,0,0.99808162450790405,0.99808162450790405,0,-0.061914104968309402,-2.1515707969665527,0.48432627320289612,6.5745182037353516">
        </Bone>
      </Part>
    </Brick>
    <Brick refID="56" designID="53451">
      <Part refID="60" designID="53451" materials="26">
        <Bone refID="60" transformation="0,1,0,0.061914153397083282,0,0.99808162450790405,0.99808162450790405,0,-0.061914104968309402,-1.6824730634689331,0.48432734608650208,6.5454196929931641">
        </Bone>
      </Part>
    </Brick>
    <Brick refID="57" designID="3024">
      <Part refID="61" designID="3024" materials="141">
        <Bone refID="61" transformation="-0.061914559453725815,0,-0.99808144569396973,0,1,0,0.99808144569396973,0,-0.061914559453725815,-2.0001101493835449,0.32432743906974792,5.2205448150634766">
        </Bone>
      </Part>
    </Brick>
    <Brick refID="58" designID="61409">
      <Part refID="62" designID="61409" materials="141">
        <Bone refID="62" transformation="0.99808114767074585,0,-0.06191948801279068,0,1,0,0.06191948801279068,0,0.99808114767074585,-2.0001082420349121,0.96432697772979736,5.2205448150634766">
        </Bone>
      </Part>
    </Brick>
    <Brick refID="59" designID="43889">
      <Part refID="63" designID="43889" materials="141">
        <Bone refID="63" transformation="0,-1,0,1,0,0,0,0,0.99999994039535522,-0.032055139541625977,10.106629371643066,5.9736423492431641">
        </Bone>
      </Part>
    </Brick>
    <Brick refID="60" designID="2780">
      <Part refID="64" designID="2780" materials="26">
        <Bone refID="64" transformation="1,0,0,0,1,0,0,0,1,-0.032055139541625977,10.106629371643066,6.7736449241638184">
        </Bone>
      </Part>
    </Brick>
    <Brick refID="61" designID="3700">
      <Part refID="65" designID="3700" materials="141">
        <Bone refID="65" transformation="1,0,0,0,1,0,0,0,1,-0.4320518970489502,9.5266294479370117,6.3736433982849121">
        </Bone>
      </Part>
    </Brick>
    <Brick refID="62" designID="4871">
      <Part refID="66" designID="4871" materials="141">
        <Bone refID="66" transformation="0,0,-1,0,0.99999994039535522,0,1,0,0,0.36794734001159668,9.206629753112793,7.1736464500427246">
        </Bone>
      </Part>
    </Brick>
    <Brick refID="63" designID="2420">
      <Part refID="67" designID="2420" materials="141">
        <Bone refID="67" transformation="0,0,1,0,0.99999994039535522,0,-1,0,0,1.1679484844207764,10.166628837585449,6.3736433982849121">
        </Bone>
      </Part>
    </Brick>
    <Brick refID="64" designID="3710">
      <Part refID="68" designID="3710" materials="141">
        <Bone refID="68" transformation="1,0,0,0,1,0,0,0,1,-1.2320530414581299,10.486628532409668,7.1736464500427246">
        </Bone>
      </Part>
    </Brick>
    <Brick refID="65" designID="3710">
      <Part refID="69" designID="3710" materials="141">
        <Bone refID="69" transformation="1,0,0,0,1,0,0,0,1,-1.2320530414581299,10.806628227233887,7.1736464500427246">
        </Bone>
      </Part>
    </Brick>
    <Brick refID="66" designID="3020">
      <Part refID="70" designID="3020" materials="141">
        <Bone refID="70" transformation="-1,0,0,0,1,0,0,0,-1,1.1679465770721436,11.126626968383789,7.1736464500427246">
        </Bone>
      </Part>
    </Brick>
    <Brick refID="67" designID="47759">
      <Part refID="71" designID="47759" materials="141">
        <Bone refID="71" transformation="-1,0,0,0,1,0,0,0,-1,1.1679446697235107,11.446628570556641,7.1736388206481934">
        </Bone>
      </Part>
    </Brick>
    <Brick refID="68" designID="49668">
      <Part refID="72" designID="49668" materials="141">
        <Bone refID="72" transformation="-1,0,0,0,1,0,0,0,-1,0.36794924736022949,11.446627616882324,6.3736433982849121">
        </Bone>
      </Part>
    </Brick>
    <Brick refID="69" designID="3040">
      <Part refID="73" designID="3040" materials="141,0" decoration="0">
        <Bone refID="73" transformation="0,0,-1,0,0.99999994039535522,0,1,0,0,0.36794734001159668,10.486628532409668,6.3736433982849121">
        </Bone>
      </Part>
    </Brick>
    <Brick refID="70" designID="49668">
      <Part refID="74" designID="49668" materials="141">
        <Bone refID="74" transformation="-1,0,0,0,1,0,0,0,-1,-0.4320518970489502,11.446627616882324,6.3736433982849121">
        </Bone>
      </Part>
    </Brick>
    <Brick refID="71" designID="3040">
      <Part refID="75" designID="3040" materials="141,0" decoration="0">
        <Bone refID="75" transformation="0,0,1,0,0.99999994039535522,0,-1,0,0,-0.4320528507232666,10.486628532409668,6.3736433982849121">
        </Bone>
      </Part>
    </Brick>
    <Brick refID="72" designID="2420">
      <Part refID="76" designID="2420" materials="44">
        <Bone refID="76" transformation="0,0,-1,0,0.99999994039535522,0,1,0,0,0.36794543266296387,11.446627616882324,8.7736444473266602">
        </Bone>
      </Part>
    </Brick>
    <Brick refID="73" designID="50746">
      <Part refID="77" designID="50746" materials="141">
        <Bone refID="77" transformation="0,0,-1,0,0.99999994039535522,0,1,0,0,1.1679446697235107,11.766628265380859,7.9736413955688477">
        </Bone>
      </Part>
    </Brick>
    <Brick refID="74" designID="2420">
      <Part refID="78" designID="2420" materials="44">
        <Bone refID="78" transformation="1,0,0,0,1,0,0,0,1,-1.2320531606674194,11.446627616882324,7.9736413955688477">
        </Bone>
      </Part>
    </Brick>
    <Brick refID="75" designID="50746">
      <Part refID="79" designID="50746" materials="141">
        <Bone refID="79" transformation="0,0,1,0,0.99999994039535522,0,-1,0,0,-1.2320531606674194,11.766627311706543,7.9736413955688477">
        </Bone>
      </Part>
    </Brick>
    <Brick refID="76" designID="2420">
      <Part refID="80" designID="2420" materials="141">
        <Bone refID="80" transformation="-1,0,0,0,1,0,0,0,-1,-0.4320528507232666,10.166628837585449,7.1736464500427246">
        </Bone>
      </Part>
    </Brick>
    <Brick refID="77" designID="3023">
      <Part refID="81" designID="3023" materials="141">
        <Bone refID="81" transformation="1,0,0,0,1,0,0,0,1,-0.4320518970489502,9.5266294479370117,7.1736464500427246">
        </Bone>
      </Part>
    </Brick>
    <Brick refID="78" designID="60470">
      <Part refID="82" designID="60470" materials="141">
        <Bone refID="82" transformation="1,0,0,0,1,0,0,0,1,-0.4320518970489502,9.8466291427612305,7.1736464500427246">
        </Bone>
      </Part>
    </Brick>
    <Brick refID="79" designID="3023">
      <Part refID="83" designID="3023" materials="141">
        <Bone refID="83" transformation="-1,0,0,0,1,0,0,0,-1,0.36794543266296387,11.766628265380859,7.9736413955688477">
        </Bone>
      </Part>
    </Brick>
    <Brick refID="80" designID="3069">
      <Part refID="84" designID="3069" materials="141,0" decoration="0">
        <Bone refID="84" transformation="-1,0,0,0,1,0,0,0,-1,0.36816859245300293,12.086627006530762,7.9736413955688477">
        </Bone>
      </Part>
    </Brick>
    <Brick refID="81" designID="3022">
      <Part refID="85" designID="3022" materials="141">
        <Bone refID="85" transformation="0,0,-1,0,0.99999994039535522,0,1,0,0,0.36794543266296387,11.126628875732422,9.573638916015625">
        </Bone>
      </Part>
    </Brick>
    <Brick refID="82" designID="47757">
      <Part refID="86" designID="47757" materials="141">
        <Bone refID="86" transformation="0,0,1,0,0.99999994039535522,0,-1,0,0,-1.2320531606674194,11.126627922058105,8.7736368179321289">
        </Bone>
      </Part>
    </Brick>
    <Brick refID="83" designID="6141">
      <Part refID="87" designID="6141" materials="1">
        <Bone refID="87" transformation="0,0,-1,0,0.99999994039535522,0,1,0,0,0.36794543266296387,10.80663013458252,10.373641967773437">
        </Bone>
      </Part>
    </Brick>
    <Brick refID="84" designID="6141">
      <Part refID="88" designID="6141" materials="1">
        <Bone refID="88" transformation="0,0,-1,0,0.99999994039535522,0,1,0,0,0.36794447898864746,10.806628227233887,11.173637390136719">
        </Bone>
      </Part>
    </Brick>
    <Brick refID="85" designID="6141">
      <Part refID="89" designID="6141" materials="1">
        <Bone refID="89" transformation="0,0,-1,0,0.99999994039535522,0,1,0,0,-0.43205380439758301,10.80663013458252,10.373641967773437">
        </Bone>
      </Part>
    </Brick>
    <Brick refID="86" designID="6141">
      <Part refID="90" designID="6141" materials="1">
        <Bone refID="90" transformation="0,0,-1,0,0.99999994039535522,0,1,0,0,-0.43205380439758301,10.806629180908203,11.173637390136719">
        </Bone>
      </Part>
    </Brick>
    <Brick refID="87" designID="60478">
      <Part refID="91" designID="60478" materials="141">
        <Bone refID="91" transformation="0,-0.43824297189712524,0.89885663986206055,0,0.89885669946670532,0.43824297189712524,-1.0000001192092896,0,0,-0.4450523853302002,9.5214767456054687,8.5842218399047852">
        </Bone>
      </Part>
    </Brick>
    <Brick refID="88" designID="4855">
      <Part refID="92" designID="4855" materials="141">
        <Bone refID="92" transformation="0,-0.43824297189712524,0.898856520652771,0,0.898856520652771,0.43824300169944763,-0.99999994039535522,0,0,-0.4450523853302002,8.9462060928344727,8.3037385940551758">
        </Bone>
      </Part>
    </Brick>
    <Brick refID="89" designID="6141">
      <Part refID="93" designID="6141" materials="1">
        <Bone refID="93" transformation="0,0.43824312090873718,-0.89885658025741577,0,0.89885658025741577,0.43824315071105957,1,0,0,-0.4450523853302002,8.757328987121582,10.881711006164551">
        </Bone>
      </Part>
    </Brick>
    <Brick refID="90" designID="6141">
      <Part refID="94" designID="6141" materials="1">
        <Bone refID="94" transformation="0,0.43824312090873718,-0.89885658025741577,0,0.89885658025741577,0.43824315071105957,1,0,0,-0.4450523853302002,9.1079235076904297,10.162625312805176">
        </Bone>
      </Part>
    </Brick>
    <Brick refID="91" designID="6141">
      <Part refID="95" designID="6141" materials="1">
        <Bone refID="95" transformation="0,0.43824312090873718,-0.89885658025741577,0,0.89885658025741577,0.43824315071105957,1,0,0,0.35494661331176758,8.757328987121582,10.881711006164551">
        </Bone>
      </Part>
    </Brick>
    <Brick refID="92" designID="6141">
      <Part refID="96" designID="6141" materials="1">
        <Bone refID="96" transformation="0,0.43824312090873718,-0.89885658025741577,0,0.89885658025741577,0.43824315071105957,1,0,0,0.35494661331176758,9.1079235076904297,10.162625312805176">
        </Bone>
      </Part>
    </Brick>
    <Brick refID="93" designID="3023">
      <Part refID="97" designID="3023" materials="141">
        <Bone refID="97" transformation="1,0,0,0,0.89885658025741577,0.43824321031570435,0,-0.43824318051338196,0.898856520652771,-0.4450523853302002,9.2338428497314453,8.4439754486083984">
        </Bone>
      </Part>
    </Brick>
    <Brick refID="94" designID="60478">
      <Part refID="98" designID="60478" materials="141">
        <Bone refID="98" transformation="0,-0.43824297189712524,0.898856520652771,0,0.898856520652771,0.43824300169944763,-0.99999994039535522,0,0,0.35494685173034668,9.5214748382568359,8.5842180252075195">
        </Bone>
      </Part>
    </Brick>
    <Brick refID="95" designID="3794">
      <Part refID="99" designID="3794" materials="141">
        <Bone refID="99" transformation="-1,0,0,0,0.898856520652771,0.43824306130409241,0,0.43824306130409241,-0.898856520652771,0.35494780540466309,9.8091087341308594,8.7244539260864258">
        </Bone>
      </Part>
    </Brick>
    <Brick refID="96" designID="49668">
      <Part refID="100" designID="49668" materials="154">
        <Bone refID="100" transformation="1,0,0,0,0.89885634183883667,0.43824338912963867,0,-0.43824338912963867,0.89885634183883667,-0.045053005218505859,10.096745491027832,8.864689826965332">
        </Bone>
      </Part>
    </Brick>
    <Brick refID="97" designID="3069">
      <Part refID="101" designID="3069" materials="141,0" decoration="0">
        <Bone refID="101" transformation="1,0,0,0,0.89885640144348145,0.43824329972267151,0,-0.43824329972267151,0.89885640144348145,-0.44505143165588379,9.4585113525390625,9.4435396194458008">
        </Bone>
      </Part>
    </Brick>
    <Brick refID="98" designID="30367">
      <Part refID="102" designID="30367" materials="141,0,0,0,0,0" decoration="0,0,0,0,0">
        <Bone refID="102" transformation="0,0.26578214764595032,0.96403312683105469,1,0,0,0,0.96403312683105469,-0.26578217744827271,1.5679519176483154,10.387492179870605,3.8799080848693848">
        </Bone>
      </Part>
    </Brick>
    <Brick refID="99" designID="43093">
      <Part refID="103" designID="43093" materials="141">
        <Bone refID="103" transformation="0,0.96403312683105469,-0.26578262448310852,0,0.26578274369239807,0.96403306722640991,1.0000001192092896,0,0,2.3679492473602295,10.108192443847656,4.3718352317810059">
        </Bone>
      </Part>
    </Brick>
    <Brick refID="100" designID="73983">
      <Part refID="104" designID="2429" materials="141">
        <Bone refID="104" transformation="0,-0.72288310527801514,0.69097036123275757,1,0,0,0,0.69097036123275757,0.72288316488265991,3.1679503917694092,10.10819149017334,4.3718361854553223">
        </Bone>
      </Part>
      <Part refID="105" designID="2430" materials="141">
        <Bone refID="105" transformation="0,-0.13409818708896637,0.99096804857254028,1,0,0,0,0.99096804857254028,0.13409823179244995,3.1679580211639404,9.0670938491821289,5.8329029083251953">
        </Bone>
      </Part>
    </Brick>
    <Brick refID="101" designID="3023">
      <Part refID="106" designID="3023" materials="141">
        <Bone refID="106" transformation="0,0.7228817343711853,-0.6909719705581665,1.0000001192092896,0,0,0,-0.6909719705581665,-0.72288161516189575,2.8479549884796143,9.5298843383789062,4.9246172904968262">
        </Bone>
      </Part>
    </Brick>
    <Brick refID="102" designID="73983">
      <Part refID="107" designID="2429" materials="141">
        <Bone refID="107" transformation="0,-0.72288346290588379,0.69097000360488892,1,0,0,0,0.69097000360488892,0.72288346290588379,2.5279510021209717,10.108192443847656,4.3718371391296387">
        </Bone>
      </Part>
      <Part refID="108" designID="2430" materials="141">
        <Bone refID="108" transformation="0,-0.13409833610057831,0.99096816778182983,1.0000001192092896,0,0,0,0.99096816778182983,0.13409845530986786,2.5279586315155029,9.0670938491821289,5.8329067230224609">
        </Bone>
      </Part>
    </Brick>
    <Brick refID="103" designID="3069">
      <Part refID="109" designID="3069" materials="141,0" decoration="0">
        <Bone refID="109" transformation="0,0.7228817343711853,-0.6909719705581665,1.0000001192092896,0,0,0,-0.6909719705581665,-0.72288161516189575,3.4879562854766846,9.5297231674194336,4.9247698783874512">
        </Bone>
      </Part>
    </Brick>
    <Brick refID="104" designID="3069">
      <Part refID="110" designID="3069" materials="141,0" decoration="0">
        <Bone refID="110" transformation="0,0.13409863412380219,-0.99096822738647461,1.0000001192092896,0,0,0,-0.99096810817718506,-0.13409851491451263,3.4879634380340576,8.9597854614257812,6.6258983612060547">
        </Bone>
      </Part>
    </Brick>
    <Brick refID="105" designID="3024">
      <Part refID="111" designID="3024" materials="141">
        <Bone refID="111" transformation="0,-0.13409833610057831,0.99096816778182983,1.0000001192092896,0,0,0,0.99096816778182983,0.13409845530986786,2.8479583263397217,9.0670938491821289,5.8329067230224609">
        </Bone>
      </Part>
    </Brick>
    <Brick refID="106" designID="61252">
      <Part refID="112" designID="61252" materials="141">
        <Bone refID="112" transformation="0,-0.99096804857254028,-0.13409820199012756,1,0,0,0,-0.13409820199012756,0.99096804857254028,2.8479583263397217,8.9598140716552734,6.6256732940673828">
        </Bone>
      </Part>
    </Brick>
    <Brick refID="107" designID="30375">
      <Part refID="113" designID="30375" materials="141">
        <Bone refID="113" transformation="0,0.99096816778182983,0.13409841060638428,0,-0.13409830629825592,0.99096816778182983,1.0000001192092896,0,0,3.0959517955780029,8.8426265716552734,7.4171080589294434">
        </Bone>
      </Part>
    </Brick>
    <Brick refID="108" designID="53989">
      <Part refID="114" designID="53989" materials="141">
        <Bone refID="114" transformation="0,0.99096798896789551,0.13409829139709473,-0.88866233825683594,-0.061492394655942917,0.45442035794258118,0.45856207609176636,-0.11916808038949966,0.88063603639602661,3.0959517955780029,8.0664901733398437,8.6037454605102539">
        </Bone>
      </Part>
    </Brick>
    <Brick refID="109" designID="4697">
      <Part refID="115" designID="4697" materials="141">
        <Bone refID="115" transformation="0,0.99096876382827759,0.1340937614440918,0.5926937460899353,-0.10800274461507797,0.79815393686294556,0.80542802810668945,0.079476572573184967,-0.5873408317565918,4.1031770706176758,8.5378789901733398,9.2354288101196289">
        </Bone>
      </Part>
    </Brick>
    <Brick refID="110" designID="53989">
      <Part refID="116" designID="53989" materials="141">
        <Bone refID="116" transformation="0,0.99096810817718506,0.13409833610057831,-0.89008051156997681,-0.06112249568104744,0.45168659090995789,0.45580342411994934,-0.11935828626155853,0.88204139471054077,3.0959632396697998,9.2754707336425781,8.7673425674438477">
        </Bone>
      </Part>
    </Brick>
    <Brick refID="111" designID="43093">
      <Part refID="117" designID="43093" materials="141">
        <Bone refID="117" transformation="0,0.19879893958568573,0.98004031181335449,0,0.98004043102264404,-0.19879893958568573,-1,0,0,-2.4316959381103516,10.105205535888672,4.3753228187561035">
        </Bone>
      </Part>
    </Brick>
    <Brick refID="112" designID="30367">
      <Part refID="118" designID="30367" materials="141,0,0,0,0,0" decoration="0,0,0,0,0">
        <Bone refID="118" transformation="0,0.98004037141799927,-0.19879920780658722,-1.0000001192092896,0,0,0,0.19879922270774841,0.98004049062728882,-1.6316958665847778,9.7927093505859375,4.846858024597168">
        </Bone>
      </Part>
    </Brick>
    <Brick refID="113" designID="73983">
      <Part refID="119" designID="2430" materials="141">
        <Bone refID="119" transformation="0,0.98004037141799927,-0.19879910349845886,-1.0000001192092896,0,0,0,0.19879910349845886,0.98004043102264404,-3.2316970825195313,9.3211736679077148,4.5343575477600098">
        </Bone>
      </Part>
      <Part refID="120" designID="2429" materials="141">
        <Bone refID="120" transformation="0,0.58778530359268188,-0.8090171217918396,-1.0000001192092896,0,0,0,0.8090171217918396,0.58778542280197144,-3.2317008972167969,7.9797282218933105,5.7416019439697266">
        </Bone>
      </Part>
    </Brick>
    <Brick refID="114" designID="3023">
      <Part refID="121" designID="3023" materials="141">
        <Bone refID="121" transformation="0,-0.98003953695297241,0.19880279898643494,-1,0,0,0,-0.19880279898643494,-0.98003953695297241,-2.9116933345794678,10.105207443237305,4.3753275871276855">
        </Bone>
      </Part>
    </Brick>
    <Brick refID="115" designID="73983">
      <Part refID="122" designID="2430" materials="141">
