<?xml version="1.0" encoding="UTF-8" standalone="no" ?>
<LXFML versionMajor="5" versionMinor="0">
  <Meta>
    <Application name="LEGO Universe" versionMajor="0" versionMinor="0"/>
    <Brand name="LEGOUniverse"/>
    <BrickSet version="238"/>
  </Meta>
  <Bricks>
    <Brick refID="0" designID="50746">
      <Part refID="0" designID="50746" materials="26">
        <Bone refID="0" transformation="-0.70710712671279907,0,0.70710641145706177,0,0.99999994039535522,0,-0.70710641145706177,0,-0.70710712671279907,-0.80000019073486328,3.2118620872497559,0">
        </Bone>
      </Part>
    </Brick>
    <Brick refID="1" designID="3023">
      <Part refID="1" designID="3023" materials="26">
        <Bone refID="1" transformation="0.70710712671279907,0,-0.70710629224777222,0,0.99999994039535522,0,0.70710629224777222,0,0.70710712671279907,-0.80000019073486328,2.891862154006958,0">
        </Bone>
      </Part>
    </Brick>
    <Brick refID="2" designID="50746">
      <Part refID="2" designID="50746" materials="26">
        <Bone refID="2" transformation="-0.7071070671081543,0,0.70710635185241699,0,0.99999988079071045,0,-0.70710635185241699,0,-0.7071070671081543,-0.23431491851806641,3.2118620872497559,-0.56569033861160278">
        </Bone>
      </Part>
    </Brick>
    <Brick refID="3" designID="3068">
      <Part refID="3" designID="3068" materials="26,0" decoration="0">
        <Bone refID="3" transformation="0.70710718631744385,0,-0.70710653066635132,0.70710647106170654,0,0.7071070671081543,0,-1,0,-0.29088401794433594,2.6399998664855957,0.50911128520965576">
        </Bone>
      </Part>
    </Brick>
    <Brick refID="4" designID="3022">
      <Part refID="4" designID="3022" materials="26">
        <Bone refID="4" transformation="0.70710718631744385,0,-0.70710647106170654,0.70710647106170654,0,0.7071070671081543,0,-1,0,-0.51715850830078125,2.6399998664855957,0.28283822536468506">
        </Bone>
      </Part>
    </Brick>
    <Brick refID="5" designID="4070">
      <Part refID="5" designID="4070" materials="26">
        <Bone refID="5" transformation="-0.70710724592208862,0,0.70710647106170654,0.70710635185241699,0,0.70710712671279907,0,0.99999994039535522,0,-1.1959800720214844,2.6400001049041748,-0.3959844708442688">
        </Bone>
      </Part>
    </Brick>
    <Brick refID="6" designID="87580">
      <Part refID="6" designID="87580" materials="1">
        <Bone refID="6" transformation="-0.99999994039535522,0,0,0,0.99999994039535522,0,0,0,-0.99999994039535522,-0.40000057220458984,1.9200001955032349,-0.4000055193901062">
        </Bone>
      </Part>
    </Brick>
    <Brick refID="7" designID="4070">
      <Part refID="7" designID="4070" materials="26">
        <Bone refID="7" transformation="-0.70710676908493042,0,0.70710676908493042,0.70710676908493042,0,0.70710688829421997,0,1,0,-0.6302947998046875,2.6400003433227539,-0.96166998147964478">
        </Bone>
      </Part>
    </Brick>
    <Brick refID="8" designID="3245">
      <Part refID="8" designID="3245" materials="199">
        <Bone refID="8" transformation="0,0,-0.99999994039535522,0,0.99999988079071045,0,0.99999994039535522,0,0,-1.2000007629394531,0,0.39999434351921082">
        </Bone>
      </Part>
    </Brick>
    <Brick refID="9" designID="4864">
      <Part refID="9" designID="4864" materials="199">
        <Bone refID="9" transformation="-1,0,0,0,1,0,0,0,-1,0.39999961853027344,0,-0.39999932050704956">
        </Bone>
      </Part>
    </Brick>
    <Brick refID="10" designID="3068">
      <Part refID="10" designID="3068" materials="1,0" decoration="0">
        <Bone refID="10" transformation="-1,0,0,0,1,0,0,0,-1,1.2000007629394531,1.9199998378753662,-0.39999979734420776">
        </Bone>
      </Part>
    </Brick>
    <Brick refID="11" designID="4070">
      <Part refID="11" designID="4070" materials="199">
        <Bone refID="11" transformation="1,0,0,0,1,0,0,0,1,1.2000007629394531,0.95999997854232788,0.40000051259994507">
        </Bone>
      </Part>
    </Brick>
    <Brick refID="12" designID="3070">
      <Part refID="12" designID="3070" materials="199">
        <Bone refID="12" transformation="-1,0,0,0,0,1,0,1,0,1.2000007629394531,1.5199999809265137,0.65186113119125366">
        </Bone>
      </Part>
    </Brick>
    <Brick refID="13" designID="3005">
      <Part refID="13" designID="3005" materials="199,0" decoration="0">
        <Bone refID="13" transformation="-1,0,0,0,1,0,0,0,-1,1.2000007629394531,0.96000003814697266,-0.39999884366989136">
        </Bone>
      </Part>
    </Brick>
    <Brick refID="14" designID="4070">
      <Part refID="14" designID="4070" materials="199">
        <Bone refID="14" transformation="1,0,0,0,1,0,0,0,1,1.2000007629394531,0,0.40000051259994507">
        </Bone>
      </Part>
    </Brick>
    <Brick refID="15" designID="3070">
      <Part refID="15" designID="3070" materials="199">
        <Bone refID="15" transformation="-1,0,0,0,0,1.0000001192092896,0,1.0000001192092896,0,1.2000007629394531,0.55999994277954102,0.65186113119125366">
        </Bone>
      </Part>
    </Brick>
    <Brick refID="16" designID="3005">
      <Part refID="16" designID="3005" materials="199,0" decoration="0">
        <Bone refID="16" transformation="-1,0,0,0,1,0,0,0,-1,1.2000007629394531,0,-0.39999884366989136">
        </Bone>
      </Part>
    </Brick>
  </Bricks>
  <RigidSystems>
    <RigidSystem>
      <Rigid refID="0" transformation="-0.70710712671279907,0,0.70710641145706177,0,0.99999994039535522,0,-0.70710641145706177,0,-0.70710712671279907,-12.800000190734863,3.2118620872497559,-0.79999911785125732" boneRefs="0,1,2,3,4,5,6,7,8"/>
      <Rigid refID="1" transformation="-1,0,0,0,1,0,0,0,-1,-11.600000381469727,0,-1.1999993324279785" boneRefs="9"/>
      <Rigid refID="2" transformation="-1,0,0,0,1,0,0,0,-1,-10.799999237060547,1.9199998378753662,-1.1999998092651367" boneRefs="10,11,12,13,14,15,16"/>
      <Joint type="hinge">
        <RigidRef rigidRef="1" a="0,1,0" z="0,0,1" t="0.80000007152557373,1.9199999570846558,0"/>
        <RigidRef rigidRef="0" a="0,1,0" z="-0.70710641145706177,0,0.70710724592208862" t="-0.56568986177444458,-1.2918620109558105,0"/>
      </Joint>
      <Joint type="hinge">
        <RigidRef rigidRef="2" a="0,1,0" z="0,0,1" t="0.80000007152557373,0,0"/>
        <RigidRef rigidRef="1" a="0,1,0" z="0,0,1" t="0,1.9199999570846558,0"/>
      </Joint>
    </RigidSystem>
  </RigidSystems>
  <GroupSystems>
    <GroupSystem>
    </GroupSystem>
  </GroupSystems>
</LXFML>
