<?xml version="1.0" encoding="UTF-8" standalone="no" ?>
<LXFML versionMajor="5" versionMinor="0">
  <Meta>
    <Application name="LEGO Universe" versionMajor="0" versionMinor="0"/>
    <Brand name="LEGOUniverse"/>
    <BrickSet version="238"/>
  </Meta>
  <Bricks>
    <Brick refID="0" designID="4460">
      <Part refID="0" designID="4460" materials="199">
        <Bone refID="0" transformation="0,0,-1,0,0.99999994039535522,0,1,0,0,1.9999930858612061,3.8400008678436279,2.7999999523162842">
        </Bone>
      </Part>
    </Brick>
    <Brick refID="1" designID="4460">
      <Part refID="1" designID="4460" materials="199">
        <Bone refID="1" transformation="0,0,-1,0,0.99999994039535522,0,1,0,0,2.7999923229217529,0.96000051498413086,2.7999999523162842">
        </Bone>
      </Part>
    </Brick>
    <Brick refID="2" designID="4287">
      <Part refID="2" designID="4287" materials="199">
        <Bone refID="2" transformation="0,0,-1,0,0.99999994039535522,0,1,0,0,1.9999949932098389,0,2.7999999523162842">
        </Bone>
      </Part>
    </Brick>
    <Brick refID="3" designID="4460">
      <Part refID="3" designID="4460" materials="199">
        <Bone refID="3" transformation="-1,0,0,0,1,0,0,0,-1,-2.8000080585479736,6.720001220703125,-1.1999962329864502">
        </Bone>
      </Part>
    </Brick>
    <Brick refID="4" designID="3005">
      <Part refID="4" designID="3005" materials="199,0" decoration="0">
        <Bone refID="4" transformation="0,0,1,0,0.99999994039535522,0,-1,0,0,-2.800004243850708,5.7600011825561523,-1.1999907493591309">
        </Bone>
      </Part>
    </Brick>
    <Brick refID="5" designID="3005">
      <Part refID="5" designID="3005" materials="199,0" decoration="0">
        <Bone refID="5" transformation="0,0,1,0,0.99999994039535522,0,-1,0,0,-2.8000080585479736,4.8000011444091797,-1.1999945640563965">
        </Bone>
      </Part>
    </Brick>
    <Brick refID="6" designID="3005">
      <Part refID="6" designID="3005" materials="199,0" decoration="0">
        <Bone refID="6" transformation="0,0,1,0,0.99999994039535522,0,-1,0,0,-2.8000080585479736,3.8400008678436279,-1.1999945640563965">
        </Bone>
      </Part>
    </Brick>
    <Brick refID="7" designID="87544">
      <Part refID="7" designID="87544" materials="199">
        <Bone refID="7" transformation="0,0,1,0,0.99999994039535522,0,-1,0,0,-2.8000080585479736,0.96000081300735474,-1.9999938011169434">
        </Bone>
      </Part>
    </Brick>
    <Brick refID="8" designID="4460">
      <Part refID="8" designID="4460" materials="199">
        <Bone refID="8" transformation="0,0,-1,0,0.99999994039535522,0,1,0,0,1.1999938488006592,6.720001220703125,2.7999961376190186">
        </Bone>
      </Part>
    </Brick>
    <Brick refID="9" designID="3005">
      <Part refID="9" designID="3005" materials="199,0" decoration="0">
        <Bone refID="9" transformation="0,0,1,0,0.99999994039535522,0,-1,0,0,1.199995756149292,5.7600011825561523,2.7999961376190186">
        </Bone>
      </Part>
    </Brick>
    <Brick refID="10" designID="3005">
      <Part refID="10" designID="3005" materials="199,0" decoration="0">
        <Bone refID="10" transformation="0,0,1,0,0.99999994039535522,0,-1,0,0,1.1999900341033936,4.8000006675720215,2.7999999523162842">
        </Bone>
      </Part>
    </Brick>
    <Brick refID="11" designID="3005">
      <Part refID="11" designID="3005" materials="199,0" decoration="0">
        <Bone refID="11" transformation="0,0,1,0,0.99999994039535522,0,-1,0,0,1.1999900341033936,3.8400006294250488,2.7999999523162842">
        </Bone>
      </Part>
    </Brick>
    <Brick refID="12" designID="87544">
      <Part refID="12" designID="87544" materials="199">
        <Bone refID="12" transformation="1,0,0,0,1,0,0,0,1,1.199995756149292,0.96000021696090698,2.7999999523162842">
        </Bone>
      </Part>
    </Brick>
    <Brick refID="13" designID="3070">
      <Part refID="13" designID="3070" materials="191">
        <Bone refID="13" transformation="0,0,1,0,0.99999994039535522,0,-1,0,0,1.9999949932098389,19.200027465820313,2.0000083446502686">
        </Bone>
      </Part>
    </Brick>
    <Brick refID="14" designID="3024">
      <Part refID="14" designID="3024" materials="26">
        <Bone refID="14" transformation="1,0,0,0,1,0,0,0,1,1.9999988079071045,18.880027770996094,2.0000066757202148">
        </Bone>
      </Part>
    </Brick>
    <Brick refID="15" designID="3024">
      <Part refID="15" designID="3024" materials="191">
        <Bone refID="15" transformation="0,0,1,0,0.99999994039535522,0,-1,0,0,1.9999949932098389,18.560028076171875,2.0000066757202148">
        </Bone>
      </Part>
    </Brick>
    <Brick refID="16" designID="3005">
      <Part refID="16" designID="3005" materials="199,0" decoration="0">
        <Bone refID="16" transformation="0,0,1,0,0.99999994039535522,0,-1,0,0,1.9999949932098389,17.600028991699219,2.0000066757202148">
        </Bone>
      </Part>
    </Brick>
    <Brick refID="17" designID="6106">
      <Part refID="17" designID="6106" materials="140">
        <Bone refID="17" transformation="0,0,-1,0,1,0,1,0,0,-2.0000011920928955,17.280029296875,2.0000066757202148">
        </Bone>
      </Part>
    </Brick>
    <Brick refID="18" designID="3070">
      <Part refID="18" designID="3070" materials="191">
        <Bone refID="18" transformation="0.70710670948028564,0,0.7071068286895752,0,1,0,-0.7071068286895752,0,0.70710670948028564,0.39999651908874512,19.200027465820313,-0.39999133348464966">
        </Bone>
      </Part>
    </Brick>
    <Brick refID="19" designID="3024">
      <Part refID="19" designID="3024" materials="26">
        <Bone refID="19" transformation="0.70710688829421997,0,-0.7071068286895752,0,1,0,0.7071068286895752,0,0.70710688829421997,0.40000414848327637,18.880027770996094,-0.39999610185623169">
        </Bone>
      </Part>
    </Brick>
    <Brick refID="20" designID="3024">
      <Part refID="20" designID="3024" materials="191">
        <Bone refID="20" transformation="0.70710670948028564,0,0.7071068286895752,0,1,0,-0.7071068286895752,0,0.70710670948028564,0.40000033378601074,18.560028076171875,-0.39999228715896606">
        </Bone>
      </Part>
    </Brick>
    <Brick refID="21" designID="3005">
      <Part refID="21" designID="3005" materials="199,0" decoration="0">
        <Bone refID="21" transformation="0.70710670948028564,0,0.7071068286895752,0,1,0,-0.7071068286895752,0,0.70710670948028564,0.39999651908874512,17.600028991699219,-0.39999228715896606">
        </Bone>
      </Part>
    </Brick>
    <Brick refID="22" designID="3070">
      <Part refID="22" designID="3070" materials="191">
        <Bone refID="22" transformation="0,0,1,0,0.99999994039535522,0,-1,0,0,-2.000004768371582,19.200027465820313,-1.9999938011169434">
        </Bone>
      </Part>
    </Brick>
    <Brick refID="23" designID="3024">
      <Part refID="23" designID="3024" materials="26">
        <Bone refID="23" transformation="1,0,0,0,1,0,0,0,1,-2.0000009536743164,18.880027770996094,-1.9999923706054687">
        </Bone>
      </Part>
    </Brick>
    <Brick refID="24" designID="3024">
      <Part refID="24" designID="3024" materials="191">
        <Bone refID="24" transformation="0,0,1,0,0.99999994039535522,0,-1,0,0,-2.000004768371582,18.560028076171875,-1.9999923706054687">
        </Bone>
      </Part>
    </Brick>
    <Brick refID="25" designID="3005">
      <Part refID="25" designID="3005" materials="199,0" decoration="0">
        <Bone refID="25" transformation="0,0,1,0,0.99999994039535522,0,-1,0,0,-2.000004768371582,17.600028991699219,-1.9999923706054687">
        </Bone>
      </Part>
    </Brick>
    <Brick refID="26" designID="3021">
      <Part refID="26" designID="3021" materials="191">
        <Bone refID="26" transformation="-1,0,0,0,1,0,0,0,-1,1.9999949932098389,16.960029602050781,2.0000104904174805">
        </Bone>
      </Part>
    </Brick>
    <Brick refID="27" designID="3070">
      <Part refID="27" designID="3070" materials="26">
        <Bone refID="27" transformation="0,0,1,0,0.99999994039535522,0,-1,0,0,1.9999949932098389,17.280029296875,2.8000059127807617">
        </Bone>
      </Part>
    </Brick>
    <Brick refID="28" designID="3070">
      <Part refID="28" designID="3070" materials="191">
        <Bone refID="28" transformation="0,0,1,0,0.99999994039535522,0,-1,0,0,1.199995756149292,17.280029296875,2.8000059127807617">
        </Bone>
      </Part>
    </Brick>
    <Brick refID="29" designID="3070">
      <Part refID="29" designID="3070" materials="26">
        <Bone refID="29" transformation="0,0,1,0,0.99999994039535522,0,-1,0,0,0.39999651908874512,17.280029296875,2.8000059127807617">
        </Bone>
      </Part>
    </Brick>
    <Brick refID="30" designID="3022">
      <Part refID="30" designID="3022" materials="191">
        <Bone refID="30" transformation="0,0,1,0,0.99999994039535522,0,-1,0,0,-1.2000057697296143,16.959999084472656,1.9999990463256836">
        </Bone>
      </Part>
    </Brick>
    <Brick refID="31" designID="3070">
      <Part refID="31" designID="3070" materials="191">
        <Bone refID="31" transformation="0,0,1,0,0.99999994039535522,0,-1,0,0,-0.40000653266906738,17.279998779296875,2.7999982833862305">
        </Bone>
      </Part>
    </Brick>
    <Brick refID="32" designID="3070">
      <Part refID="32" designID="3070" materials="26">
        <Bone refID="32" transformation="0,0,1,0,0.99999994039535522,0,-1,0,0,-1.2000057697296143,17.279998779296875,2.7999982833862305">
        </Bone>
      </Part>
    </Brick>
    <Brick refID="33" designID="3021">
      <Part refID="33" designID="3021" materials="191">
        <Bone refID="33" transformation="0,0,-1,0,0.99999994039535522,0,1,0,0,-2.000004768371582,16.959999084472656,-0.40000253915786743">
        </Bone>
      </Part>
    </Brick>
    <Brick refID="34" designID="3070">
      <Part refID="34" designID="3070" materials="26">
        <Bone refID="34" transformation="0,0,1,0,0.99999994039535522,0,-1,0,0,-2.8000078201293945,17.279998779296875,-2.0000052452087402">
        </Bone>
      </Part>
    </Brick>
    <Brick refID="35" designID="3070">
      <Part refID="35" designID="3070" materials="191">
        <Bone refID="35" transformation="0,0,1,0,0.99999994039535522,0,-1,0,0,-2.8000078201293945,17.279998779296875,-1.2000017166137695">
        </Bone>
      </Part>
    </Brick>
    <Brick refID="36" designID="3070">
      <Part refID="36" designID="3070" materials="26">
        <Bone refID="36" transformation="0,0,1,0,0.99999994039535522,0,-1,0,0,-2.8000078201293945,17.279998779296875,-0.40000265836715698">
        </Bone>
      </Part>
    </Brick>
    <Brick refID="37" designID="3022">
      <Part refID="37" designID="3022" materials="191">
        <Bone refID="37" transformation="0,0,1,0,0.99999994039535522,0,-1,0,0,-2.800004243850708,16.960029602050781,0.40000435709953308">
        </Bone>
      </Part>
    </Brick>
    <Brick refID="38" designID="3070">
      <Part refID="38" designID="3070" materials="191">
        <Bone refID="38" transformation="0,0,1,0,0.99999994039535522,0,-1,0,0,-2.800004243850708,17.280029296875,0.40000435709953308">
        </Bone>
      </Part>
    </Brick>
    <Brick refID="39" designID="3070">
      <Part refID="39" designID="3070" materials="26">
        <Bone refID="39" transformation="0,0,1,0,0.99999994039535522,0,-1,0,0,-2.800004243850708,17.280029296875,1.200007438659668">
        </Bone>
      </Part>
    </Brick>
    <Brick refID="40" designID="2453">
      <Part refID="40" designID="2453" materials="199">
        <Bone refID="40" transformation="0,0,1,0,0.99999994039535522,0,-1,0,0,1.9999949932098389,12.160031318664551,2.0000104904174805">
        </Bone>
      </Part>
    </Brick>
    <Brick refID="41" designID="2453">
      <Part refID="41" designID="2453" materials="199">
        <Bone refID="41" transformation="0,0,1,0,0.99999994039535522,0,-1,0,0,-2.000004768371582,12.160031318664551,-1.9999938011169434">
        </Bone>
      </Part>
    </Brick>
    <Brick refID="42" designID="3024">
      <Part refID="42" designID="3024" materials="191">
        <Bone refID="42" transformation="0,0,1,0,0.99999994039535522,0,-1,0,0,1.9999949932098389,11.840031623840332,2.0000104904174805">
        </Bone>
      </Part>
    </Brick>
    <Brick refID="43" designID="3024">
      <Part refID="43" designID="3024" materials="26">
        <Bone refID="43" transformation="1,0,0,0,1,0,0,0,1,1.9999988079071045,11.520030975341797,2.0000104904174805">
        </Bone>
      </Part>
    </Brick>
    <Brick refID="44" designID="3024">
      <Part refID="44" designID="3024" materials="191">
        <Bone refID="44" transformation="0,0,1,0,0.99999994039535522,0,-1,0,0,-2.000004768371582,11.840030670166016,-1.9999938011169434">
        </Bone>
      </Part>
    </Brick>
    <Brick refID="45" designID="3024">
      <Part refID="45" designID="3024" materials="191">
        <Bone refID="45" transformation="0,0,1,0,0.99999994039535522,0,-1,0,0,1.9999949932098389,11.200031280517578,2.0000066757202148">
        </Bone>
      </Part>
    </Brick>
    <Brick refID="46" designID="3024">
      <Part refID="46" designID="3024" materials="26">
        <Bone refID="46" transformation="0,0,1,0,0.99999994039535522,0,-1,0,0,-2.000004768371582,11.520030975341797,-1.9999938011169434">
        </Bone>
      </Part>
    </Brick>
    <Brick refID="47" designID="3024">
      <Part refID="47" designID="3024" materials="191">
        <Bone refID="47" transformation="0,0,1,0,0.99999994039535522,0,-1,0,0,-2.000004768371582,11.200031280517578,-1.9999938011169434">
        </Bone>
      </Part>
    </Brick>
    <Brick refID="48" designID="3005">
      <Part refID="48" designID="3005" materials="199,0" decoration="0">
        <Bone refID="48" transformation="0,0,1,0,0.99999994039535522,0,-1,0,0,1.9999949932098389,10.240031242370605,2.0000066757202148">
        </Bone>
      </Part>
    </Brick>
    <Brick refID="49" designID="3005">
      <Part refID="49" designID="3005" materials="199,0" decoration="0">
        <Bone refID="49" transformation="0,0,1,0,0.99999994039535522,0,-1,0,0,-2.000004768371582,10.240031242370605,-1.9999938011169434">
        </Bone>
      </Part>
    </Brick>
    <Brick refID="50" designID="6106">
      <Part refID="50" designID="6106" materials="140">
        <Bone refID="50" transformation="0,0,-1,0,1,0,1,0,0,-2.0000050067901611,9.9200315475463867,2.0000066757202148">
        </Bone>
      </Part>
    </Brick>
    <Brick refID="51" designID="63864">
      <Part refID="51" designID="63864" materials="191">
        <Bone refID="51" transformation="-0.70710712671279907,0,0.70710641145706177,0,0.99999994039535522,0,-0.70710641145706177,0,-0.70710712671279907,0.39999651908874512,16.960029602050781,-0.39999133348464966">
        </Bone>
      </Part>
    </Brick>
    <Brick refID="52" designID="2453">
      <Part refID="52" designID="2453" materials="199">
        <Bone refID="52" transformation="-0.7071070671081543,0,0.70710635185241699,0,0.99999988079071045,0,-0.70710635185241699,0,-0.7071070671081543,0.39999628067016602,12.160031318664551,-0.39999037981033325">
        </Bone>
      </Part>
    </Brick>
    <Brick refID="53" designID="3024">
      <Part refID="53" designID="3024" materials="191">
        <Bone refID="53" transformation="0.70710653066635132,0,0.7071070671081543,0,0.99999994039535522,0,-0.7071070671081543,0,0.70710653066635132,0.39999628067016602,11.840031623840332,-0.39999037981033325">
        </Bone>
      </Part>
    </Brick>
    <Brick refID="54" designID="3024">
      <Part refID="54" designID="3024" materials="26">
        <Bone refID="54" transformation="0.70710641145706177,0,0.70710700750350952,0,0.99999994039535522,0,-0.70710700750350952,0,0.70710641145706177,0.39999246597290039,11.520030975341797,-0.39999419450759888">
        </Bone>
      </Part>
    </Brick>
    <Brick refID="55" designID="3024">
      <Part refID="55" designID="3024" materials="191">
        <Bone refID="55" transformation="-0.70710688829421997,0,0.70710653066635132,0,0.99999994039535522,0,-0.70710653066635132,0,-0.70710688829421997,0.39999246597290039,11.200031280517578,-0.39999419450759888">
        </Bone>
      </Part>
    </Brick>
    <Brick refID="56" designID="3005">
      <Part refID="56" designID="3005" materials="199,0" decoration="0">
        <Bone refID="56" transformation="0.70710653066635132,0,0.7071070671081543,0,0.99999994039535522,0,-0.7071070671081543,0,0.70710653066635132,0.39999628067016602,10.240032196044922,-0.39999037981033325">
        </Bone>
      </Part>
    </Brick>
    <Brick refID="57" designID="3024">
      <Part refID="57" designID="3024" materials="191">
        <Bone refID="57" transformation="0,0,1,0,0.99999994039535522,0,-1,0,0,1.199995756149292,9.600031852722168,1.200007438659668">
        </Bone>
      </Part>
    </Brick>
    <Brick refID="58" designID="3024">
      <Part refID="58" designID="3024" materials="191">
        <Bone refID="58" transformation="0,0,1,0,0.99999994039535522,0,-1,0,0,-1.2000056505203247,9.600031852722168,-1.1999940872192383">
        </Bone>
      </Part>
    </Brick>
    <Brick refID="59" designID="3024">
      <Part refID="59" designID="3024" materials="21">
        <Bone refID="59" transformation="0,0,1,0,0.99999994039535522,0,-1,0,0,-2.0000088214874268,9.600001335144043,2.0000028610229492">
        </Bone>
      </Part>
    </Brick>
    <Brick refID="60" designID="30145">
      <Part refID="60" designID="30145" materials="140">
        <Bone refID="60" transformation="0,0,1,0,0.99999994039535522,0,-1,0,0,-2.8000080585479736,6.720001220703125,2.0000028610229492">
        </Bone>
      </Part>
    </Brick>
    <Brick refID="61" designID="3070">
      <Part refID="61" designID="3070" materials="26">
        <Bone refID="61" transformation="0,0,1,0,0.99999994039535522,0,-1,0,0,-2.8000080585479736,17.279998779296875,2.8000020980834961">
        </Bone>
      </Part>
    </Brick>
    <Brick refID="62" designID="3022">
      <Part refID="62" designID="3022" materials="191">
        <Bone refID="62" transformation="0,0,1,0,0.99999994039535522,0,-1,0,0,-2.8000080585479736,16.959999084472656,2.0000011920928955">
        </Bone>
      </Part>
    </Brick>
    <Brick refID="63" designID="3070">
      <Part refID="63" designID="3070" materials="191">
        <Bone refID="63" transformation="0,0,1,0,0.99999994039535522,0,-1,0,0,-2.0000088214874268,17.279998779296875,2.8000004291534424">
        </Bone>
      </Part>
    </Brick>
    <Brick refID="64" designID="3070">
      <Part refID="64" designID="3070" materials="191">
        <Bone refID="64" transformation="0,0,1,0,0.99999994039535522,0,-1,0,0,-2.8000080585479736,17.279998779296875,2.0000011920928955">
        </Bone>
      </Part>
    </Brick>
    <Brick refID="65" designID="2453">
      <Part refID="65" designID="2453" materials="199">
        <Bone refID="65" transformation="0,0,1,0,0.99999994039535522,0,-1,0,0,-2.8000080585479736,12.159999847412109,2.8000004291534424">
        </Bone>
      </Part>
    </Brick>
    <Brick refID="66" designID="3024">
      <Part refID="66" designID="3024" materials="191">
        <Bone refID="66" transformation="0,0,1,0,0.99999994039535522,0,-1,0,0,-2.8000080585479736,11.840000152587891,2.8000004291534424">
        </Bone>
      </Part>
    </Brick>
    <Brick refID="67" designID="3024">
      <Part refID="67" designID="3024" materials="26">
        <Bone refID="67" transformation="0,0,1,0,0.99999994039535522,0,-1,0,0,-2.8000080585479736,11.520000457763672,2.8000004291534424">
        </Bone>
      </Part>
    </Brick>
    <Brick refID="68" designID="3024">
      <Part refID="68" designID="3024" materials="191">
        <Bone refID="68" transformation="0,0,1,0,0.99999994039535522,0,-1,0,0,-2.8000080585479736,11.20000171661377,2.8000004291534424">
        </Bone>
      </Part>
    </Brick>
    <Brick refID="69" designID="3005">
      <Part refID="69" designID="3005" materials="199,0" decoration="0">
        <Bone refID="69" transformation="0,0,1,0,0.99999994039535522,0,-1,0,0,-2.8000080585479736,10.240001678466797,2.8000004291534424">
        </Bone>
      </Part>
    </Brick>
    <Brick refID="70" designID="3024">
      <Part refID="70" designID="3024" materials="140">
        <Bone refID="70" transformation="0,0,1,0,0.99999994039535522,0,-1,0,0,-2.8000080585479736,9.9200010299682617,2.8000004291534424">
        </Bone>
      </Part>
    </Brick>
    <Brick refID="71" designID="3024">
      <Part refID="71" designID="3024" materials="191">
        <Bone refID="71" transformation="0,0,1,0,0.99999994039535522,0,-1,0,0,-2.8000080585479736,9.600001335144043,2.8000004291534424">
        </Bone>
      </Part>
    </Brick>
    <Brick refID="72" designID="30145">
      <Part refID="72" designID="30145" materials="140">
        <Bone refID="72" transformation="0,0,1,0,0.99999994039535522,0,-1,0,0,-2.8000080585479736,3.8399999141693115,2.0000028610229492">
        </Bone>
      </Part>
    </Brick>
    <Brick refID="73" designID="3003">
      <Part refID="73" designID="3003" materials="140,0,0" decoration="0,0">
        <Bone refID="73" transformation="-1,0,0,0,1,0,0,0,-1,-2.0000088214874268,2.8799989223480225,2.0000028610229492">
        </Bone>
      </Part>
    </Brick>
    <Brick refID="74" designID="3003">
      <Part refID="74" designID="3003" materials="140,0,0" decoration="0,0">
        <Bone refID="74" transformation="-1,0,0,0,1,0,0,0,-1,-2.0000088214874268,1.9199999570846558,2.0000028610229492">
        </Bone>
      </Part>
    </Brick>
    <Brick refID="75" designID="3005">
      <Part refID="75" designID="3005" materials="140,0" decoration="0">
        <Bone refID="75" transformation="0,0,1,0,0.99999994039535522,0,-1,0,0,-2.0000088214874268,0.95999521017074585,1.999995231628418">
        </Bone>
      </Part>
    </Brick>
    <Brick refID="76" designID="3005">
      <Part refID="76" designID="3005" materials="140,0" decoration="0">
        <Bone refID="76" transformation="0,0,1,0,0.99999994039535522,0,-1,0,0,-2.8000080585479736,0.95999521017074585,2.7999944686889648">
        </Bone>
      </Part>
    </Brick>
    <Brick refID="77" designID="3676">
      <Part refID="77" designID="3676" materials="140">
        <Bone refID="77" transformation="1,0,0,0,1,0,0,0,1,-2.0000050067901611,0,1.999995231628418">
        </Bone>
      </Part>
    </Brick>
    <Brick refID="78" designID="3023">
      <Part refID="78" designID="3023" materials="191">
        <Bone refID="78" transformation="0,0,1,0,0.99999994039535522,0,-1,0,0,0.39999651908874512,9.600031852722168,2.0000028610229492">
        </Bone>
      </Part>
    </Brick>
    <Brick refID="79" designID="3005">
      <Part refID="79" designID="3005" materials="199,0" decoration="0">
        <Bone refID="79" transformation="0,0,1,0,0.99999994039535522,0,-1,0,0,0.39999651908874512,8.6400012969970703,2.7999849319458008">
        </Bone>
      </Part>
    </Brick>
    <Brick refID="80" designID="3005">
      <Part refID="80" designID="3005" materials="199,0" decoration="0">
        <Bone refID="80" transformation="0,0,1,0,0.99999994039535522,0,-1,0,0,0.39999651908874512,7.6800012588500977,2.7999849319458008">
        </Bone>
      </Part>
    </Brick>
    <Brick refID="81" designID="3005">
      <Part refID="81" designID="3005" materials="199,0" decoration="0">
        <Bone refID="81" transformation="0,0,1,0,0.99999994039535522,0,-1,0,0,0.39999651908874512,6.720001220703125,2.7999849319458008">
        </Bone>
      </Part>
    </Brick>
    <Brick refID="82" designID="3755">
      <Part refID="82" designID="3755" materials="199">
        <Bone refID="82" transformation="-1,0,0,0,1,0,0,0,-1,0.39999651908874512,1.9200003147125244,2.7999849319458008">
        </Bone>
      </Part>
    </Brick>
    <Brick refID="83" designID="4460">
      <Part refID="83" designID="4460" materials="199">
        <Bone refID="83" transformation="0,0,1,0,0.99999994039535522,0,-1,0,0,-0.40000271797180176,6.720001220703125,2.7999849319458008">
        </Bone>
      </Part>
    </Brick>
    <Brick refID="84" designID="3010">
      <Part refID="84" designID="3010" materials="199">
        <Bone refID="84" transformation="-1,0,0,0,1,0,0,0,-1,0.39999270439147949,0.96000039577484131,2.7999887466430664">
        </Bone>
      </Part>
    </Brick>
    <Brick refID="85" designID="3066">
      <Part refID="85" designID="3066" materials="199">
        <Bone refID="85" transformation="-1,0,0,0,1,0,0,0,-1,1.1999919414520264,0,2.7999887466430664">
        </Bone>
      </Part>
    </Brick>
    <Brick refID="86" designID="2420">
      <Part refID="86" designID="2420" materials="191">
        <Bone refID="86" transformation="-1,0,0,0,1,0,0,0,-1,1.9999949932098389,9.600031852722168,2.8000059127807617">
        </Bone>
      </Part>
    </Brick>
    <Brick refID="87" designID="6636">
      <Part refID="87" designID="6636" materials="140,0" decoration="0">
        <Bone refID="87" transformation="-1,0,0,0,1,0,0,0,-1,1.9999949932098389,9.9200315475463867,2.800004243850708">
        </Bone>
      </Part>
    </Brick>
    <Brick refID="88" designID="3623">
      <Part refID="88" designID="3623" materials="191">
        <Bone refID="88" transformation="-1,0,0,0,1,0,0,0,-1,-0.40000677108764648,9.600001335144043,2.7999966144561768">
        </Bone>
      </Part>
    </Brick>
    <Brick refID="89" designID="3023">
      <Part refID="89" designID="3023" materials="191">
        <Bone refID="89" transformation="-1,0,0,0,1,0,0,0,-1,-2.0000085830688477,9.600001335144043,-0.40000253915786743">
        </Bone>
      </Part>
    </Brick>
    <Brick refID="90" designID="3005">
      <Part refID="90" designID="3005" materials="199,0" decoration="0">
        <Bone refID="90" transformation="0,0,1,0,0.99999994039535522,0,-1,0,0,-2.8000078201293945,8.6400012969970703,-0.39999693632125854">
        </Bone>
      </Part>
    </Brick>
    <Brick refID="91" designID="3005">
      <Part refID="91" designID="3005" materials="199,0" decoration="0">
        <Bone refID="91" transformation="0,0,1,0,0.99999994039535522,0,-1,0,0,-2.8000078201293945,7.6800012588500977,-0.39999693632125854">
        </Bone>
      </Part>
    </Brick>
    <Brick refID="92" designID="3005">
      <Part refID="92" designID="3005" materials="199,0" decoration="0">
        <Bone refID="92" transformation="0,0,1,0,0.99999994039535522,0,-1,0,0,-2.8000078201293945,6.720001220703125,-0.39999693632125854">
        </Bone>
      </Part>
    </Brick>
    <Brick refID="93" designID="3755">
      <Part refID="93" designID="3755" materials="199">
        <Bone refID="93" transformation="0,0,1,0,0.99999994039535522,0,-1,0,0,-2.8000078201293945,1.9200007915496826,-0.39999693632125854">
        </Bone>
      </Part>
    </Brick>
    <Brick refID="94" designID="4460">
      <Part refID="94" designID="4460" materials="199">
        <Bone refID="94" transformation="1,0,0,0,1,0,0,0,1,-2.8000040054321289,6.720001220703125,0.40000224113464355">
        </Bone>
      </Part>
    </Brick>
    <Brick refID="95" designID="3010">
      <Part refID="95" designID="3010" materials="199">
        <Bone refID="95" transformation="0,0,1,0,0.99999994039535522,0,-1,0,0,-2.8000078201293945,0.96000081300735474,-0.39999693632125854">
        </Bone>
      </Part>
    </Brick>
    <Brick refID="96" designID="3066">
      <Part refID="96" designID="3066" materials="199">
        <Bone refID="96" transformation="0,0,1,0,0.99999994039535522,0,-1,0,0,-2.8000080585479736,0,-1.2000002861022949">
        </Bone>
      </Part>
    </Brick>
    <Brick refID="97" designID="6636">
      <Part refID="97" designID="6636" materials="140,0" decoration="0">
        <Bone refID="97" transformation="0,0,-1,0,0.99999994039535522,0,1,0,0,-2.800004243850708,9.9200010299682617,1.9999990463256836">
        </Bone>
      </Part>
    </Brick>
    <Brick refID="98" designID="2420">
      <Part refID="98" designID="2420" materials="191">
        <Bone refID="98" transformation="-1,0,0,0,1,0,0,0,-1,-2.0000050067901611,9.600031852722168,-1.199995756149292">
        </Bone>
      </Part>
    </Brick>
    <Brick refID="99" designID="3623">
      <Part refID="99" designID="3623" materials="191">
        <Bone refID="99" transformation="0,0,1,0,0.99999994039535522,0,-1,0,0,-2.8000080585479736,9.600001335144043,0.39999884366989136">
        </Bone>
      </Part>
    </Brick>
    <Brick refID="100" designID="4460">
      <Part refID="100" designID="4460" materials="199">
        <Bone refID="100" transformation="-1,0,0,0,1,0,0,0,-1,-2.8000080585479736,3.8400008678436279,-1.9999954700469971">
        </Bone>
      </Part>
    </Brick>
    <Brick refID="101" designID="4460">
      <Part refID="101" designID="4460" materials="199">
        <Bone refID="101" transformation="-1,0,0,0,1,0,0,0,-1,-2.8000080585479736,0.96000081300735474,-2.7999930381774902">
        </Bone>
      </Part>
    </Brick>
    <Brick refID="102" designID="4287">
      <Part refID="102" designID="4287" materials="199">
        <Bone refID="102" transformation="-1,0,0,0,1,0,0,0,-1,-2.8000080585479736,0,-1.9999923706054687">
        </Bone>
      </Part>
    </Brick>
    <Brick refID="103" designID="3068">
      <Part refID="103" designID="3068" materials="191,0" decoration="0">
        <Bone refID="103" transformation="0.70710653066635132,0,0.7071070671081543,0,1,0,-0.7071070671081543,0,0.70710653066635132,-1.4142124652862549,9.600031852722168,0.84853440523147583">
        </Bone>
      </Part>
    </Brick>
    <Brick refID="104" designID="3003">
      <Part refID="104" designID="3003" materials="199,0,0" decoration="0,0">
        <Bone refID="104" transformation="-0.70710712671279907,0,0.70710641145706177,0,0.99999994039535522,0,-0.70710641145706177,0,-0.70710712671279907,-0.8485262393951416,8.6400318145751953,0.28285384178161621">
        </Bone>
      </Part>
    </Brick>
    <Brick refID="105" designID="3003">
      <Part refID="105" designID="3003" materials="199,0,0" decoration="0,0">
        <Bone refID="105" transformation="-0.70710712671279907,0,0.70710641145706177,0,0.99999994039535522,0,-0.70710641145706177,0,-0.70710712671279907,-0.8485262393951416,7.6800317764282227,0.28285384178161621">
        </Bone>
      </Part>
    </Brick>
    <Brick refID="106" designID="3003">
      <Part refID="106" designID="3003" materials="199,0,0" decoration="0,0">
        <Bone refID="106" transformation="-0.70710712671279907,0,0.70710641145706177,0,0.99999994039535522,0,-0.70710641145706177,0,-0.70710712671279907,-0.8485262393951416,6.72003173828125,0.28285384178161621">
        </Bone>
      </Part>
    </Brick>
    <Brick refID="107" designID="3794">
      <Part refID="107" designID="3794" materials="191">
        <Bone refID="107" transformation="0.70710664987564087,0,0.70710700750350952,0,1,0,-0.70710700750350952,0,0.70710664987564087,-0.28284478187561035,9.600031852722168,-0.28283160924911499">
        </Bone>
      </Part>
    </Brick>
    <Brick refID="108" designID="30499">
      <Part refID="108" designID="30499" materials="199">
        <Bone refID="108" transformation="-0.70710664987564087,0,-0.70710700750350952,0,1,0,0.70710700750350952,0,-0.70710664987564087,0.28283977508544922,6.72003173828125,0.28284907341003418">
        </Bone>
      </Part>
    </Brick>
    <Brick refID="109" designID="3002">
      <Part refID="109" designID="3002" materials="199">
        <Bone refID="109" transformation="-0.70710718631744385,0,0.70710641145706177,0,0.99999994039535522,0,-0.70710641145706177,0,-0.70710718631744385,-0.28284192085266113,5.7600317001342773,-0.28283244371414185">
        </Bone>
      </Part>
    </Brick>
    <Brick refID="110" designID="30499">
      <Part refID="110" designID="30499" materials="199">
        <Bone refID="110" transformation="-0.70710664987564087,0,-0.70710700750350952,0,1,0,0.70710700750350952,0,-0.70710664987564087,0.8485257625579834,3.8400313854217529,-0.28283149003982544">
        </Bone>
      </Part>
    </Brick>
    <Brick refID="111" designID="3002">
      <Part refID="111" designID="3002" materials="199">
        <Bone refID="111" transformation="-0.70710712671279907,0,0.70710641145706177,0,0.99999994039535522,0,-0.70710641145706177,0,-0.70710712671279907,-0.28284096717834473,4.8000316619873047,-0.28283149003982544">
        </Bone>
      </Part>
    </Brick>
    <Brick refID="112" designID="3002">
      <Part refID="112" designID="3002" materials="199">
        <Bone refID="112" transformation="-0.70710700750350952,0,0.70710664987564087,0,1,0,-0.70710664987564087,0,-0.70710700750350952,-0.28284096717834473,3.8400313854217529,-0.28283149003982544">
        </Bone>
      </Part>
    </Brick>
    <Brick refID="113" designID="3003">
      <Part refID="113" designID="3003" materials="199,0,0" decoration="0,0">
        <Bone refID="113" transformation="-0.70710700750350952,0,0.70710664987564087,0,1,0,-0.70710664987564087,0,-0.70710700750350952,-0.84853005409240723,2.8800313472747803,0.28285384178161621">
        </Bone>
      </Part>
    </Brick>
    <Brick refID="114" designID="30499">
      <Part refID="114" designID="30499" materials="199">
        <Bone refID="114" transformation="-0.70710664987564087,0,-0.70710700750350952,0,1,0,0.70710700750350952,0,-0.70710664987564087,1.4142110347747803,0.96003133058547974,-0.84852439165115356">
        </Bone>
      </Part>
    </Brick>
    <Brick refID="115" designID="3003">
      <Part refID="115" designID="3003" materials="199,0,0" decoration="0,0">
        <Bone refID="115" transformation="-0.70710700750350952,0,0.70710664987564087,0,1,0,-0.70710664987564087,0,-0.70710700750350952,-0.84853005409240723,1.9200313091278076,0.28285384178161621">
        </Bone>
      </Part>
    </Brick>
    <Brick refID="116" designID="3003">
      <Part refID="116" designID="3003" materials="199,0,0" decoration="0,0">
        <Bone refID="116" transformation="-0.70710700750350952,0,0.70710664987564087,0,1,0,-0.70710664987564087,0,-0.70710700750350952,-0.84853005409240723,0.96003133058547974,0.28285384178161621">
        </Bone>
      </Part>
    </Brick>
    <Brick refID="117" designID="3747">
      <Part refID="117" designID="3747" materials="199">
        <Bone refID="117" transformation="-0.70710664987564087,0,-0.70710700750350952,0,1,0,0.70710700750350952,0,-0.70710664987564087,0.8485257625579834,3.1280516850529239E-005,-0.28283923864364624">
        </Bone>
      </Part>
    </Brick>
    <Brick refID="118" designID="3002">
      <Part refID="118" designID="3002" materials="199">
        <Bone refID="118" transformation="-0.70710700750350952,0,0.70710664987564087,0,1,0,-0.70710664987564087,0,-0.70710700750350952,-0.28284478187561035,3.1280516850529239E-005,-0.28283160924911499">
        </Bone>
      </Part>
    </Brick>
    <Brick refID="119" designID="87544">
      <Part refID="119" designID="87544" materials="199">
        <Bone refID="119" transformation="-0.70710700750350952,0,0.70710664987564087,0,1,0,-0.70710664987564087,0,-0.70710700750350952,0.8485257625579834,0.96003133058547974,-0.28283923864364624">
        </Bone>
      </Part>
    </Brick>
    <Brick refID="120" designID="87544">
      <Part refID="120" designID="87544" materials="199">
        <Bone refID="120" transformation="0.70710694789886475,0,-0.70710664987564087,0,1,0,0.70710664987564087,0,0.70710694789886475,-0.28284096717834473,0.96003133058547974,-0.28282779455184937">
        </Bone>
      </Part>
    </Brick>
  </Bricks>
  <RigidSystems>
    <RigidSystem>
      <Rigid refID="0" transformation="0,0,-1,0,0.99999994039535522,0,1,0,0,5.1999931335449219,3.8400001525878906,2" boneRefs="0,1,2"/>
      <Rigid refID="1" transformation="-1,0,0,0,1,0,0,0,-1,0.39999198913574219,6.7200002670288086,-1.9999961853027344" boneRefs="3,4,5,6,7"/>
      <Rigid refID="2" transformation="0,0,-1,0,0.99999994039535522,0,1,0,0,4.399993896484375,6.7200002670288086,1.9999961853027344" boneRefs="8,9,10,11,12"/>
      <Rigid refID="3" transformation="0,0,1,0,0.99999994039535522,0,-1,0,0,5.1999950408935547,19.200027465820313,1.2000083923339844" boneRefs="13,14,15,16,17,18,19,20,21,22,23,24,25,26,27,28,29,30,31,32,33,34,35,36,37,38,39,40,41,42,43,44,45,46,47,48,49,50,51,52,53,54,55,56,57,58,59,60,61,62,63,64,65,66,67,68,69,70,71,72,73,74,75,76,77,78,79,80,81,82,83,84,85,86,87,88,89,90,91,92,93,94,95,96,97,98,99"/>
      <Rigid refID="4" transformation="-1,0,0,0,1,0,0,0,-1,0.39999198913574219,3.8400001525878906,-2.7999954223632813" boneRefs="100,101,102"/>
      <Rigid refID="5" transformation="0.70710653066635132,0,0.7071070671081543,0,1,0,-0.7071070671081543,0,0.70710653066635132,1.7857875823974609,9.6000308990478516,0.048534393310546875" boneRefs="103,104,105,106,107,108,109,110,111,112,113,114,115,116,117,118,119,120"/>
      <Joint type="hinge">
        <RigidRef rigidRef="2" a="0,1,0" z="0,0,1" t="0,0,0.80000007152557373"/>
        <RigidRef rigidRef="0" a="0,1,0" z="0,0,1" t="0,2.880000114440918,0"/>
      </Joint>
      <Joint type="hinge">
        <RigidRef rigidRef="4" a="0,1,0" z="0,0,1" t="0,0,0"/>
        <RigidRef rigidRef="1" a="0,1,0" z="1,0,0" t="0,-2.8800003528594971,0.79999750852584839"/>
      </Joint>
      <Joint type="hinge">
        <RigidRef rigidRef="1" a="0,1,0" z="0,0,1" t="0,2.880000114440918,0"/>
        <RigidRef rigidRef="3" a="0,1,0" z="-1,0,0" t="-3.2000041007995605,-9.5999975204467773,4.8000001907348633"/>
      </Joint>
      <Joint type="hinge">
        <RigidRef rigidRef="2" a="0,1,0" z="0,0,1" t="0,2.880000114440918,0"/>
        <RigidRef rigidRef="3" a="0,1,0" z="-1,0,0" t="0.79999768733978271,-9.5999975204467773,0.80000001192092896"/>
      </Joint>
      <Joint type="hinge">
        <RigidRef rigidRef="5" a="0,1,0" z="0,0,1" t="0.40000066161155701,0.31999999284744263,-1.5999943017959595"/>
        <RigidRef rigidRef="3" a="0,1,0" z="1,0,0" t="-2.0000014305114746,-9.2799978256225586,1.9999998807907104"/>
      </Joint>
    </RigidSystem>
  </RigidSystems>
  <GroupSystems>
    <GroupSystem>
    </GroupSystem>
  </GroupSystems>
</LXFML>
