<?xml version="1.0" encoding="UTF-8" standalone="no" ?>
<LXFML versionMajor="5" versionMinor="0">
  <Meta>
    <Application name="CCOP" versionMajor="0" versionMinor="0"/>
    <Brand name="LEGOUniverse"/>
    <BrickSet version="215"/>
  </Meta>
  <Bricks>
    <Brick refID="0" designID="3022">
      <Part refID="0" designID="3022" materials="21">
        <Bone refID="0" transformation="-0.0010412649717181921,0.0024737713392823935,0.99999642372131348,0.011626971885561943,0.99992948770523071,-0.0024614976719021797,-0.99993187189102173,0.011624366044998169,-0.0010699538979679346,-0.21403679251670837,0.014938749372959137,-0.32171562314033508">
        </Bone>
      </Part>
    </Brick>
    <Brick refID="1" designID="3023">
      <Part refID="1" designID="3023" materials="21">
        <Bone refID="1" transformation="-0.0010412649717181921,0.0024737713392823935,0.99999642372131348,0.011626971885561943,0.99992948770523071,-0.0024614976719021797,-0.99993187189102173,0.011624366044998169,-0.0010699538979679346,0.58962875604629517,0.32561671733856201,-0.32164677977561951">
        </Bone>
      </Part>
    </Brick>
    <Brick refID="2" designID="3660">
      <Part refID="2" designID="3660" materials="199">
        <Bone refID="2" transformation="-0.0010412649717181921,0.0024737713392823935,0.99999642372131348,0.011626971885561943,0.99992948770523071,-0.0024614976719021797,-0.99993187189102173,0.011624366044998169,-0.0010699538979679346,0.59334945678710938,0.64559417963027954,-0.32243445515632629">
        </Bone>
      </Part>
    </Brick>
    <Brick refID="3" designID="3069">
      <Part refID="3" designID="3069" materials="1,0" decoration="55160">
        <Bone refID="3" transformation="-0.0010412649717181921,0.0024737713392823935,0.99999642372131348,0.011626971885561943,0.99992948770523071,-0.0024614976719021797,-0.99993187189102173,0.011624366044998169,-0.0010699538979679346,-0.19543364644050598,1.614825963973999,-0.325653076171875">
        </Bone>
      </Part>
    </Brick>
    <Brick refID="4" designID="3023">
      <Part refID="4" designID="3023" materials="199">
        <Bone refID="4" transformation="-0.0010412649717181921,0.0024737713392823935,0.99999642372131348,0.011626971885561943,0.99992948770523071,-0.0024614976719021797,-0.99993187189102173,0.011624366044998169,-0.0010699538979679346,0.6045113205909729,1.6055266857147217,-0.32479751110076904">
        </Bone>
      </Part>
    </Brick>
    <Brick refID="5" designID="3023">
      <Part refID="5" designID="3023" materials="21">
        <Bone refID="5" transformation="-0.0010412649717181921,0.0024737713392823935,0.99999642372131348,0.011626971885561943,0.99992948770523071,-0.0024614976719021797,-0.99993187189102173,0.011624366044998169,-0.0010699538979679346,0.60823196172714233,1.9255039691925049,-0.32558518648147583">
        </Bone>
      </Part>
    </Brick>
    <Brick refID="6" designID="3004">
      <Part refID="6" designID="3004" materials="21,0,0,0" decoration="0,0,0">
        <Bone refID="6" transformation="-0.0010412649717181921,0.0024737713392823935,0.99999642372131348,0.011626971885561943,0.99992948770523071,-0.0024614976719021797,-0.99993187189102173,0.011624366044998169,-0.0010699538979679346,0.61195254325866699,2.2454817295074463,-0.32637286186218262">
        </Bone>
      </Part>
    </Brick>
  </Bricks>
  <RigidSystems>
    <RigidSystem>
      <Rigid refID="0" transformation="-0.0010412649717181921,0.0024737713392823935,0.99999642372131348,0.011626971885561943,0.99992948770523071,-0.0024614976719021797,-0.99993187189102173,0.011624366044998169,-0.0010699538979679346,-0.21403679251670837,-0.1237805113196373,-0.32171562314033508" boneRefs="0,1,2,3,4,5,6"/>
    </RigidSystem>
  </RigidSystems>
  <GroupSystems>
    <GroupSystem>
    </GroupSystem>
  </GroupSystems>
</LXFML>
