<?xml version="1.0" encoding="UTF-8" standalone="no" ?>
<LXFML versionMajor="5" versionMinor="0">
  <Meta>
    <Application name="CCOP" versionMajor="0" versionMinor="0"/>
    <Brand name="LEGOUniverse"/>
    <BrickSet version="228"/>
  </Meta>
  <Bricks>
    <Brick refID="0" designID="47753">
      <Part refID="0" designID="47753" materials="199">
        <Bone refID="0" transformation="0.61237233877182007,0.70710670948028564,-0.35355368256568909,-0.61237150430679321,0.7071068286895752,0.35355490446090698,0.50000125169754028,0,0.8660246729850769,1.0289918184280396,6.341087818145752,0.10702537000179291">
        </Bone>
      </Part>
    </Brick>
    <Brick refID="1" designID="48336">
      <Part refID="1" designID="48336" materials="199">
        <Bone refID="1" transformation="-0.50000172853469849,0,-0.86602431535720825,-0.61237126588821411,0.70710694789886475,0.35355505347251892,0.61237215995788574,0.70710659027099609,-0.35355424880981445,2.2946438789367676,7.8118457794189453,-1.5474599599838257">
        </Bone>
      </Part>
    </Brick>
    <Brick refID="2" designID="3023">
      <Part refID="2" designID="3023" materials="199">
        <Bone refID="2" transformation="-0.50000172853469849,0,-0.86602431535720825,-0.61237126588821411,0.70710694789886475,0.35355505347251892,0.61237215995788574,0.70710659027099609,-0.35355424880981445,1.8047435283660889,7.2461657524108887,-1.2646158933639526">
        </Bone>
      </Part>
    </Brick>
    <Brick refID="3" designID="4070">
      <Part refID="3" designID="4070" materials="199">
        <Bone refID="3" transformation="0.50000011920928955,0,0.86602532863616943,-0.61237269639968872,0.70710659027099609,0.35355356335639954,-0.61237221956253052,-0.7071070671081543,0.35355344414710999,1.110805869102478,6.4542183876037598,-1.7877311706542969">
        </Bone>
      </Part>
    </Brick>
    <Brick refID="4" designID="4070">
      <Part refID="4" designID="4070" materials="199">
        <Bone refID="4" transformation="0.50000011920928955,0,0.86602532863616943,-0.61237269639968872,0.70710659027099609,0.35355356335639954,-0.61237221956253052,-0.7071070671081543,0.35355344414710999,1.5108058452606201,6.4542183876037598,-1.0949113368988037">
        </Bone>
      </Part>
    </Brick>
    <Brick refID="5" designID="4070">
      <Part refID="5" designID="4070" materials="199">
        <Bone refID="5" transformation="0.50000011920928955,0,0.86602544784545898,-0.61237227916717529,-0.70710670948028564,0.35355383157730103,0.61237269639968872,-0.7071068286895752,-0.35355281829833984,1.0209094285964966,6.6805028915405273,-0.81206756830215454">
        </Bone>
      </Part>
    </Brick>
    <Brick refID="6" designID="4070">
      <Part refID="6" designID="4070" materials="199">
        <Bone refID="6" transformation="0.50000011920928955,0,0.86602544784545898,-0.61237227916717529,-0.70710670948028564,0.35355383157730103,0.61237269639968872,-0.7071068286895752,-0.35355281829833984,0.62090831995010376,6.6805028915405273,-1.5048874616622925">
        </Bone>
      </Part>
    </Brick>
    <Brick refID="7" designID="48336">
      <Part refID="7" designID="48336" materials="199">
        <Bone refID="7" transformation="0.50000011920928955,0,0.86602544784545898,-0.61237227916717529,-0.70710670948028564,0.35355383157730103,0.61237269639968872,-0.7071068286895752,-0.35355281829833984,-0.16292822360992432,5.7753949165344238,-1.0523394346237183">
        </Bone>
      </Part>
    </Brick>
    <Brick refID="8" designID="3023">
      <Part refID="8" designID="3023" materials="199">
        <Bone refID="8" transformation="0.50000011920928955,0,0.86602544784545898,-0.61237245798110962,-0.70710653066635132,0.35355380177497864,0.61237251758575439,-0.70710694789886475,-0.35355293750762939,0.033030934631824493,6.0016751289367676,-1.165479302406311">
        </Bone>
      </Part>
    </Brick>
    <Brick refID="9" designID="3794">
      <Part refID="9" designID="3794" materials="199">
        <Bone refID="9" transformation="0.50000011920928955,0,0.86602544784545898,-0.61237227916717529,-0.70710670948028564,0.35355383157730103,0.61237269639968872,-0.7071068286895752,-0.35355281829833984,-0.35888761281967163,5.5491147041320801,-0.93920344114303589">
        </Bone>
      </Part>
    </Brick>
    <Brick refID="10" designID="2555">
      <Part refID="10" designID="2555" materials="199">
        <Bone refID="10" transformation="-0.079459786415100098,0.50000017881393433,0.86237233877182007,-0.61237269639968872,-0.70710664987564087,0.3535531759262085,0.78656589984893799,-0.5,0.36237320303916931,-0.35484671592712402,5.3228349685668945,-0.47965559363365173">
        </Bone>
      </Part>
    </Brick>
    <Brick refID="11" designID="3023">
      <Part refID="11" designID="3023" materials="199">
        <Bone refID="11" transformation="0.49999973177909851,0,0.86602556705474854,0.61237233877182007,-0.70710670948028564,-0.35355374217033386,0.6123727560043335,0.70710688829421997,-0.35355266928672791,0.42494902014732361,6.1147947311401367,-1.3917529582977295">
        </Bone>
      </Part>
    </Brick>
    <Brick refID="12" designID="47753">
      <Part refID="12" designID="47753" materials="199">
        <Bone refID="12" transformation="0.6123729944229126,0.70710766315460205,-0.35355159640312195,0.61237204074859619,-0.70710593461990356,-0.35355570912361145,-0.50000035762786865,0,-0.86602520942687988,0.024947609752416611,6.1148157119750977,-2.084571361541748">
        </Bone>
      </Part>
    </Brick>
    <Brick refID="13" designID="3023">
      <Part refID="13" designID="3023" materials="199">
        <Bone refID="13" transformation="0.49999988079071045,0,0.86602562665939331,0.61237221956253052,-0.70710676908493042,-0.35355380177497864,0.61237293481826782,0.70710688829421997,-0.35355266928672791,0.62090879678726196,5.8885550498962402,-1.5048888921737671">
        </Bone>
      </Part>
    </Brick>
    <Brick refID="14" designID="3023">
      <Part refID="14" designID="3023" materials="199">
        <Bone refID="14" transformation="0.49999973177909851,0,0.86602556705474854,0.61237233877182007,-0.70710670948028564,-0.35355374217033386,0.6123727560043335,0.70710688829421997,-0.35355266928672791,-0.16292686760425568,6.7936348915100098,-1.0523408651351929">
        </Bone>
      </Part>
    </Brick>
    <Brick refID="15" designID="3040">
      <Part refID="15" designID="3040" materials="199">
        <Bone refID="15" transformation="-0.23737698793411255,-0.78656363487243652,-0.5700613260269165,0.78656363487243652,-0.50000500679016113,0.36237093806266785,-0.5700613260269165,-0.36237093806266785,0.73737210035324097,-1.3713147640228271,4.5055947303771973,1.7028759717941284">
        </Bone>
      </Part>
    </Brick>
    <Brick refID="16" designID="6141">
      <Part refID="16" designID="6141" materials="26">
        <Bone refID="16" transformation="-0.23737682402133942,-0.78656375408172607,-0.57006126642227173,0.78656375408172607,-0.50000482797622681,0.36237099766731262,-0.57006126642227173,-0.36237099766731262,0.73737204074859619,-0.61621278524398804,4.0255889892578125,2.0507502555847168">
        </Bone>
      </Part>
    </Brick>
    <Brick refID="17" designID="3070">
      <Part refID="17" designID="3070" materials="199">
        <Bone refID="17" transformation="0.78656435012817383,-0.50000548362731934,0.36236870288848877,-0.570060133934021,-0.36237266659736633,0.73737204074859619,-0.2373775839805603,-0.78656250238418579,-0.57006263732910156,-2.1419870853424072,4.4156966209411621,2.1478254795074463">
        </Bone>
      </Part>
    </Brick>
    <Brick refID="18" designID="47905">
      <Part refID="18" designID="47905" materials="199">
        <Bone refID="18" transformation="-0.7865639328956604,0.50000619888305664,-0.3623683750629425,-0.57006025314331055,-0.3623727560043335,0.73737186193466187,0.23737806081771851,0.78656196594238281,0.57006335258483887,-1.5947294235229492,4.7635746002197266,1.4399483203887939">
        </Bone>
      </Part>
    </Brick>
    <Brick refID="19" designID="3024">
      <Part refID="19" designID="3024" materials="199">
        <Bone refID="19" transformation="-0.78656566143035889,0.50000405311584473,-0.36236786842346191,-0.57005822658538818,-0.36237248778343201,0.73737365007400513,0.23737761378288269,0.78656357526779175,0.57006138563156128,-1.4123117923736572,4.8795366287231445,1.2039906978607178">
        </Bone>
      </Part>
    </Brick>
    <Brick refID="20" designID="3040">
      <Part refID="20" designID="3040" materials="199">
        <Bone refID="20" transformation="0.23737712204456329,0.78656291961669922,0.57006239891052246,-0.78656291961669922,0.50000607967376709,-0.36237126588821411,-0.57006239891052246,-0.36237123608589172,0.73737114667892456,-2.0005667209625244,4.9055795669555664,1.412981390953064">
        </Bone>
      </Part>
    </Brick>
    <Brick refID="21" designID="3024">
      <Part refID="21" designID="3024" materials="199">
        <Bone refID="21" transformation="-0.78656560182571411,0.5000038743019104,-0.3623681366443634,-0.57005840539932251,-0.36237251758575439,0.73737341165542603,0.23737728595733643,0.78656357526779175,0.57006120681762695,-1.2298914194107056,4.9954967498779297,0.96803110837936401">
        </Bone>
      </Part>
    </Brick>
    <Brick refID="22" designID="6141">
      <Part refID="22" designID="6141" materials="26">
        <Bone refID="22" transformation="0.23737712204456329,0.78656291961669922,0.57006239891052246,-0.78656291961669922,0.50000607967376709,-0.36237126588821411,-0.57006239891052246,-0.36237123608589172,0.73737114667892456,-2.7556667327880859,5.385584831237793,1.0651062726974487">
        </Bone>
      </Part>
    </Brick>
    <Brick refID="23" designID="4733">
      <Part refID="23" designID="4733" materials="199">
        <Bone refID="23" transformation="0.78656584024429321,-0.50000375509262085,0.36236819624900818,-0.57005840539932251,-0.36237245798110962,0.73737353086471558,-0.23737727105617523,-0.78656375408172607,-0.5700610876083374,-0.68263435363769531,5.3433742523193359,0.26015287637710571">
        </Bone>
      </Part>
    </Brick>
    <Brick refID="24" designID="30383">
      <Part refID="24" designID="30383" materials="199">
        <Bone refID="24" transformation="-0.57005834579467773,-0.36237302422523499,0.73737329244613647,0.78656584024429321,-0.5000033974647522,0.36236834526062012,0.23737677931785583,0.7865636944770813,0.57006174325942993,0.044185545295476913,4.7653903961181641,0.75499749183654785">
        </Bone>
      </Part>
    </Brick>
    <Brick refID="25" designID="3023">
      <Part refID="25" designID="3023" materials="199">
        <Bone refID="25" transformation="-0.57005852460861206,-0.36237248778343201,0.73737335205078125,0.78656560182571411,-0.50000357627868652,0.36236858367919922,0.23737698793411255,0.7865639328956604,0.5700613260269165,-0.20751582086086273,4.9253921508789062,0.63903862237930298">
        </Bone>
      </Part>
    </Brick>
    <Brick refID="26" designID="3023">
      <Part refID="26" designID="3023" materials="199">
        <Bone refID="26" transformation="-0.57005852460861206,-0.36237263679504395,0.73737317323684692,0.78656548261642456,-0.5000038743019104,0.36236822605133057,0.23737715184688568,0.78656351566314697,0.57006126642227173,-0.45921710133552551,5.085392951965332,0.52308011054992676">
        </Bone>
      </Part>
    </Brick>
    <Brick refID="27" designID="3023">
      <Part refID="27" designID="3023" materials="199">
        <Bone refID="27" transformation="-0.57005858421325684,-0.36237239837646484,0.73737341165542603,-0.78656554222106934,0.50000399351119995,-0.36236849427223206,-0.23737722635269165,-0.78656375408172607,-0.5700610876083374,-1.0884710550308228,5.4853959083557129,0.23318542540073395">
        </Bone>
      </Part>
    </Brick>
    <Brick refID="28" designID="3023">
      <Part refID="28" designID="3023" materials="199">
        <Bone refID="28" transformation="-0.57005852460861206,-0.36237224936485291,0.73737353086471558,-0.78656566143035889,0.5000036358833313,-0.36236873269081116,-0.23737698793411255,-0.7865639328956604,-0.57006078958511353,-1.3401752710342407,5.6453971862792969,0.11722783744335175">
        </Bone>
      </Part>
    </Brick>
    <Brick refID="29" designID="30383">
      <Part refID="29" designID="30383" materials="199">
        <Bone refID="29" transformation="-0.57005798816680908,-0.36237186193466187,0.73737406730651855,-0.78656584024429321,0.5000036358833313,-0.3623681366443634,-0.23737767338752747,-0.78656411170959473,-0.5700603723526001,-1.5918744802474976,5.8053989410400391,0.0012702532112598419">
        </Bone>
      </Part>
    </Brick>
    <Brick refID="30" designID="48336">
      <Part refID="30" designID="48336" materials="199">
        <Bone refID="30" transformation="0.78656607866287231,-0.50000405311584473,0.36236792802810669,-0.23737701773643494,-0.78656309843063354,-0.57006204128265381,0.57005852460861206,0.36237344145774841,-0.73737287521362305,-1.4114453792572021,5.0258221626281738,0.30011069774627686">
        </Bone>
      </Part>
    </Brick>
    <Brick refID="31" designID="47753">
      <Part refID="31" designID="47753" materials="199">
        <Bone refID="31" transformation="-0.5700603723526001,-0.36237886548042297,0.73736894130706787,-0.23736445605754852,-0.78656589984893799,-0.57006341218948364,0.78656816482543945,-0.49999567866325378,0.36237466335296631,0.30310854315757751,4.5157060623168945,0.29000949859619141">
        </Bone>
      </Part>
    </Brick>
    <Brick refID="32" designID="47753">
      <Part refID="32" designID="47753" materials="199">
        <Bone refID="32" transformation="-0.57005846500396729,-0.36237254738807678,0.73737335205078125,0.23737709224224091,0.78656357526779175,0.57006114721298218,-0.78656560182571411,0.50000369548797607,-0.36236834526062012,-1.6227710247039795,6.2000002861022949,0.17131510376930237">
        </Bone>
      </Part>
    </Brick>
    <Brick refID="33" designID="3022">
      <Part refID="33" designID="3022" materials="199">
        <Bone refID="33" transformation="0.78656578063964844,-0.50000357627868652,0.36236825585365295,0.23737719655036926,0.7865639328956604,0.57006102800369263,-0.57005828619003296,-0.36237245798110962,0.73737353086471558,-1.4495664834976196,5.5101227760314941,1.0511085987091064">
        </Bone>
      </Part>
    </Brick>
    <Brick refID="34" designID="3023">
      <Part refID="34" designID="3023" materials="199">
        <Bone refID="34" transformation="0.78656578063964844,-0.50000357627868652,0.36236822605133057,0.23737715184688568,0.78656381368637085,0.57006102800369263,-0.57005828619003296,-0.36237251758575439,0.73737359046936035,-0.91755783557891846,6.0517110824584961,0.64362692832946777">
        </Bone>
      </Part>
    </Brick>
    <Brick refID="35" designID="44302">
      <Part refID="35" designID="44302" materials="199">
        <Bone refID="35" transformation="0.95927858352661133,-0.097319483757019043,-0.26516821980476379,0.15309368073940277,-0.60979181528091431,0.77763509750366211,-0.23737646639347076,-0.78656399250030518,-0.57006102800369263,0.75927877426147461,4.26397705078125,1.149048924446106">
        </Bone>
      </Part>
    </Brick>
    <Brick refID="36" designID="44302">
      <Part refID="36" designID="44302" materials="199">
        <Bone refID="36" transformation="-0.15309330821037292,0.60979253053665161,-0.77763468027114868,-0.95927822589874268,0.097320027649402618,0.26516839861869812,0.23737703263759613,0.7865634560585022,0.57006168365478516,-2.3806335926055908,6.2599573135375977,-0.29749992489814758">
        </Bone>
      </Part>
    </Brick>
    <Brick refID="37" designID="4085">
      <Part refID="37" designID="4085" materials="199">
        <Bone refID="37" transformation="-0.86602520942687988,0,0.50000041723251343,-0.50000041723251343,0,-0.86602526903152466,0,-1.0000001192092896,0,2.5975964069366455,9.3472795486450195,-1.8147438764572144">
        </Bone>
      </Part>
    </Brick>
    <Brick refID="38" designID="51739">
      <Part refID="38" designID="51739" materials="199">
        <Bone refID="38" transformation="-0.86602520942687988,0,0.50000041723251343,-0.50000041723251343,0,-0.86602526903152466,0,-1.0000001192092896,0,3.1304163932800293,10.147280693054199,-2.4918725490570068">
        </Bone>
      </Part>
    </Brick>
    <Brick refID="39" designID="41539">
      <Part refID="39" designID="41539" materials="199">
        <Bone refID="39" transformation="0,0,1,0,0.99999994039535522,0,-1,0,0,-3.1599998474121094,0,-2.7999999523162842">
        </Bone>
      </Part>
    </Brick>
    <Brick refID="40" designID="3045">
      <Part refID="40" designID="3045" materials="199">
        <Bone refID="40" transformation="0,0,1,0,0.99999994039535522,0,-1,0,0,-2.359999418258667,0.31999999284744263,-2.0000004768371582">
        </Bone>
      </Part>
    </Brick>
    <Brick refID="41" designID="3045">
      <Part refID="41" designID="3045" materials="199">
        <Bone refID="41" transformation="-1,0,0,0,1,0,0,0,-1,1.6400003433227539,0.31999999284744263,-2">
        </Bone>
      </Part>
    </Brick>
    <Brick refID="42" designID="3045">
      <Part refID="42" designID="3045" materials="199">
        <Bone refID="42" transformation="0,0,-1,0,0.99999994039535522,0,1,0,0,1.6400001049041748,0.31999999284744263,2">
        </Bone>
      </Part>
    </Brick>
    <Brick refID="43" designID="3045">
      <Part refID="43" designID="3045" materials="199">
        <Bone refID="43" transformation="1,0,0,0,1,0,0,0,1,-2.3599996566772461,0.31999999284744263,1.9999997615814209">
        </Bone>
      </Part>
    </Brick>
    <Brick refID="44" designID="3037">
      <Part refID="44" designID="3037" materials="199">
        <Bone refID="44" transformation="0,0,1,0,0.99999994039535522,0,-1,0,0,-2.3599996566772461,0.31999999284744263,-1.2000004053115845">
        </Bone>
      </Part>
    </Brick>
    <Brick refID="45" designID="3037">
      <Part refID="45" designID="3037" materials="199">
        <Bone refID="45" transformation="-1,0,0,0,1,0,0,0,-1,0.84000009298324585,0.31999999284744263,-2.0000007152557373">
        </Bone>
      </Part>
    </Brick>
    <Brick refID="46" designID="3037">
      <Part refID="46" designID="3037" materials="199">
        <Bone refID="46" transformation="0,0,-1,0,0.99999994039535522,0,1,0,0,1.6400002241134644,0.31999999284744263,1.2000000476837158">
        </Bone>
      </Part>
    </Brick>
    <Brick refID="47" designID="3037">
      <Part refID="47" designID="3037" materials="199">
        <Bone refID="47" transformation="1,0,0,0,1,0,0,0,1,-1.5599997043609619,0.31999999284744263,1.9999998807907104">
        </Bone>
      </Part>
    </Brick>
    <Brick refID="48" designID="3001">
      <Part refID="48" designID="3001" materials="199">
        <Bone refID="48" transformation="1,0,0,0,1,0,0,0,1,-1.5599997043609619,0.31999999284744263,-0.40000027418136597">
        </Bone>
      </Part>
    </Brick>
    <Brick refID="49" designID="3001">
      <Part refID="49" designID="3001" materials="199">
        <Bone refID="49" transformation="1,0,0,0,1,0,0,0,1,-1.5599997043609619,0.31999999284744263,1.1999999284744263">
        </Bone>
      </Part>
    </Brick>
    <Brick refID="50" designID="3068">
      <Part refID="50" designID="3068" materials="199,0" decoration="0">
        <Bone refID="50" transformation="1,0,0,0,1,0,0,0,1,0.84000051021575928,1.2799999713897705,0.40000003576278687">
        </Bone>
      </Part>
    </Brick>
    <Brick refID="51" designID="3068">
      <Part refID="51" designID="3068" materials="199,0" decoration="0">
        <Bone refID="51" transformation="1,0,0,0,1,0,0,0,1,-0.75999975204467773,1.2799999713897705,1.9999998807907104">
        </Bone>
      </Part>
    </Brick>
    <Brick refID="52" designID="3068">
      <Part refID="52" designID="3068" materials="199,0" decoration="0">
        <Bone refID="52" transformation="1,0,0,0,1,0,0,0,1,-2.3599996566772461,1.2799999713897705,0.39999964833259583">
        </Bone>
      </Part>
    </Brick>
    <Brick refID="53" designID="3069">
      <Part refID="53" designID="3069" materials="199,0" decoration="0">
        <Bone refID="53" transformation="1,0,0,0,1,0,0,0,1,-0.75999957323074341,1.2699999809265137,-2.0000004768371582">
        </Bone>
      </Part>
    </Brick>
    <Brick refID="54" designID="3069">
      <Part refID="54" designID="3069" materials="199,0" decoration="0">
        <Bone refID="54" transformation="1,0,0,0,1,0,0,0,1,-0.75999987125396729,1.2699999809265137,0.39999997615814209">
        </Bone>
      </Part>
    </Brick>
    <Brick refID="55" designID="3069">
      <Part refID="55" designID="3069" materials="199,0" decoration="0">
        <Bone refID="55" transformation="0,0,1,0,0.99999994039535522,0,-1,0,0,-0.75999957323074341,1.2699999809265137,-1.2000004053115845">
        </Bone>
      </Part>
    </Brick>
    <Brick refID="56" designID="3023">
      <Part refID="56" designID="3023" materials="199">
        <Bone refID="56" transformation="0,0,1,0,0.99999994039535522,0,-1,0,0,0.040000367909669876,1.2799999713897705,-1.2000004053115845">
        </Bone>
      </Part>
    </Brick>
    <Brick refID="57" designID="3942">
      <Part refID="57" designID="3942" materials="199">
        <Bone refID="57" transformation="0,0,1,0,0.99999994039535522,0,-1,0,0,0.040000367909669876,1.6000005006790161,-1.2000004053115845">
        </Bone>
      </Part>
    </Brick>
    <Brick refID="58" designID="2555">
      <Part refID="58" designID="2555" materials="199">
        <Bone refID="58" transformation="-0.86602538824081421,0,0.50000005960464478,0,1,0,-0.50000005960464478,0,-0.86602538824081421,0.44000044465065002,4.4800000190734863,-0.80000036954879761">
        </Bone>
      </Part>
    </Brick>
    <Brick refID="59" designID="4589">
      <Part refID="59" designID="4589" materials="199">
        <Bone refID="59" transformation="1.0000001192092896,0,0,0,1,0,0,0,1.0000001192092896,0.44000068306922913,3.5200009346008301,-0.80000036954879761">
        </Bone>
      </Part>
    </Brick>
    <Brick refID="60" designID="3068">
      <Part refID="60" designID="3068" materials="199,0" decoration="0">
        <Bone refID="60" transformation="1,0,0,0,1,0,0,0,1,0.84000009298324585,1.2799999713897705,-1.2000004053115845">
        </Bone>
      </Part>
    </Brick>
    <Brick refID="61" designID="3068">
      <Part refID="61" designID="3068" materials="199,0" decoration="0">
        <Bone refID="61" transformation="1,0,0,0,1,0,0,0,1,0.84000039100646973,1.2799999713897705,1.9999998807907104">
        </Bone>
      </Part>
    </Brick>
    <Brick refID="62" designID="3068">
      <Part refID="62" designID="3068" materials="199,0" decoration="0">
        <Bone refID="62" transformation="1,0,0,0,1,0,0,0,1,-2.3599996566772461,1.2799999713897705,1.9999997615814209">
        </Bone>
      </Part>
    </Brick>
    <Brick refID="63" designID="3068">
      <Part refID="63" designID="3068" materials="199,0" decoration="0">
        <Bone refID="63" transformation="1,0,0,0,1,0,0,0,1,-2.3599996566772461,1.2799999713897705,-1.2000004053115845">
        </Bone>
      </Part>
    </Brick>
  </Bricks>
  <RigidSystems>
    <RigidSystem>
      <Rigid refID="0" transformation="0.61237233877182007,0.70710670948028564,-0.35355368256568909,-0.61237150430679321,0.7071068286895752,0.35355490446090698,0.50000125169754028,0,0.8660246729850769,1.0289918184280396,6.341087818145752,0.10702537000179291" boneRefs="0,1,2,3,4,5,6,7,8,9,10,11,12,13,14"/>
      <Rigid refID="1" transformation="-0.23737698793411255,-0.78656363487243652,-0.5700613260269165,0.78656363487243652,-0.50000500679016113,0.36237093806266785,-0.5700613260269165,-0.36237093806266785,0.73737210035324097,-1.3713147640228271,4.5055947303771973,1.7028759717941284" boneRefs="15,16,17,18,19,20,21,22,23,24,25,26,27,28,29,30,31,32,33,34"/>
      <Rigid refID="2" transformation="0.95927858352661133,-0.097319483757019043,-0.26516821980476379,0.15309368073940277,-0.60979181528091431,0.77763509750366211,-0.23737646639347076,-0.78656399250030518,-0.57006102800369263,0.75927877426147461,4.26397705078125,1.149048924446106" boneRefs="35"/>
      <Rigid refID="3" transformation="-0.15309330821037292,0.60979253053665161,-0.77763468027114868,-0.95927822589874268,0.097320027649402618,0.26516839861869812,0.23737703263759613,0.7865634560585022,0.57006168365478516,-2.3806335926055908,6.2599573135375977,-0.29749992489814758" boneRefs="36"/>
      <Rigid refID="4" transformation="-0.86602520942687988,0,0.50000041723251343,-0.50000041723251343,0,-0.86602526903152466,0,-1.0000001192092896,0,2.5975964069366455,9.3472795486450195,-1.8147438764572144" boneRefs="37,38"/>
      <Rigid refID="5" transformation="0,0,1,0,0.99999994039535522,0,-1,0,0,-3.1599998474121094,0,-2.7999999523162842" boneRefs="39,40,41,42,43,44,45,46,47,48,49,50,51,52,53,54,55,56,57,58,59,60,61,62,63"/>
      <Joint type="hinge">
        <RigidRef rigidRef="1" a="0,1.0000003576278687,0" z="0,0,-0.99999982118606567" t="0.64799594879150391,0.17499430477619171,-2.0000019073486328"/>
        <RigidRef rigidRef="0" a="0,-0.70710992813110352,0.7071041464805603" z="0.86602562665939331,-0.35355260968208313,-0.35355350375175476" t="-1.9239363670349121,-0.49145498871803284,-0.79828900098800659"/>
      </Joint>
      <Joint type="hinge">
        <RigidRef rigidRef="5" a="-0.86602544784545898,0,0.5000002384185791" z="0.50000017881393433,0,0.86602550745010376" t="1.8614352941513062,5.0480008125305176,-3.5200004577636719"/>
        <RigidRef rigidRef="0" a="0,0,-1.0000001192092896" z="-0.70710700750350952,0.70710676908493042,0" t="-0.95435082912445068,-0.87435328960418701,-1.2400015592575073"/>
      </Joint>
      <Joint type="hinge">
        <RigidRef rigidRef="4" a="0,-0.99999994039535522,0" z="1,0,0" t="0,0,0.79781097173690796"/>
        <RigidRef rigidRef="0" a="0,0,1.0000001192092896" z="-0.70710712671279907,0.70710647106170654,0" t="3.2015790939331055,-0.078459151089191437,-0.8799973726272583"/>
      </Joint>
      <Joint type="hinge">
        <RigidRef rigidRef="2" a="0,0,-1" z="-0.99999994039535522,0,0" t="-0.80000001192092896,0.24799999594688416,0"/>
        <RigidRef rigidRef="1" a="-1.0000003576278687,0,0" z="0,-1.0000001192092896,0" t="0,1.2000013589859009,-0.80000525712966919"/>
      </Joint>
      <Joint type="hinge">
        <RigidRef rigidRef="3" a="0,0,-1" z="-0.99999994039535522,0,0" t="-0.80000001192092896,0.24799999594688416,0"/>
        <RigidRef rigidRef="1" a="1.0000001192092896,0,0" z="0,1.0000001192092896,0" t="0,-2.0000021457672119,-0.79999285936355591"/>
      </Joint>
    </RigidSystem>
  </RigidSystems>
  <GroupSystems>
    <GroupSystem>
    </GroupSystem>
  </GroupSystems>
</LXFML>
