<?xml version="1.0" encoding="UTF-8" standalone="no" ?>
<LXFML versionMajor="5" versionMinor="0">
  <Meta>
    <Application name="LEGO Universe" versionMajor="0" versionMinor="0"/>
    <Brand name="LEGOUniverse"/>
    <BrickSet version="238"/>
  </Meta>
  <Bricks>
    <Brick refID="0" designID="58176">
      <Part refID="0" designID="58176" materials="182">
        <Bone refID="0" transformation="-1,0,0,0,0.71325069665908813,0.7009093165397644,0,0.7009093165397644,-0.71325045824050903,-1.6000001430511475,23.024642944335938,3.6659541130065918">
        </Bone>
      </Part>
    </Brick>
    <Brick refID="1" designID="4274">
      <Part refID="1" designID="4274" materials="23">
        <Bone refID="1" transformation="-1,0,0,0,0.7009093165397644,-0.71325033903121948,0,-0.71325033903121948,-0.7009093165397644,-1.6000020503997803,22.454042434692383,3.1052260398864746">
        </Bone>
      </Part>
    </Brick>
    <Brick refID="2" designID="32000">
      <Part refID="2" designID="32000" materials="199">
        <Bone refID="2" transformation="1,0,0,0,0.70090943574905396,-0.71325027942657471,0,0.71325027942657471,0.70090943574905396,-1.5999940633773804,7.5169482231140137,-8.5169839859008789">
        </Bone>
      </Part>
    </Brick>
    <Brick refID="3" designID="3710">
      <Part refID="3" designID="3710" materials="24">
        <Bone refID="3" transformation="1,0,0,0,0.70090943574905396,-0.71325027942657471,0,0.71325027942657471,0.70090943574905396,-1.5999938249588013,8.1898231506347656,-9.2017049789428711">
        </Bone>
      </Part>
    </Brick>
    <Brick refID="4" designID="32000">
      <Part refID="4" designID="32000" materials="199">
        <Bone refID="4" transformation="1,0,0,0,0.70090943574905396,-0.71325027942657471,0,0.71325027942657471,0.70090943574905396,0,7.5169496536254883,-8.5169830322265625">
        </Bone>
      </Part>
    </Brick>
    <Brick refID="5" designID="32000">
      <Part refID="5" designID="32000" materials="199">
        <Bone refID="5" transformation="1,0,0,0,0.70090943574905396,-0.71325027942657471,0,0.71325027942657471,0.70090943574905396,-1.5999946594238281,8.6384057998657227,-9.6581850051879883">
        </Bone>
      </Part>
    </Brick>
    <Brick refID="6" designID="3021">
      <Part refID="6" designID="3021" materials="194">
        <Bone refID="6" transformation="0,-0.71325063705444336,-0.70090901851654053,0,0.70090901851654053,-0.71325063705444336,1,0,0,-0.80000001192092896,8.4141159057617188,-9.4299459457397461">
        </Bone>
      </Part>
    </Brick>
    <Brick refID="7" designID="63864">
      <Part refID="7" designID="63864" materials="199">
        <Bone refID="7" transformation="0,0.71325057744979858,0.70090925693511963,0,0.7009093165397644,-0.71325051784515381,-1.0000001192092896,0,0,-1.5999933481216431,8.3943691253662109,-11.69260311126709">
        </Bone>
      </Part>
    </Brick>
    <Brick refID="8" designID="3020">
      <Part refID="8" designID="3020" materials="199">
        <Bone refID="8" transformation="1,0,0,0,0.70090997219085693,-0.71324962377548218,0,0.71324968338012695,0.70091003179550171,-1.5999946594238281,9.311279296875,-10.34290599822998">
        </Bone>
      </Part>
    </Brick>
    <Brick refID="9" designID="32000">
      <Part refID="9" designID="32000" materials="199">
        <Bone refID="9" transformation="1,0,0,0,0.70090943574905396,-0.71325027942657471,0,0.71325027942657471,0.70090943574905396,0,8.6384067535400391,-9.6581840515136719">
        </Bone>
      </Part>
    </Brick>
    <Brick refID="10" designID="6249">
      <Part refID="10" designID="6249" materials="194">
        <Bone refID="10" transformation="0,-0.71325045824050903,-0.70090937614440918,0,0.70090943574905396,-0.71325039863586426,1.0000001192092896,0,0,0.80000633001327515,7.1706418991088867,-9.3059492111206055">
        </Bone>
      </Part>
    </Brick>
    <Brick refID="11" designID="3020">
      <Part refID="11" designID="3020" materials="24">
        <Bone refID="11" transformation="1,0,0,0,0.70090949535369873,-0.71325021982192993,0,0.71325021982192993,0.70090949535369873,-1.5999948978424072,6.9463510513305664,-9.0777101516723633">
        </Bone>
      </Part>
    </Brick>
    <Brick refID="12" designID="3021">
      <Part refID="12" designID="3021" materials="194">
        <Bone refID="12" transformation="0,-0.71325069665908813,-0.70090913772583008,0,0.70090919733047485,-0.71325069665908813,1.0000001192092896,0,0,0.80000656843185425,8.4141178131103516,-9.4299440383911133">
        </Bone>
      </Part>
    </Brick>
    <Brick refID="13" designID="3001">
      <Part refID="13" designID="3001" materials="24">
        <Bone refID="13" transformation="-1,0,0,0,0.7009093165397644,-0.71325057744979858,0,-0.71325057744979858,-0.70090913772583008,0.80000776052474976,7.4972052574157715,-10.779641151428223">
        </Bone>
      </Part>
    </Brick>
    <Brick refID="14" designID="44728">
      <Part refID="14" designID="44728" materials="199">
        <Bone refID="14" transformation="-1,0,0,0,0.7009093165397644,-0.71325057744979858,0,-0.71325057744979858,-0.70090913772583008,-0.80000001192092896,8.1700782775878906,-11.464361190795898">
        </Bone>
      </Part>
    </Brick>
    <Brick refID="15" designID="3022">
      <Part refID="15" designID="3022" materials="199">
        <Bone refID="15" transformation="1,0,0,0,0.70090985298156738,-0.71324986219406128,0,0.71324986219406128,0.70090985298156738,-0.80000001192092896,8.9649715423583984,-11.131874084472656">
        </Bone>
      </Part>
    </Brick>
    <Brick refID="16" designID="63864">
      <Part refID="16" designID="63864" materials="199">
        <Bone refID="16" transformation="0,0.71325057744979858,0.70090925693511963,0,0.7009093165397644,-0.71325051784515381,-1.0000001192092896,0,0,0.80000680685043335,8.3943719863891602,-11.692599296569824">
        </Bone>
      </Part>
    </Brick>
    <Brick refID="17" designID="44728">
      <Part refID="17" designID="44728" materials="199">
        <Bone refID="17" transformation="-1,0,0,0,0.7009093165397644,-0.71325057744979858,0,-0.71325057744979858,-0.70090913772583008,0.80000680685043335,8.170079231262207,-11.464360237121582">
        </Bone>
      </Part>
    </Brick>
    <Brick refID="18" designID="3020">
      <Part refID="18" designID="3020" materials="24">
        <Bone refID="18" transformation="-1,0,0,0,-0.71324998140335083,-0.70090979337692261,0,-0.70090979337692261,0.71325004100799561,0.80000585317611694,7.1538596153259277,-11.229208946228027">
        </Bone>
      </Part>
    </Brick>
    <Brick refID="19" designID="60470">
      <Part refID="19" designID="60470" materials="24">
        <Bone refID="19" transformation="-1,0,0,0,0.7009090781211853,-0.71325057744979858,0,-0.71325057744979858,-0.70090913772583008,0,8.6186618804931641,-11.920842170715332">
        </Bone>
      </Part>
    </Brick>
    <Brick refID="20" designID="32530">
      <Part refID="20" designID="32530" materials="199">
        <Bone refID="20" transformation="0,0.70090889930725098,-0.71325075626373291,0,-0.71325075626373291,-0.70090895891189575,-1,0,0,-1.5999934673309326,6.9256176948547363,-11.453500747680664">
        </Bone>
      </Part>
    </Brick>
    <Brick refID="21" designID="2584">
      <Part refID="21" designID="2584" materials="26">
        <Bone refID="21" transformation="0,0.70090889930725098,-0.71325075626373291,0,-0.71325075626373291,-0.70090895891189575,-1,0,0,-0.80000001192092896,6.9256176948547363,-11.453500747680664">
        </Bone>
      </Part>
    </Brick>
    <Brick refID="22" designID="32530">
      <Part refID="22" designID="32530" materials="199">
        <Bone refID="22" transformation="0,0.70090889930725098,-0.71325081586837769,0,-0.71325081586837769,-0.70090889930725098,-1,0,0,0.80000871419906616,6.9256186485290527,-11.453500747680664">
        </Bone>
      </Part>
    </Brick>
    <Brick refID="23" designID="4162">
      <Part refID="23" designID="4162" materials="199">
        <Bone refID="23" transformation="0,0.71325039863586426,0.70090925693511963,0,0.70090937614440918,-0.71325045824050903,-1,0,0,-0.80000001192092896,14.670975685119629,-5.5245952606201172">
        </Bone>
      </Part>
    </Brick>
    <Brick refID="24" designID="52041">
      <Part refID="24" designID="52041" materials="24">
        <Bone refID="24" transformation="0,0.71325039863586426,0.70090925693511963,0,0.70090937614440918,-0.71325045824050903,-1,0,0,-1.5999988317489624,14.934756278991699,-1.2275230884552002">
        </Bone>
      </Part>
    </Brick>
    <Brick refID="25" designID="4162">
      <Part refID="25" designID="4162" materials="199">
        <Bone refID="25" transformation="0,0.71325039863586426,0.70090925693511963,0,0.70090937614440918,-0.71325045824050903,-1,0,0,0,19.235780715942383,-1.0387732982635498">
        </Bone>
      </Part>
    </Brick>
    <Brick refID="26" designID="4162">
      <Part refID="26" designID="4162" materials="199">
        <Bone refID="26" transformation="0,0.71325039863586426,0.70090925693511963,0,0.70090937614440918,-0.71325045824050903,-1,0,0,-0.80000001192092896,19.235780715942383,-1.0387747287750244">
        </Bone>
      </Part>
    </Brick>
    <Brick refID="27" designID="4162">
      <Part refID="27" designID="4162" materials="199">
        <Bone refID="27" transformation="0,0.71325039863586426,0.70090925693511963,0,0.70090937614440918,-0.71325045824050903,-1,0,0,0,14.670974731445313,-5.5245943069458008">
        </Bone>
      </Part>
    </Brick>
    <Brick refID="28" designID="52041">
      <Part refID="28" designID="52041" materials="24">
        <Bone refID="28" transformation="0,0.71325039863586426,0.70090925693511963,0,0.70090937614440918,-0.71325045824050903,-1,0,0,-1.5999941825866699,8.087550163269043,-7.9562530517578125">
        </Bone>
      </Part>
    </Brick>
    <Brick refID="29" designID="4162">
      <Part refID="29" designID="4162" materials="199">
        <Bone refID="29" transformation="0,0.71325045824050903,0.7009093165397644,0,0.70090949535369873,-0.71325051784515381,-1.0000001192092896,0,0,-0.80000001192092896,9.5355710983276367,-10.571144104003906">
        </Bone>
      </Part>
    </Brick>
    <Brick refID="30" designID="4162">
      <Part refID="30" designID="4162" materials="199">
        <Bone refID="30" transformation="0,0.71325045824050903,0.7009093165397644,0,0.70090949535369873,-0.71325051784515381,-1.0000001192092896,0,0,0,9.5355682373046875,-10.571145057678223">
        </Bone>
      </Part>
    </Brick>
    <Brick refID="31" designID="3023">
      <Part refID="31" designID="3023" materials="199">
        <Bone refID="31" transformation="1,0,0,0,0.70090961456298828,-0.71325010061264038,0,0.71325016021728516,0.70090967416763306,-0.80000001192092896,14.100375175476074,-6.085322380065918">
        </Bone>
      </Part>
    </Brick>
    <Brick refID="32" designID="3020">
      <Part refID="32" designID="3020" materials="199">
        <Bone refID="32" transformation="0,0.71325039863586426,0.70090937614440918,0,0.70090937614440918,-0.71325045824050903,-1,0,0,-0.80000001192092896,13.569265365600586,-2.1207377910614014">
        </Bone>
      </Part>
    </Brick>
    <Brick refID="33" designID="2817">
      <Part refID="33" designID="2817" materials="26">
        <Bone refID="33" transformation="0,0.71325039863586426,0.70090943574905396,0,0.70090955495834351,-0.71325045824050903,-1,0,0,-0.80000001192092896,14.139865875244141,-1.5600078105926514">
        </Bone>
      </Part>
    </Brick>
    <Brick refID="34" designID="2780">
      <Part refID="34" designID="2780" materials="26">
        <Bone refID="34" transformation="1,0,0,0,0.70090901851654053,-0.71325069665908813,0,0.71325069665908813,0.70090901851654053,0.80000478029251099,16.748041152954102,-2.5020453929901123">
        </Bone>
      </Part>
    </Brick>
    <Brick refID="35" designID="2780">
      <Part refID="35" designID="2780" materials="26">
        <Bone refID="35" transformation="0.99999994039535522,0,0,0,-0.70090895891189575,0.71325075626373291,0,-0.71325075626373291,-0.70090895891189575,-1.5999934673309326,7.6381773948669434,-9.2110309600830078">
        </Bone>
      </Part>
    </Brick>
    <Brick refID="36" designID="4274">
      <Part refID="36" designID="4274" materials="23">
        <Bone refID="36" transformation="-1,0,0,0,0.7009093165397644,-0.71325033903121948,0,-0.71325033903121948,-0.7009093165397644,0.80000001192092896,22.454042434692383,3.1052267551422119">
        </Bone>
      </Part>
    </Brick>
    <Brick refID="37" designID="58176">
      <Part refID="37" designID="58176" materials="182">
        <Bone refID="37" transformation="-1,0,0,0,0.71325069665908813,0.7009093165397644,0,0.7009093165397644,-0.71325045824050903,0.79999810457229614,23.024642944335938,3.6659553050994873">
        </Bone>
      </Part>
    </Brick>
    <Brick refID="38" designID="2780">
      <Part refID="38" designID="2780" materials="26">
        <Bone refID="38" transformation="0.99999994039535522,0,0,0,-0.70090895891189575,0.71325075626373291,0,-0.71325075626373291,-0.70090895891189575,-1.5999982357025146,14.485383033752441,-2.4823000431060791">
        </Bone>
      </Part>
    </Brick>
    <Brick refID="39" designID="2780">
      <Part refID="39" designID="2780" materials="26">
        <Bone refID="39" transformation="0.99999994039535522,0,0,0,-0.70090895891189575,0.71325075626373291,0,-0.71325075626373291,-0.70090895891189575,-1.5999929904937744,8.7596330642700195,-10.352231979370117">
        </Bone>
      </Part>
    </Brick>
    <Brick refID="40" designID="48336">
      <Part refID="40" designID="48336" materials="194">
        <Bone refID="40" transformation="-1,0,0,0,-0.71325033903121948,-0.70090943574905396,0,-0.70090943574905396,0.71325045824050903,0,8.9595012664794922,-13.055228233337402">
        </Bone>
      </Part>
    </Brick>
    <Brick refID="41" designID="3069">
      <Part refID="41" designID="3069" materials="41,0" decoration="0">
        <Bone refID="41" transformation="-1,0,0,0,-0.71325021982192993,-0.70090967416763306,0,-0.70090967416763306,0.71325051784515381,0,8.73126220703125,-13.27951717376709">
        </Bone>
      </Part>
    </Brick>
    <Brick refID="42" designID="2780">
      <Part refID="42" designID="2780" materials="26">
        <Bone refID="42" transformation="0.99999994039535522,0,0,0,-0.70090895891189575,0.71325075626373291,0,-0.71325075626373291,-0.70090895891189575,0.8000066876411438,7.6381773948669434,-9.211029052734375">
        </Bone>
      </Part>
    </Brick>
    <Brick refID="43" designID="44294">
      <Part refID="43" designID="44294" materials="194">
        <Bone refID="43" transformation="0,-0.7009093165397644,0.71325045824050903,0,0.71325051784515381,0.7009093165397644,-1,0,0,-1.9999921321868896,6.3358159065246582,-12.593907356262207">
        </Bone>
      </Part>
    </Brick>
    <Brick refID="44" designID="33299">
      <Part refID="44" designID="33299" materials="194">
        <Bone refID="44" transformation="0,0.70090967416763306,-0.71325016021728516,0,0.71325010061264038,0.70090961456298828,1,0,0,4.4000077247619629,5.2143650054931641,-11.452704429626465">
        </Bone>
      </Part>
    </Brick>
    <Brick refID="45" designID="3069">
      <Part refID="45" designID="3069" materials="26,0" decoration="0">
        <Bone refID="45" transformation="1,0,0,0,1,0,0,0,1,1.599776029586792,5.751868724822998,0">
        </Bone>
      </Part>
    </Brick>
    <Brick refID="46" designID="3003">
      <Part refID="46" designID="3003" materials="24,0,0" decoration="0,0">
        <Bone refID="46" transformation="1,0,0,0,1,0,0,0,1,1.5999991893768311,4.7918686866760254,0">
        </Bone>
      </Part>
    </Brick>
    <Brick refID="47" designID="3023">
      <Part refID="47" designID="3023" materials="26">
        <Bone refID="47" transformation="-1,0,0,0,1,0,0,0,-1,2.4000008106231689,5.7518682479858398,-0.79999470710754395">
        </Bone>
      </Part>
    </Brick>
    <Brick refID="48" designID="3065">
      <Part refID="48" designID="3065" materials="111">
        <Bone refID="48" transformation="1,0,0,0,1,0,0,0,1,1.5999994277954102,6.071868896484375,-0.79999518394470215">
        </Bone>
      </Part>
    </Brick>
    <Brick refID="49" designID="6070">
      <Part refID="49" designID="6070" materials="111">
        <Bone refID="49" transformation="0,0,1,0,0.99999994039535522,0,-1,0,0,1.6000020503997803,8.3118705749511719,-3.9999969005584717">
        </Bone>
      </Part>
    </Brick>
    <Brick refID="50" designID="60470">
      <Part refID="50" designID="60470" materials="24">
        <Bone refID="50" transformation="-1,0,0,0,1,0,0,0,-1,2.4000053405761719,8.6318683624267578,-3.9999988079071045">
        </Bone>
      </Part>
    </Brick>
    <Brick refID="51" designID="41539">
      <Part refID="51" designID="41539" materials="199">
        <Bone refID="51" transformation="1,0,0,0,1,0,0,0,1,-3.2000000476837158,4.4718694686889648,3.2000000476837158">
        </Bone>
      </Part>
    </Brick>
    <Brick refID="52" designID="73587">
      <Part refID="52" designID="4592" materials="26">
        <Bone refID="52" transformation="0,0,1,0,0.99999994039535522,0,-1,0,0,1.6000070571899414,4.7918682098388672,-1.6000020503997803">
        </Bone>
      </Part>
      <Part refID="53" designID="4593" materials="26">
        <Bone refID="53" transformation="0,0,1,0,0.99999994039535522,0,-1,0,0,1.6000051498413086,5.2118687629699707,-1.6000010967254639">
        </Bone>
      </Part>
    </Brick>
    <Brick refID="53" designID="2431">
      <Part refID="54" designID="2431" materials="199,0" decoration="0">
        <Bone refID="54" transformation="-1,0,0,0,1,0,0,0,-1,0.80000585317611694,4.7918682098388672,-2.4000027179718018">
        </Bone>
      </Part>
    </Brick>
    <Brick refID="54" designID="3039">
      <Part refID="55" designID="3039" materials="24,0" decoration="0">
        <Bone refID="55" transformation="1,0,0,0,1,0,0,0,1,-3.1999967098236084,4.7918682098388672,-3.2000033855438232">
        </Bone>
      </Part>
    </Brick>
    <Brick refID="55" designID="3039">
      <Part refID="56" designID="3039" materials="24,0" decoration="0">
        <Bone refID="56" transformation="1,0,0,0,1,0,0,0,1,-3.1999971866607666,5.751868724822998,-4.0000057220458984">
        </Bone>
      </Part>
    </Brick>
    <Brick refID="56" designID="44237">
      <Part refID="57" designID="44237" materials="24">
        <Bone refID="57" transformation="0,0,1,0,0.99999994039535522,0,-1,0,0,-3.1999967098236084,4.7918686866760254,-8.0000057220458984">
        </Bone>
      </Part>
    </Brick>
    <Brick refID="57" designID="3003">
      <Part refID="58" designID="3003" materials="24,0,0" decoration="0,0">
        <Bone refID="58" transformation="0,0,1,0,0.99999994039535522,0,-1,0,0,-3.1999990940093994,5.751868724822998,-5.600001335144043">
        </Bone>
      </Part>
    </Brick>
    <Brick refID="58" designID="3001">
      <Part refID="59" designID="3001" materials="24">
        <Bone refID="59" transformation="0,0,1,0,0.99999994039535522,0,-1,0,0,-3.1999971866607666,6.7118692398071289,-8.0000028610229492">
        </Bone>
      </Part>
    </Brick>
    <Brick refID="59" designID="4162">
      <Part refID="60" designID="4162" materials="199">
        <Bone refID="60" transformation="0,0,1,0,0.99999994039535522,0,-1,0,0,-2.3999955654144287,7.6718692779541016,-10.400005340576172">
        </Bone>
      </Part>
    </Brick>
    <Brick refID="60" designID="3700">
      <Part refID="61" designID="3700" materials="24">
        <Bone refID="61" transformation="0,0,-1,0,1,0,1,0,0,-2.3999950885772705,6.7118692398071289,-9.6000003814697266">
        </Bone>
      </Part>
    </Brick>
    <Brick refID="61" designID="3660">
      <Part refID="62" designID="3660" materials="24">
        <Bone refID="62" transformation="-1,0,0,0,1,0,0,0,-1,-2.3999989032745361,5.751868724822998,-9.600001335144043">
        </Bone>
      </Part>
    </Brick>
    <Brick refID="62" designID="3660">
      <Part refID="63" designID="3660" materials="24">
        <Bone refID="63" transformation="-1,0,0,0,1,0,0,0,-1,-2.3999981880187988,4.7918686866760254,-8.8000049591064453">
        </Bone>
      </Part>
    </Brick>
    <Brick refID="63" designID="41539">
      <Part refID="64" designID="41539" materials="199">
        <Bone refID="64" transformation="1,0,0,0,1,0,0,0,1,-3.1999976634979248,4.471869945526123,-3.2000033855438232">
        </Bone>
      </Part>
    </Brick>
    <Brick refID="64" designID="4162">
      <Part refID="65" designID="4162" materials="199">
        <Bone refID="65" transformation="0,0,1,0,0.99999994039535522,0,-1,0,0,-1.5999939441680908,4.7918682098388672,-8.8000059127807617">
        </Bone>
      </Part>
    </Brick>
    <Brick refID="65" designID="4162">
      <Part refID="66" designID="4162" materials="199">
        <Bone refID="66" transformation="0,0,1,0,0.99999994039535522,0,-1,0,0,-0.80000001192092896,4.7918686866760254,-8.8000059127807617">
        </Bone>
      </Part>
    </Brick>
    <Brick refID="66" designID="4162">
      <Part refID="67" designID="4162" materials="199">
        <Bone refID="67" transformation="0,0,1,0,0.99999994039535522,0,-1,0,0,0.80000609159469604,4.7918682098388672,-8.8000020980834961">
        </Bone>
      </Part>
    </Brick>
    <Brick refID="67" designID="44237">
      <Part refID="68" designID="44237" materials="24">
        <Bone refID="68" transformation="0,0,1,0,0.99999994039535522,0,-1,0,0,1.6000044345855713,4.7918682098388672,-8.000004768371582">
        </Bone>
      </Part>
    </Brick>
    <Brick refID="68" designID="3002">
      <Part refID="69" designID="3002" materials="24">
        <Bone refID="69" transformation="0,0,-1,0,1,0,1,0,0,2.4000051021575928,5.7518692016601562,-4.0000019073486328">
        </Bone>
      </Part>
    </Brick>
    <Brick refID="69" designID="3039">
      <Part refID="70" designID="3039" materials="24,0" decoration="0">
        <Bone refID="70" transformation="1,0,0,0,1,0,0,0,1,1.6000039577484131,6.7118697166442871,-4.8000020980834961">
        </Bone>
      </Part>
    </Brick>
    <Brick refID="70" designID="3022">
      <Part refID="71" designID="3022" materials="199">
        <Bone refID="71" transformation="1,0,0,0,1,0,0,0,1,1.6000022888183594,7.6718692779541016,-4.8000001907348633">
        </Bone>
      </Part>
    </Brick>
    <Brick refID="71" designID="3176">
      <Part refID="72" designID="3176" materials="24">
        <Bone refID="72" transformation="0,0,-1,0,1,0,1,0,0,2.4000017642974854,7.9918694496154785,-4.8000001907348633">
        </Bone>
      </Part>
    </Brick>
    <Brick refID="72" designID="3023">
      <Part refID="73" designID="3023" materials="26">
        <Bone refID="73" transformation="-1,0,0,0,1,0,0,0,-1,2.4000017642974854,8.3118696212768555,-5.5999984741210937">
        </Bone>
      </Part>
    </Brick>
    <Brick refID="73" designID="48336">
      <Part refID="74" designID="48336" materials="194">
        <Bone refID="74" transformation="1,0,0,0,1,0,0,0,1,1.6000022888183594,8.6318693161010742,-5.5999984741210937">
        </Bone>
      </Part>
    </Brick>
    <Brick refID="74" designID="3001">
      <Part refID="75" designID="3001" materials="24">
        <Bone refID="75" transformation="0,0,-1,0,1,0,1,0,0,2.4000017642974854,6.7118692398071289,-5.6000022888183594">
        </Bone>
      </Part>
    </Brick>
    <Brick refID="75" designID="6636">
      <Part refID="76" designID="6636" materials="199,0" decoration="0">
        <Bone refID="76" transformation="0,0,1,0,0.99999994039535522,0,-1,0,0,1.6000032424926758,7.6718697547912598,-10.400004386901855">
        </Bone>
      </Part>
    </Brick>
    <Brick refID="76" designID="3700">
      <Part refID="77" designID="3700" materials="24">
        <Bone refID="77" transformation="0,0,-1,0,1,0,1,0,0,1.6000049114227295,6.7118682861328125,-9.6000003814697266">
        </Bone>
      </Part>
    </Brick>
    <Brick refID="77" designID="3660">
      <Part refID="78" designID="3660" materials="24">
        <Bone refID="78" transformation="-1,0,0,0,1,0,0,0,-1,2.4000024795532227,5.751868724822998,-9.6000051498413086">
        </Bone>
      </Part>
    </Brick>
    <Brick refID="78" designID="3660">
      <Part refID="79" designID="3660" materials="24">
        <Bone refID="79" transformation="-1,0,0,0,1,0,0,0,-1,2.4000022411346436,4.7918682098388672,-8.7999992370605469">
        </Bone>
      </Part>
    </Brick>
    <Brick refID="79" designID="6636">
      <Part refID="80" designID="6636" materials="199,0" decoration="0">
        <Bone refID="80" transformation="0,0,1,0,0.99999994039535522,0,-1,0,0,2.4000046253204346,7.6718697547912598,-10.400004386901855">
        </Bone>
      </Part>
    </Brick>
    <Brick refID="80" designID="2357">
      <Part refID="81" designID="2357" materials="24">
        <Bone refID="81" transformation="0,0,1,0,0.99999994039535522,0,-1,0,0,2.4000024795532227,6.7118692398071289,-9.6000051498413086">
        </Bone>
      </Part>
    </Brick>
    <Brick refID="81" designID="30414">
      <Part refID="82" designID="30414" materials="199">
        <Bone refID="82" transformation="0,0,-1,0,1,0,1,0,0,2.4000017642974854,5.7518692016601562,-6.4000005722045898">
        </Bone>
      </Part>
    </Brick>
    <Brick refID="82" designID="2412">
      <Part refID="83" designID="2412" materials="199">
        <Bone refID="83" transformation="0,0,-1,1,0,0,0,-1,0,2.8000056743621826,6.3118691444396973,-8.0000009536743164">
        </Bone>
      </Part>
    </Brick>
    <Brick refID="83" designID="2412">
      <Part refID="84" designID="2412" materials="199">
        <Bone refID="84" transformation="0,0,-1,1,0,0,0,-1,0,2.8000032901763916,6.3118691444396973,-6.4000015258789062">
        </Bone>
      </Part>
    </Brick>
    <Brick refID="84" designID="3010">
      <Part refID="85" designID="3010" materials="24">
        <Bone refID="85" transformation="0,0,-1,0,1,0,1,0,0,1.6000041961669922,5.751868724822998,-6.4000015258789062">
        </Bone>
      </Part>
    </Brick>
    <Brick refID="85" designID="4162">
      <Part refID="86" designID="4162" materials="199">
        <Bone refID="86" transformation="0,0,1,0,0.99999994039535522,0,-1,0,0,0,4.7918682098388672,-8.8000030517578125">
        </Bone>
      </Part>
    </Brick>
    <Brick refID="86" designID="2465">
      <Part refID="87" designID="2465" materials="24">
        <Bone refID="87" transformation="0,0,1,0,0.99999994039535522,0,-1,0,0,2.4000000953674316,3.5118691921234131,-8.8000001907348633">
        </Bone>
      </Part>
    </Brick>
    <Brick refID="87" designID="2465">
      <Part refID="88" designID="2465" materials="24">
        <Bone refID="88" transformation="0,0,1,0,0.99999994039535522,0,-1,0,0,-3.1999976634979248,3.5118694305419922,-8.8000011444091797">
        </Bone>
      </Part>
    </Brick>
    <Brick refID="88" designID="4162">
      <Part refID="89" designID="4162" materials="199">
        <Bone refID="89" transformation="0,0,1,0,0.99999994039535522,0,-1,0,0,-3.1999952793121338,7.6718692779541016,-10.400006294250488">
        </Bone>
      </Part>
    </Brick>
    <Brick refID="89" designID="2357">
      <Part refID="90" designID="2357" materials="24">
        <Bone refID="90" transformation="-1,0,0,0,1,0,0,0,-1,-2.3999972343444824,6.7118692398071289,-8.8000020980834961">
        </Bone>
      </Part>
    </Brick>
    <Brick refID="90" designID="3010">
      <Part refID="91" designID="3010" materials="24">
        <Bone refID="91" transformation="0,0,1,0,0.99999994039535522,0,-1,0,0,-2.3999979496002197,5.751868724822998,-8.8000040054321289">
        </Bone>
      </Part>
    </Brick>
    <Brick refID="91" designID="30414">
      <Part refID="92" designID="30414" materials="199">
        <Bone refID="92" transformation="0,0,1,0,0.99999994039535522,0,-1,0,0,-3.1999971866607666,5.7518692016601562,-8.8000040054321289">
        </Bone>
      </Part>
    </Brick>
    <Brick refID="92" designID="2412">
      <Part refID="93" designID="2412" materials="199">
        <Bone refID="93" transformation="0,0,1.0000001192092896,-1.0000001192092896,0,0,0,-1.0000001192092896,0,-3.59999680519104,6.3118691444396973,-7.2000036239624023">
        </Bone>
      </Part>
    </Brick>
    <Brick refID="93" designID="2412">
      <Part refID="94" designID="2412" materials="199">
        <Bone refID="94" transformation="0,0,1.0000001192092896,-1.0000001192092896,0,0,0,-1.0000001192092896,0,-3.5999977588653564,6.3118686676025391,-8.8000049591064453">
        </Bone>
      </Part>
    </Brick>
    <Brick refID="94" designID="3039">
      <Part refID="95" designID="3039" materials="24,0" decoration="0">
        <Bone refID="95" transformation="1,0,0,0,1,0,0,0,1,-3.1999952793121338,6.7118692398071289,-4.8000020980834961">
        </Bone>
      </Part>
    </Brick>
    <Brick refID="95" designID="2431">
      <Part refID="96" designID="2431" materials="199,0" decoration="0">
        <Bone refID="96" transformation="0,0,1,0,0.99999994039535522,0,-1,0,0,1.6000027656555176,4.7918691635131836,0.79999947547912598">
        </Bone>
      </Part>
    </Brick>
    <Brick refID="96" designID="6636">
      <Part refID="97" designID="6636" materials="199,0" decoration="0">
        <Bone refID="97" transformation="-1,0,0,0,1,0,0,0,-1,0.80000478029251099,4.7918682098388672,-1.6000030040740967">
        </Bone>
      </Part>
    </Brick>
    <Brick refID="97" designID="2431">
      <Part refID="98" designID="2431" materials="199,0" decoration="0">
        <Bone refID="98" transformation="0,0,1,0,0.99999994039535522,0,-1,0,0,2.4000022411346436,4.7918691635131836,0.79999971389770508">
        </Bone>
      </Part>
    </Brick>
    <Brick refID="98" designID="73587">
      <Part refID="99" designID="4592" materials="26">
        <Bone refID="99" transformation="0,0,1,0,0.99999994039535522,0,-1,0,0,2.4000065326690674,4.7918682098388672,-1.6000020503997803">
        </Bone>
      </Part>
      <Part refID="100" designID="4593" materials="26">
        <Bone refID="100" transformation="0,0,1,0,0.99999994039535522,0,-1,0,0,2.4000046253204346,5.2118687629699707,-1.6000015735626221">
        </Bone>
      </Part>
    </Brick>
    <Brick refID="99" designID="6636">
      <Part refID="101" designID="6636" materials="199,0" decoration="0">
        <Bone refID="101" transformation="0,0,1,0,0.99999994039535522,0,-1,0,0,-3.199998140335083,4.7918691635131836,-0.80000185966491699">
        </Bone>
      </Part>
    </Brick>
    <Brick refID="100" designID="6636">
      <Part refID="102" designID="6636" materials="199,0" decoration="0">
        <Bone refID="102" transformation="0,0,1,0,0.99999994039535522,0,-1,0,0,-2.3999989032745361,4.7918691635131836,-0.80000042915344238">
        </Bone>
      </Part>
    </Brick>
    <Brick refID="101" designID="3031">
      <Part refID="103" designID="3031" materials="24">
        <Bone refID="103" transformation="1,0,0,0,1,0,0,0,1,-1.5999996662139893,4.1518692970275879,0.79999971389770508">
        </Bone>
      </Part>
    </Brick>
    <Brick refID="102" designID="3031">
      <Part refID="104" designID="3031" materials="24">
        <Bone refID="104" transformation="1,0,0,0,1,0,0,0,1,-1.5999996662139893,3.83186936378479,0.79999971389770508">
        </Bone>
      </Part>
    </Brick>
    <Brick refID="103" designID="73603">
      <Part refID="105" designID="3404" materials="26">
        <Bone refID="105" transformation="1,0,0,0,1,0,0,0,1,-1.6000001430511475,3.1918697357177734,0">
        </Bone>
      </Part>
      <Part refID="106" designID="3403" materials="26">
        <Bone refID="106" transformation="1,0,0,0,1,0,0,0,1,-1.6000003814697266,2.8718698024749756,0.79999995231628418">
        </Bone>
      </Part>
    </Brick>
    <Brick refID="104" designID="6636">
      <Part refID="107" designID="6636" materials="199,0" decoration="0">
        <Bone refID="107" transformation="0,0,1,0,0.99999994039535522,0,-1,0,0,-0.80000001192092896,4.7918696403503418,-0.80000042915344238">
        </Bone>
      </Part>
    </Brick>
    <Brick refID="105" designID="6636">
      <Part refID="108" designID="6636" materials="199,0" decoration="0">
        <Bone refID="108" transformation="0,0,1,0,0.99999994039535522,0,-1,0,0,0,4.7918696403503418,-0.80000090599060059">
        </Bone>
      </Part>
    </Brick>
    <Brick refID="106" designID="58176">
      <Part refID="109" designID="58176" materials="182">
        <Bone refID="109" transformation="-1,0,0,0,1,0,0,0,-1,2.4000046253204346,7.3518691062927246,-11.20000171661377">
        </Bone>
      </Part>
    </Brick>
    <Brick refID="107" designID="60475">
      <Part refID="110" designID="60475" materials="24">
        <Bone refID="110" transformation="-1,0,0,0,1,0,0,0,-1,-3.1999955177307129,6.7118692398071289,-10.400002479553223">
        </Bone>
      </Part>
    </Brick>
    <Brick refID="108" designID="58176">
      <Part refID="111" designID="58176" materials="182">
        <Bone refID="111" transformation="-1,0,0,0,1,0,0,0,-1,-3.1999952793121338,7.3518691062927246,-11.20000171661377">
        </Bone>
      </Part>
    </Brick>
    <Brick refID="109" designID="60475">
      <Part refID="112" designID="60475" materials="24">
        <Bone refID="112" transformation="-1,0,0,0,1,0,0,0,-1,2.4000024795532227,6.7118692398071289,-10.40000057220459">
        </Bone>
      </Part>
    </Brick>
    <Brick refID="110" designID="3069">
      <Part refID="113" designID="3069" materials="199,0" decoration="0">
        <Bone refID="113" transformation="1,0,0,0,1,0,0,0,1,-0.80022531747817993,5.1118698120117187,8.8000040054321289">
        </Bone>
      </Part>
    </Brick>
    <Brick refID="111" designID="3666">
      <Part refID="114" designID="3666" materials="1">
        <Bone refID="114" transformation="-1,0,0,0,1,0,0,0,-1,1.5999977588653564,4.7918701171875,8.8000030517578125">
        </Bone>
      </Part>
    </Brick>
    <Brick refID="112" designID="3069">
      <Part refID="115" designID="3069" materials="182,0" decoration="0">
        <Bone refID="115" transformation="1,0,0,0,1,0,0,0,1,0.79977458715438843,5.1118698120117187,8.8000040054321289">
        </Bone>
      </Part>
    </Brick>
    <Brick refID="113" designID="3069">
      <Part refID="116" designID="3069" materials="182,0" decoration="0">
        <Bone refID="116" transformation="1,0,0,0,1,0,0,0,1,-2.4002254009246826,5.1118698120117187,8.8000040054321289">
        </Bone>
      </Part>
    </Brick>
    <Brick refID="114" designID="3460">
      <Part refID="117" designID="3460" materials="1">
        <Bone refID="117" transformation="-1,0,0,0,1,0,0,0,-1,2.3999989032745361,4.471869945526123,8.8000030517578125">
        </Bone>
      </Part>
    </Brick>
    <Brick refID="115" designID="4085">
      <Part refID="118" designID="4085" materials="24">
        <Bone refID="118" transformation="0,0,1,0,0.99999994039535522,0,-1,0,0,-3.2000014781951904,4.1518697738647461,8.8000030517578125">
        </Bone>
      </Part>
    </Brick>
    <Brick refID="116" designID="3460">
      <Part refID="119" designID="3460" materials="24">
        <Bone refID="119" transformation="1,0,0,0,1,0,0,0,1,-3.2000000476837158,3.8318698406219482,8.8000030517578125">
        </Bone>
      </Part>
    </Brick>
    <Brick refID="117" designID="3034">
      <Part refID="120" designID="3034" materials="24">
        <Bone refID="120" transformation="1,0,0,0,1,0,0,0,1,-3.2000000476837158,3.5118701457977295,9.6000032424926758">
        </Bone>
      </Part>
    </Brick>
    <Brick refID="118" designID="4162">
      <Part refID="121" designID="4162" materials="24">
        <Bone refID="121" transformation="1,0,0,0,1,0,0,0,1,-3.1999998092651367,3.8318698406219482,9.6000032424926758">
        </Bone>
      </Part>
    </Brick>
    <Brick refID="119" designID="3034">
      <Part refID="122" designID="3034" materials="24">
        <Bone refID="122" transformation="1,0,0,0,1,0,0,0,1,-3.2000000476837158,3.1918702125549316,9.6000032424926758">
        </Bone>
      </Part>
    </Brick>
    <Brick refID="120" designID="3010">
      <Part refID="123" designID="3010" materials="24">
        <Bone refID="123" transformation="1,0,0,0,1,0,0,0,1,0,2.2318699359893799,9.6000022888183594">
        </Bone>
      </Part>
    </Brick>
    <Brick refID="121" designID="3795">
      <Part refID="124" designID="3795" materials="199">
        <Bone refID="124" transformation="1,0,0,0,1,0,0,0,1,-2.4000003337860107,1.911870002746582,9.6000022888183594">
        </Bone>
      </Part>
    </Brick>
    <Brick refID="122" designID="3002">
      <Part refID="125" designID="3002" materials="199">
        <Bone refID="125" transformation="0,0,1,0,1,0,-1,0,0,0,0.95186996459960938,8.0000019073486328">
        </Bone>
      </Part>
    </Brick>
    <Brick refID="123" designID="3460">
      <Part refID="126" designID="3460" materials="199">
        <Bone refID="126" transformation="1,0,0,0,1,0,0,0,1,-3.1999998092651367,0.63186979293823242,8.8000020980834961">
        </Bone>
      </Part>
    </Brick>
    <Brick refID="124" designID="3002">
      <Part refID="127" designID="3002" materials="199">
        <Bone refID="127" transformation="0,0,1,0,1,0,-1,0,0,-1.6000006198883057,0.95186996459960938,8.0000028610229492">
        </Bone>
      </Part>
    </Brick>
    <Brick refID="125" designID="3031">
      <Part refID="128" designID="3031" materials="24">
        <Bone refID="128" transformation="0,0,-1,0,0.99999994039535522,0,1,0,0,0.80000001192092896,1.911870002746582,8">
        </Bone>
      </Part>
    </Brick>
    <Brick refID="126" designID="6249">
      <Part refID="129" designID="6249" materials="199">
        <Bone refID="129" transformation="0,0,-1,0,0.99999994039535522,0,1,0,0,0.7999998927116394,0.93986988067626953,7.1999998092651367">
        </Bone>
      </Part>
    </Brick>
    <Brick refID="127" designID="3031">
      <Part refID="130" designID="3031" materials="199">
        <Bone refID="130" transformation="0,0,-1,0,0.99999994039535522,0,1,0,0,0.80000001192092896,0.63186979293823242,8">
        </Bone>
      </Part>
    </Brick>
    <Brick refID="128" designID="3006">
      <Part refID="131" designID="3006" materials="199">
        <Bone refID="131" transformation="0,0,-1,0,0.99999994039535522,0,1,0,0,-0.80000001192092896,0.95186996459960938,5.5999999046325684">
        </Bone>
      </Part>
    </Brick>
    <Brick refID="129" designID="2431">
      <Part refID="132" designID="2431" materials="199,0" decoration="0">
        <Bone refID="132" transformation="0,0,-1,0,0.99999994039535522,0,1,0,0,-1.6000000238418579,1.911870002746582,4">
        </Bone>
      </Part>
    </Brick>
    <Brick refID="130" designID="3001">
      <Part refID="133" designID="3001" materials="24">
        <Bone refID="133" transformation="-1,0,0,0,1,0,0,0,-1,0.7999998927116394,1.911870002746582,0">
        </Bone>
      </Part>
    </Brick>
    <Brick refID="131" designID="3020">
      <Part refID="134" designID="3020" materials="199">
        <Bone refID="134" transformation="-1,0,0,0,1,0,0,0,-1,0.80000001192092896,2.5518698692321777,-1.6000006198883057">
        </Bone>
      </Part>
    </Brick>
    <Brick refID="132" designID="3020">
      <Part refID="135" designID="3020" materials="24">
        <Bone refID="135" transformation="-1,0,0,0,1,0,0,0,-1,0.80000001192092896,2.2318699359893799,-1.6000006198883057">
        </Bone>
      </Part>
    </Brick>
    <Brick refID="133" designID="3035">
      <Part refID="136" designID="3035" materials="199">
        <Bone refID="136" transformation="0,0,-1,0,0.99999994039535522,0,1,0,0,0.80000001192092896,1.911870002746582,-1.6000006198883057">
        </Bone>
      </Part>
    </Brick>
    <Brick refID="134" designID="3001">
      <Part refID="137" designID="3001" materials="199">
