<?xml version="1.0" encoding="UTF-8" standalone="no" ?>
<LXFML versionMajor="5" versionMinor="0">
  <Meta>
    <Application name="LEGO Universe" versionMajor="0" versionMinor="0"/>
    <Brand name="LEGOUniverse"/>
    <BrickSet version="330"/>
  </Meta>
  <Bricks>
    <Brick refID="0" designID="3937">
      <Part refID="0" designID="3937" materials="26">
        <Bone refID="0" transformation="0,0,-0.99999994039535522,1,0,0,0,-0.99999982118606567,0,0.80000025033950806,24.560005187988281,-1.999990701675415">
        </Bone>
      </Part>
    </Brick>
    <Brick refID="1" designID="3665">
      <Part refID="1" designID="3665" materials="26">
        <Bone refID="1" transformation="0.50000172853469849,0.86602437496185303,0,0.86602461338043213,-0.50000149011611938,0,0,0,-1.0000001192092896,3.3691744804382324,23.400003433227539,-5.9999823570251465">
        </Bone>
      </Part>
    </Brick>
    <Brick refID="2" designID="3665">
      <Part refID="2" designID="3665" materials="26">
        <Bone refID="2" transformation="0.50000137090682983,0.86602455377578735,0,0.8660246729850769,-0.50000125169754028,0,0,0,-1,4.200563907623291,22.920003890991211,-6.7999763488769531">
        </Bone>
      </Part>
    </Brick>
    <Brick refID="3" designID="6636">
      <Part refID="3" designID="6636" materials="26,0" decoration="0">
        <Bone refID="3" transformation="0,0,1,0.86602485179901123,-0.50000113248825073,0,0.50000172853469849,0.86602491140365601,0,5.0319337844848633,22.43998908996582,-7.5999755859375">
        </Bone>
      </Part>
    </Brick>
    <Brick refID="4" designID="6112">
      <Part refID="4" designID="6112" materials="26">
        <Bone refID="4" transformation="0,0,1,0.86602503061294556,-0.50000113248825073,0,0.50000149011611938,0.86602491140365601,0,4.2005500793457031,22.919990539550781,-5.9999775886535645">
        </Bone>
      </Part>
    </Brick>
    <Brick refID="5" designID="2431">
      <Part refID="5" designID="2431" materials="26,0" decoration="0">
        <Bone refID="5" transformation="0,0,1,0.86602503061294556,-0.50000113248825073,0,0.50000149011611938,0.86602491140365601,0,5.0319328308105469,22.439990997314453,-2.7999768257141113">
        </Bone>
      </Part>
    </Brick>
    <Brick refID="6" designID="6111">
      <Part refID="6" designID="6111" materials="26">
        <Bone refID="6" transformation="0,0,1,0.86602568626403809,-0.49999970197677612,0,0.49999979138374329,0.86602538824081421,0,3.3691666126251221,23.400009155273438,-5.1999754905700684">
        </Bone>
      </Part>
    </Brick>
    <Brick refID="7" designID="3008">
      <Part refID="7" designID="3008" materials="26">
        <Bone refID="7" transformation="0,0,1,0.86602550745010376,-0.49999979138374329,0,0.49999982118606567,0.86602544784545898,0,2.5377757549285889,23.880010604858398,-4.3999757766723633">
        </Bone>
      </Part>
    </Brick>
    <Brick refID="8" designID="3009">
      <Part refID="8" designID="3009" materials="26">
        <Bone refID="8" transformation="0,0,-1,0.86602479219436646,-0.50000125169754028,0,-0.50000137090682983,-0.86602455377578735,0,1.7063835859298706,24.360010147094727,0.40002679824829102">
        </Bone>
      </Part>
    </Brick>
    <Brick refID="9" designID="3938">
      <Part refID="9" designID="3938" materials="26">
        <Bone refID="9" transformation="0,0,-1,0.86602503061294556,-0.50000083446502686,0,-0.50000095367431641,-0.86602479219436646,0,1.3599866628646851,24.560007095336914,-1.9999899864196777">
        </Bone>
      </Part>
    </Brick>
    <Brick refID="10" designID="3938">
      <Part refID="10" designID="3938" materials="26">
        <Bone refID="10" transformation="0,0,-1,0.86602497100830078,-0.50000101327896118,0,-0.50000113248825073,-0.86602473258972168,0,1.3599776029586792,24.56001091003418,-0.39999246597290039">
        </Bone>
      </Part>
    </Brick>
    <Brick refID="11" designID="6636">
      <Part refID="11" designID="6636" materials="26,0" decoration="0">
        <Bone refID="11" transformation="0,0,1,0.86602538824081421,-0.50000005960464478,0,0.5000002384185791,0.86602520942687988,0,5.0319266319274902,22.440004348754883,0.40002012252807617">
        </Bone>
      </Part>
    </Brick>
    <Brick refID="12" designID="3665">
      <Part refID="12" designID="3665" materials="26">
        <Bone refID="12" transformation="-0.50000083446502686,-0.86602497100830078,0,0.86602526903152466,-0.50000065565109253,0,0,0,1.0000001192092896,4.2005434036254883,22.920003890991211,3.6000175476074219">
        </Bone>
      </Part>
    </Brick>
    <Brick refID="13" designID="3665">
      <Part refID="13" designID="3665" materials="26">
        <Bone refID="13" transformation="0.50000172853469849,0.86602437496185303,0,0.86602461338043213,-0.50000149011611938,0,0,0,-1.0000001192092896,2.5377829074859619,23.880006790161133,-5.1999788284301758">
        </Bone>
      </Part>
    </Brick>
    <Brick refID="14" designID="3665">
      <Part refID="14" designID="3665" materials="26">
        <Bone refID="14" transformation="0.50000184774398804,0.86602425575256348,0,0.86602431535720825,-0.50000172853469849,0,0,0,-0.99999994039535522,1.7063924074172974,24.360012054443359,-4.3999795913696289">
        </Bone>
      </Part>
    </Brick>
    <Brick refID="15" designID="3665">
      <Part refID="15" designID="3665" materials="26">
        <Bone refID="15" transformation="-0.50000184774398804,-0.86602431535720825,0,0.86602449417114258,-0.50000172853469849,0,0,0,1.0000001192092896,1.7063906192779541,24.360012054443359,1.2000230550765991">
        </Bone>
      </Part>
    </Brick>
    <Brick refID="16" designID="3665">
      <Part refID="16" designID="3665" materials="26">
        <Bone refID="16" transformation="-0.50000256299972534,-0.86602389812469482,0,0.86602413654327393,-0.50000232458114624,0,0,0,1.0000001192092896,3.3691561222076416,23.400007247924805,2.8000216484069824">
        </Bone>
      </Part>
    </Brick>
    <Brick refID="17" designID="3665">
      <Part refID="17" designID="3665" materials="26">
        <Bone refID="17" transformation="-0.50000196695327759,-0.86602413654327393,0,0.86602437496185303,-0.50000184774398804,0,0,0,1,2.5377810001373291,23.880008697509766,2.0000181198120117">
        </Bone>
      </Part>
    </Brick>
    <Brick refID="18" designID="3937">
      <Part refID="18" designID="3937" materials="26">
        <Bone refID="18" transformation="0,0,-1,1,0,0,0,-0.99999982118606567,0,0.79994094371795654,24.560009002685547,-0.39999222755432129">
        </Bone>
      </Part>
    </Brick>
    <Brick refID="19" designID="3937">
      <Part refID="19" designID="3937" materials="26">
        <Bone refID="19" transformation="-1.0000001192092896,0,0,0,0,-1.0000001192092896,0,-0.99999994039535522,0,-1.9999473094940186,24.560009002685547,-4.0000028610229492">
        </Bone>
      </Part>
    </Brick>
    <Brick refID="20" designID="50746">
      <Part refID="20" designID="50746" materials="297">
        <Bone refID="20" transformation="0.7071068286895752,0,0.70710676908493042,0.27059891819953918,0.92387950420379639,-0.27059805393218994,-0.65328115224838257,0.38268390297889709,0.653281569480896,6.080721378326416,24.017108917236328,-9.2811136245727539">
        </Bone>
      </Part>
    </Brick>
    <Brick refID="21" designID="4286">
      <Part refID="21" designID="4286" materials="26">
        <Bone refID="21" transformation="0.70710676908493042,0,0.70710670948028564,0.27059879899024963,0.92387944459915161,-0.27059799432754517,-0.65328109264373779,0.38268378376960754,0.65328150987625122,5.820946216583252,23.130184173583984,-9.0213403701782227">
        </Bone>
      </Part>
    </Brick>
    <Brick refID="22" designID="3460">
      <Part refID="22" designID="3460" materials="26">
        <Bone refID="22" transformation="-0.65328299999237061,0.38268402218818665,0.65327966213226318,0.27059847116470337,0.92387932538986206,-0.27059867978096008,-0.70710515975952148,0,-0.70710831880569458,5.7343602180480957,22.834541320800781,-8.9347391128540039">
        </Bone>
      </Part>
    </Brick>
    <Brick refID="23" designID="30407">
      <Part refID="23" designID="30407" materials="26">
        <Bone refID="23" transformation="0.65328186750411987,-0.38268330693244934,-0.65328109264373779,0.27059829235076904,0.92387938499450684,-0.27059778571128845,0.70710617303848267,0,0.7071073055267334,1.9893960952758789,24.681936264038086,-5.1897563934326172">
        </Bone>
      </Part>
    </Brick>
    <Brick refID="24" designID="44301">
      <Part refID="24" designID="44301" materials="26">
        <Bone refID="24" transformation="-0.70710772275924683,0,0.70710581541061401,0,0.9999997615814209,0,-0.70710581541061401,0,-0.70710772275924683,0.96569275856018066,24.959985733032227,-4.165672779083252">
        </Bone>
      </Part>
    </Brick>
    <Brick refID="25" designID="3069">
      <Part refID="25" designID="3069" materials="21,0" decoration="0">
        <Bone refID="25" transformation="0.70710748434066772,0,-0.70710593461990356,0,0.9999997615814209,0,0.70710593461990356,0,0.70710748434066772,0.39984256029129028,25.279989242553711,-3.5998282432556152">
        </Bone>
      </Part>
    </Brick>
    <Brick refID="26" designID="3024">
      <Part refID="26" designID="3024" materials="21">
        <Bone refID="26" transformation="0,0,-0.99999994039535522,0,0.9999997615814209,0,0.99999994039535522,0,0,0.39999514818191528,24.640005111694336,-3.5999884605407715">
        </Bone>
      </Part>
    </Brick>
    <Brick refID="27" designID="2420">
      <Part refID="27" designID="2420" materials="21">
        <Bone refID="27" transformation="0.99999994039535522,0,0,0,0.9999997615814209,0,0,0,0.99999994039535522,-0.39999935030937195,24.32000732421875,-3.5999925136566162">
        </Bone>
      </Part>
    </Brick>
    <Brick refID="28" designID="6231">
      <Part refID="28" designID="6231" materials="21">
        <Bone refID="28" transformation="0,0,-0.99999994039535522,0,0.9999997615814209,0,0.99999994039535522,0,0,-0.40000036358833313,24.640003204345703,-3.5999925136566162">
        </Bone>
      </Part>
    </Brick>
    <Brick refID="29" designID="6231">
      <Part refID="29" designID="6231" materials="21">
        <Bone refID="29" transformation="0,0,0.99999994039535522,0,0.9999997615814209,0,-0.99999994039535522,0,0,0.39999502897262573,24.640007019042969,-2.7999935150146484">
        </Bone>
      </Part>
    </Brick>
    <Brick refID="30" designID="2420">
      <Part refID="30" designID="2420" materials="21">
        <Bone refID="30" transformation="0.99999994039535522,0,0,0,0.9999997615814209,0,0,0,0.99999994039535522,-0.39999926090240479,24.000007629394531,-3.5999963283538818">
        </Bone>
      </Part>
    </Brick>
    <Brick refID="31" designID="3023">
      <Part refID="31" designID="3023" materials="21">
        <Bone refID="31" transformation="0,0,0.99999994039535522,0,0.9999997615814209,0,-0.99999994039535522,0,0,0.39999687671661377,25.280008316040039,-1.9999897480010986">
        </Bone>
      </Part>
    </Brick>
    <Brick refID="32" designID="3023">
      <Part refID="32" designID="3023" materials="21">
        <Bone refID="32" transformation="0,0,0.99999988079071045,0,0.9999997615814209,0,-0.99999988079071045,0,0,0.39999496936798096,24.96000862121582,-1.9999897480010986">
        </Bone>
      </Part>
    </Brick>
    <Brick refID="33" designID="52107">
      <Part refID="33" designID="52107" materials="21">
        <Bone refID="33" transformation="0,0,-0.99999988079071045,0,0.9999997615814209,0,0.99999988079071045,0,0,0.39999458193778992,24.000005722045898,-1.1999945640563965">
        </Bone>
      </Part>
    </Brick>
    <Brick refID="34" designID="3037">
      <Part refID="34" designID="3037" materials="21">
        <Bone refID="34" transformation="0,0,-0.99999988079071045,0,0.9999997615814209,0,0.99999988079071045,0,0,0.40000209212303162,23.040006637573242,-0.3999917209148407">
        </Bone>
      </Part>
    </Brick>
    <Brick refID="35" designID="6881">
      <Part refID="35" designID="6881" materials="21">
        <Bone refID="35" transformation="0.99999988079071045,0,0,0,0.9999997615814209,0,0,0,0.99999988079071045,-1.999995231628418,25.600013732910156,-1.2000026702880859">
        </Bone>
      </Part>
    </Brick>
    <Brick refID="36" designID="3795">
      <Part refID="36" designID="3795" materials="21">
        <Bone refID="36" transformation="0,0,0.99999988079071045,0,0.9999997615814209,0,-0.99999988079071045,0,0,-2.000002384185791,25.280006408691406,-3.5999922752380371">
        </Bone>
      </Part>
    </Brick>
    <Brick refID="37" designID="3795">
      <Part refID="37" designID="3795" materials="21">
        <Bone refID="37" transformation="0,0,0.99999988079071045,0,0.9999997615814209,0,-0.99999988079071045,0,0,-2.000002384185791,24.960006713867188,-3.5999922752380371">
        </Bone>
      </Part>
    </Brick>
    <Brick refID="38" designID="52107">
      <Part refID="38" designID="52107" materials="21">
        <Bone refID="38" transformation="-0.99999988079071045,0,0,0,0.9999997615814209,0,0,0,-0.99999988079071045,-1.2000023126602173,24.000001907348633,-3.5999922752380371">
        </Bone>
      </Part>
    </Brick>
    <Brick refID="39" designID="3037">
      <Part refID="39" designID="3037" materials="21">
        <Bone refID="39" transformation="-0.99999988079071045,0,0,0,0.9999997615814209,0,0,0,-0.99999988079071045,-0.40000098943710327,23.040006637573242,-3.5999963283538818">
        </Bone>
      </Part>
    </Brick>
    <Brick refID="40" designID="3023">
      <Part refID="40" designID="3023" materials="21">
        <Bone refID="40" transformation="0,0,-0.99999994039535522,0,0.99999988079071045,0,0.99999994039535522,0,0,-3.5999939441680908,25.280008316040039,-1.1999953985214233">
        </Bone>
      </Part>
    </Brick>
    <Brick refID="41" designID="3023">
      <Part refID="41" designID="3023" materials="21">
        <Bone refID="41" transformation="0,0,-0.99999994039535522,0,0.99999988079071045,0,0.99999994039535522,0,0,-3.5999939441680908,24.960006713867188,-1.1999953985214233">
        </Bone>
      </Part>
    </Brick>
    <Brick refID="42" designID="43802">
      <Part refID="42" designID="43802" materials="26">
        <Bone refID="42" transformation="0.99999994039535522,0,0,0,0.99999988079071045,0,0,0,0.99999994039535522,-4.399998664855957,22.080005645751953,1.2000060081481934">
        </Bone>
      </Part>
    </Brick>
    <Brick refID="43" designID="3045">
      <Part refID="43" designID="3045" materials="21">
        <Bone refID="43" transformation="-0.99999994039535522,0,0,0,0.99999988079071045,0,0,0,-0.99999994039535522,0.40000197291374207,23.040006637573242,-3.59999680519104">
        </Bone>
      </Part>
    </Brick>
    <Brick refID="44" designID="3045">
      <Part refID="44" designID="3045" materials="21">
        <Bone refID="44" transformation="0,0,-0.99999994039535522,0,0.99999988079071045,0,0.99999994039535522,0,0,0.4000086784362793,23.040019989013672,0.40000376105308533">
        </Bone>
      </Part>
    </Brick>
    <Brick refID="45" designID="3045">
      <Part refID="45" designID="3045" materials="21">
        <Bone refID="45" transformation="0,0,0.99999994039535522,0,0.99999988079071045,0,-0.99999994039535522,0,0,-3.5999991893768311,23.040006637573242,-3.5999937057495117">
        </Bone>
      </Part>
    </Brick>
    <Brick refID="46" designID="52107">
      <Part refID="46" designID="52107" materials="21">
        <Bone refID="46" transformation="0.99999994039535522,0,0,0,0.99999988079071045,0,0,0,0.99999994039535522,-1.9999954700469971,24.000009536743164,0.40000328421592712">
        </Bone>
      </Part>
    </Brick>
    <Brick refID="47" designID="52107">
      <Part refID="47" designID="52107" materials="21">
        <Bone refID="47" transformation="0,0,0.99999994039535522,0,0.99999988079071045,0,-0.99999994039535522,0,0,-3.5999939441680908,24.000001907348633,-1.9999909400939941">
        </Bone>
      </Part>
    </Brick>
    <Brick refID="48" designID="3037">
      <Part refID="48" designID="3037" materials="21">
        <Bone refID="48" transformation="0.99999994039535522,0,0,0,0.9999997615814209,0,0,0,0.99999994039535522,-2.7999942302703857,23.040010452270508,0.40000256896018982">
        </Bone>
      </Part>
    </Brick>
    <Brick refID="49" designID="3037">
      <Part refID="49" designID="3037" materials="21">
        <Bone refID="49" transformation="0,0,0.99999994039535522,0,0.99999988079071045,0,-0.99999994039535522,0,0,-3.5999958515167236,23.040006637573242,-2.7999944686889648">
        </Bone>
      </Part>
    </Brick>
    <Brick refID="50" designID="3045">
      <Part refID="50" designID="3045" materials="21">
        <Bone refID="50" transformation="0.99999994039535522,0,0,0,0.99999988079071045,0,0,0,0.99999994039535522,-3.5999963283538818,23.040010452270508,0.40000304579734802">
        </Bone>
      </Part>
    </Brick>
    <Brick refID="51" designID="3069">
      <Part refID="51" designID="3069" materials="21,0" decoration="0">
        <Bone refID="51" transformation="0.70710635185241699,0,0.7071073055267334,0,0.99999970197677612,0,-0.7071073055267334,0,0.70710635185241699,0.39984241127967834,25.280012130737305,0.39984175562858582">
        </Bone>
      </Part>
    </Brick>
    <Brick refID="52" designID="44301">
      <Part refID="52" designID="44301" materials="26">
        <Bone refID="52" transformation="-0.70710581541061401,0,-0.7071075439453125,0,0.99999982118606567,0,0.7071075439453125,0,-0.70710581541061401,0.96569079160690308,24.96000862121582,0.96568530797958374">
        </Bone>
      </Part>
    </Brick>
    <Brick refID="53" designID="3024">
      <Part refID="53" designID="3024" materials="21">
        <Bone refID="53" transformation="0.99999994039535522,0,0,0,0.99999970197677612,0,0,0,0.99999994039535522,0.40001022815704346,24.640026092529297,0.40000206232070923">
        </Bone>
      </Part>
    </Brick>
    <Brick refID="54" designID="2420">
      <Part refID="54" designID="2420" materials="21">
        <Bone refID="54" transformation="0,0,0.99999994039535522,0,0.99999982118606567,0,-0.99999994039535522,0,0,0.40001028776168823,24.320022583007813,-0.40000119805335999">
        </Bone>
      </Part>
    </Brick>
    <Brick refID="55" designID="6231">
      <Part refID="55" designID="6231" materials="21">
        <Bone refID="55" transformation="0.99999994039535522,0,0,0,0.99999970197677612,0,0,0,0.99999994039535522,0.40000754594802856,24.640020370483398,-0.40000098943710327">
        </Bone>
      </Part>
    </Brick>
    <Brick refID="56" designID="2420">
      <Part refID="56" designID="2420" materials="21">
        <Bone refID="56" transformation="0,0,0.99999994039535522,0,0.99999982118606567,0,-0.99999994039535522,0,0,0.40001028776168823,24.000024795532227,-0.40000119805335999">
        </Bone>
      </Part>
    </Brick>
    <Brick refID="57" designID="6231">
      <Part refID="57" designID="6231" materials="21">
        <Bone refID="57" transformation="-0.99999994039535522,0,0,0,0.99999982118606567,0,0,0,-0.99999994039535522,-0.3999926745891571,24.640024185180664,0.39999398589134216">
        </Bone>
      </Part>
    </Brick>
    <Brick refID="58" designID="3069">
      <Part refID="58" designID="3069" materials="21,0" decoration="0">
        <Bone refID="58" transformation="-0.70710599422454834,0,-0.70710772275924683,0,0.9999997615814209,0,0.70710772275924683,0,-0.70710599422454834,-3.5998344421386719,25.279989242553711,-3.5998361110687256">
        </Bone>
      </Part>
    </Brick>
    <Brick refID="59" designID="44301">
      <Part refID="59" designID="44301" materials="26">
        <Bone refID="59" transformation="0.70710647106170654,0,0.70710742473602295,0,0.99999970197677612,0,-0.70710742473602295,0,0.70710647106170654,-4.1656880378723145,24.959981918334961,-4.1656780242919922">
        </Bone>
      </Part>
    </Brick>
    <Brick refID="60" designID="3024">
      <Part refID="60" designID="3024" materials="21">
        <Bone refID="60" transformation="-1.0000001192092896,0,0,0,0.9999997615814209,0,0,0,-1.0000001192092896,-3.5999984741210937,24.640005111694336,-3.5999886989593506">
        </Bone>
      </Part>
    </Brick>
    <Brick refID="61" designID="2420">
      <Part refID="61" designID="2420" materials="21">
        <Bone refID="61" transformation="0,0,-1.0000001192092896,0,0.9999997615814209,0,1.0000001192092896,0,0,-3.5999987125396729,24.32000732421875,-2.7999894618988037">
        </Bone>
      </Part>
    </Brick>
    <Brick refID="62" designID="6231">
      <Part refID="62" designID="6231" materials="21">
        <Bone refID="62" transformation="1.0000001192092896,0,0,0,0.99999970197677612,0,0,0,1.0000001192092896,-2.7999992370605469,24.640003204345703,-3.5999846458435059">
        </Bone>
      </Part>
    </Brick>
    <Brick refID="63" designID="2420">
      <Part refID="63" designID="2420" materials="21">
        <Bone refID="63" transformation="0,0,-1.0000001192092896,0,0.9999997615814209,0,1.0000001192092896,0,0,-3.5999984741210937,24.000007629394531,-2.7999856472015381">
        </Bone>
      </Part>
    </Brick>
    <Brick refID="64" designID="6231">
      <Part refID="64" designID="6231" materials="21">
        <Bone refID="64" transformation="-1,0,0,0,0.99999988079071045,0,0,0,-1,-3.5999972820281982,24.640007019042969,-2.799990177154541">
        </Bone>
      </Part>
    </Brick>
    <Brick refID="65" designID="6231">
      <Part refID="65" designID="6231" materials="21">
        <Bone refID="65" transformation="0,0,0.99999994039535522,0,0.9999997615814209,0,-0.99999994039535522,0,0,-2.7999997138977051,24.640005111694336,0.40000355243682861">
        </Bone>
      </Part>
    </Brick>
    <Brick refID="66" designID="2420">
      <Part refID="66" designID="2420" materials="21">
        <Bone refID="66" transformation="-0.99999988079071045,0,0,0,0.9999997615814209,0,0,0,-0.99999988079071045,-2.7999987602233887,24.320005416870117,0.40000367164611816">
        </Bone>
      </Part>
    </Brick>
    <Brick refID="67" designID="6231">
      <Part refID="67" designID="6231" materials="21">
        <Bone refID="67" transformation="0,0,-0.99999988079071045,0,0.9999997615814209,0,0.99999988079071045,0,0,-3.5999948978424072,24.640005111694336,-0.39999955892562866">
        </Bone>
      </Part>
    </Brick>
    <Brick refID="68" designID="2420">
      <Part refID="68" designID="2420" materials="21">
        <Bone refID="68" transformation="-0.99999988079071045,0,0,0,0.9999997615814209,0,0,0,-0.99999988079071045,-2.7999987602233887,24.000005722045898,0.40000367164611816">
        </Bone>
      </Part>
    </Brick>
    <Brick refID="69" designID="3024">
      <Part refID="69" designID="3024" materials="21">
        <Bone refID="69" transformation="0,0,0.99999994039535522,0,0.99999988079071045,0,-0.99999994039535522,0,0,-3.5999987125396729,24.640007019042969,0.39999550580978394">
        </Bone>
      </Part>
    </Brick>
    <Brick refID="70" designID="3069">
      <Part refID="70" designID="3069" materials="21,0" decoration="0">
        <Bone refID="70" transformation="-0.70710766315460205,0,0.70710575580596924,0,0.9999997615814209,0,-0.70710575580596924,0,-0.70710766315460205,-3.5998423099517822,25.279993057250977,0.39983528852462769">
        </Bone>
      </Part>
    </Brick>
    <Brick refID="71" designID="44301">
      <Part refID="71" designID="44301" materials="26">
        <Bone refID="71" transformation="0.70710676908493042,0,-0.70710653066635132,0,0.9999997615814209,0,0.70710653066635132,0,0.70710676908493042,-4.165687084197998,24.959991455078125,0.96568435430526733">
        </Bone>
      </Part>
    </Brick>
    <Brick refID="72" designID="3460">
      <Part refID="72" designID="3460" materials="26">
        <Bone refID="72" transformation="-0.65328067541122437,0.3826831579208374,-0.65328240394592285,0.27059769630432129,0.92387944459915161,0.27059817314147949,0.70710772275924683,0,-0.70710581541061401,5.7347493171691895,22.834550857543945,5.7343683242797852">
        </Bone>
      </Part>
    </Brick>
    <Brick refID="73" designID="30407">
      <Part refID="73" designID="30407" materials="26">
        <Bone refID="73" transformation="0.65328079462051392,-0.38268333673477173,0.65328234434127808,0.27059799432754517,0.92387968301773071,0.27059796452522278,-0.70710766315460205,0,0.70710605382919312,1.9897745847702026,24.68194580078125,1.9894025325775146">
        </Bone>
      </Part>
    </Brick>
    <Brick refID="74" designID="4286">
      <Part refID="74" designID="4286" materials="26">
        <Bone refID="74" transformation="-0.70710843801498413,0,0.70710527896881104,0.27059793472290039,0.92387962341308594,0.27059823274612427,-0.65328001976013184,0.38268351554870605,-0.65328317880630493,5.821347713470459,23.130199432373047,5.8209481239318848">
        </Bone>
      </Part>
    </Brick>
    <Brick refID="75" designID="50746">
      <Part refID="75" designID="50746" materials="297">
        <Bone refID="75" transformation="-0.70710867643356323,0,0.70710504055023193,0.27059772610664368,0.92387962341308594,0.27059847116470337,-0.65327990055084229,0.38268354535102844,-0.65328329801559448,6.0811247825622559,24.017120361328125,6.0807199478149414">
        </Bone>
      </Part>
    </Brick>
    <Brick refID="76" designID="3937">
      <Part refID="76" designID="3937" materials="26">
        <Bone refID="76" transformation="-1,0,0,0,0,-1,0,-0.99999982118606567,0,-0.400002121925354,24.560007095336914,-3.9999947547912598">
        </Bone>
      </Part>
    </Brick>
    <Brick refID="77" designID="3665">
      <Part refID="77" designID="3665" materials="26">
        <Bone refID="77" transformation="0,-0.86602532863616943,0.50000017881393433,0,-0.50000005960464478,-0.86602556705474854,0.99999994039535522,0,0,2.0000014305114746,23.400007247924805,-6.5691795349121094">
        </Bone>
      </Part>
    </Brick>
    <Brick refID="78" designID="3665">
      <Part refID="78" designID="3665" materials="26">
        <Bone refID="78" transformation="0,-0.86602532863616943,0.50000017881393433,0,-0.50000005960464478,-0.86602556705474854,0.99999994039535522,0,0,2.7999961376190186,22.920005798339844,-7.400566577911377">
        </Bone>
      </Part>
    </Brick>
    <Brick refID="79" designID="6636">
      <Part refID="79" designID="6636" materials="26,0" decoration="0">
        <Bone refID="79" transformation="1,0,0,0,-0.50000041723251343,-0.86602503061294556,0,0.86602497100830078,-0.50000077486038208,-0.40001469850540161,22.440004348754883,-8.2319412231445313">
        </Bone>
      </Part>
    </Brick>
    <Brick refID="80" designID="6111">
      <Part refID="80" designID="6111" materials="26">
        <Bone refID="80" transformation="-1,0,0,0,-0.50000041723251343,-0.86602526903152466,0,-0.86602503061294556,0.50000065565109253,1.9999853372573853,22.920005798339844,-7.4005622863769531">
        </Bone>
      </Part>
    </Brick>
    <Brick refID="81" designID="3008">
      <Part refID="81" designID="3008" materials="26">
        <Bone refID="81" transformation="-1.0000001192092896,0,0,0,-0.50000053644180298,-0.86602544784545898,0,-0.86602514982223511,0.5000007152557373,1.1999897956848145,23.400012969970703,-6.5691800117492676">
        </Bone>
      </Part>
    </Brick>
    <Brick refID="82" designID="3009">
      <Part refID="82" designID="3009" materials="26">
        <Bone refID="82" transformation="-1,0,0,0,-0.50000053644180298,-0.86602544784545898,0,-0.86602503061294556,0.50000059604644775,0.39999404549598694,23.880012512207031,-5.737797737121582">
        </Bone>
      </Part>
    </Brick>
    <Brick refID="83" designID="3010">
      <Part refID="83" designID="3010" materials="26">
        <Bone refID="83" transformation="-1,0,0,0,-0.50000053644180298,-0.86602544784545898,0,-0.86602503061294556,0.50000059604644775,-0.40000873804092407,24.360012054443359,-4.9064078330993652">
        </Bone>
      </Part>
    </Brick>
    <Brick refID="84" designID="3938">
      <Part refID="84" designID="3938" materials="26">
        <Bone refID="84" transformation="-1,0,0,0,-0.50000083446502686,-0.86602503061294556,0,-0.86602497100830078,0.50000101327896118,-0.39999347925186157,24.560001373291016,-4.559995174407959">
        </Bone>
      </Part>
    </Brick>
    <Brick refID="85" designID="3938">
      <Part refID="85" designID="3938" materials="26">
        <Bone refID="85" transformation="-1,0,0,0,-0.50000065565109253,-0.86602503061294556,0,-0.86602485179901123,0.50000065565109253,-1.9999918937683105,24.560007095336914,-4.5599970817565918">
        </Bone>
      </Part>
    </Brick>
    <Brick refID="86" designID="4162">
      <Part refID="86" designID="4162" materials="26">
        <Bone refID="86" transformation="1.0000001192092896,0,0,0,-0.5,-0.86602550745010376,0,0.86602544784545898,-0.5000002384185791,-6.8000149726867676,22.44000244140625,-8.2319517135620117">
        </Bone>
      </Part>
    </Brick>
    <Brick refID="87" designID="3665">
      <Part refID="87" designID="3665" materials="26">
        <Bone refID="87" transformation="0,0.86602538824081421,-0.50000035762786865,0,-0.50000005960464478,-0.86602538824081421,-1,0,0,-6.0000157356262207,22.920001983642578,-7.4005637168884277">
        </Bone>
      </Part>
    </Brick>
    <Brick refID="88" designID="3665">
      <Part refID="88" designID="3665" materials="26">
        <Bone refID="88" transformation="0,-0.86602532863616943,0.50000017881393433,0,-0.50000005960464478,-0.86602556705474854,0.99999994039535522,0,0,1.1999983787536621,23.880006790161133,-5.737790584564209">
        </Bone>
      </Part>
    </Brick>
    <Brick refID="89" designID="3665">
      <Part refID="89" designID="3665" materials="26">
        <Bone refID="89" transformation="0,-0.86602532863616943,0.50000017881393433,0,-0.50000005960464478,-0.86602556705474854,0.99999994039535522,0,0,0.40000078082084656,24.360006332397461,-4.9064035415649414">
        </Bone>
      </Part>
    </Brick>
    <Brick refID="90" designID="3665">
      <Part refID="90" designID="3665" materials="26">
        <Bone refID="90" transformation="0,0.86602556705474854,-0.5,0,-0.49999961256980896,-0.86602562665939331,-0.99999994039535522,0,0,-3.6000220775604248,24.360004425048828,-4.9064078330993652">
        </Bone>
      </Part>
    </Brick>
    <Brick refID="91" designID="3665">
      <Part refID="91" designID="3665" materials="26">
        <Bone refID="91" transformation="0,0.86602574586868286,-0.49999967217445374,0,-0.49999937415122986,-0.86602580547332764,-0.99999994039535522,0,0,-5.2000203132629395,23.399999618530273,-6.5691847801208496">
        </Bone>
      </Part>
    </Brick>
    <Brick refID="92" designID="3665">
      <Part refID="92" designID="3665" materials="26">
        <Bone refID="92" transformation="0,0.86602574586868286,-0.49999967217445374,0,-0.49999937415122986,-0.86602580547332764,-0.99999994039535522,0,0,-4.4000244140625,23.880002975463867,-5.7377948760986328">
        </Bone>
      </Part>
    </Brick>
    <Brick refID="93" designID="3460">
      <Part refID="93" designID="3460" materials="26">
        <Bone refID="93" transformation="0.65328210592269897,0.38268393278121948,0.65328073501586914,-0.2705974280834198,0.92387926578521729,-0.27059942483901978,-0.70710670948028564,0,0.7071070671081543,-8.9347362518310547,22.834543228149414,-8.9343500137329102">
        </Bone>
      </Part>
    </Brick>
    <Brick refID="94" designID="30407">
      <Part refID="94" designID="30407" materials="26">
        <Bone refID="94" transformation="-0.65328031778335571,-0.38268342614173889,-0.65328246355056763,-0.27059775590896606,0.92387920618057251,-0.27059844136238098,0.70710790157318115,0,-0.70710563659667969,-5.18975830078125,24.681934356689453,-5.189399242401123">
        </Bone>
      </Part>
    </Brick>
    <Brick refID="95" designID="4286">
      <Part refID="95" designID="4286" materials="26">
        <Bone refID="95" transformation="0.70710641145706177,0,-0.70710712671279907,-0.27059757709503174,0.92387938499450684,-0.27059796452522278,0.65328210592269897,0.38268297910690308,0.65328103303909302,-9.0213346481323242,23.130184173583984,-9.0209207534790039">
        </Bone>
      </Part>
    </Brick>
    <Brick refID="96" designID="50746">
      <Part refID="96" designID="50746" materials="297">
        <Bone refID="96" transformation="0.70710641145706177,0,-0.70710712671279907,-0.27059751749038696,0.92387944459915161,-0.27059793472290039,0.65328210592269897,0.3826829195022583,0.65328115224838257,-9.2811126708984375,24.017110824584961,-9.2806940078735352">
        </Bone>
      </Part>
    </Brick>
    <Brick refID="97" designID="71075">
      <Part refID="97" designID="71075" materials="192">
        <Bone refID="97" transformation="1,0,0,0,0.9999997615814209,0,0,0,1,1.2000020742416382,20.480009078979492,-4.399996280670166">
        </Bone>
      </Part>
    </Brick>
    <Brick refID="98" designID="43888">
      <Part refID="98" designID="43888" materials="192">
        <Bone refID="98" transformation="1,0,0,0,0.9999997615814209,0,0,0,1,1.2000020742416382,14.720008850097656,-4.399996280670166">
        </Bone>
      </Part>
    </Brick>
    <Brick refID="99" designID="3937">
      <Part refID="99" designID="3937" materials="26">
        <Bone refID="99" transformation="1,0,0,0,0,1,0,-0.99999982118606567,0,-1.2000526189804077,24.560014724731445,0.80000442266464233">
        </Bone>
      </Part>
    </Brick>
    <Brick refID="100" designID="3937">
      <Part refID="100" designID="3937" materials="26">
        <Bone refID="100" transformation="0,0,1,-1,0,0,0,-0.99999982118606567,0,-3.9999396800994873,24.560009002685547,-2.7999906539916992">
        </Bone>
      </Part>
    </Brick>
    <Brick refID="101" designID="87087">
      <Part refID="101" designID="87087" materials="21">
        <Bone refID="101" transformation="0,0,-1,0,0.99999982118606567,0,1,0,0,2.8000013828277588,12.160011291503906,-2.0000052452087402">
        </Bone>
      </Part>
    </Brick>
    <Brick refID="102" designID="6141">
      <Part refID="102" designID="6141" materials="297">
        <Bone refID="102" transformation="0,-0.99999994039535522,0,1.0000001192092896,0,0,0,0,1.0000001192092896,1.6000025272369385,15.600008964538574,-2.8000161647796631">
        </Bone>
      </Part>
    </Brick>
    <Brick refID="103" designID="87087">
      <Part refID="103" designID="87087" materials="26">
        <Bone refID="103" transformation="0,0,-1,0,0.99999988079071045,0,1,0,0,1.2000019550323486,15.040008544921875,-2.8000161647796631">
        </Bone>
      </Part>
    </Brick>
    <Brick refID="104" designID="3024">
      <Part refID="104" designID="3024" materials="26">
        <Bone refID="104" transformation="0,0,-1,0,0.99999988079071045,0,1,0,0,1.2000019550323486,14.72000789642334,-2.8000161647796631">
        </Bone>
      </Part>
    </Brick>
    <Brick refID="105" designID="3030">
      <Part refID="105" designID="3030" materials="21">
        <Bone refID="105" transformation="0,0,1,0,0.99999994039535522,0,-1,0,0,-0.39999616146087646,14.400009155273437,-5.2000136375427246">
        </Bone>
      </Part>
    </Brick>
    <Brick refID="106" designID="3070">
      <Part refID="106" designID="3070" materials="5,0" decoration="0">
        <Bone refID="106" transformation="1,0,0,0,0.99999982118606567,0,0,0,1,1.2000011205673218,14.72000789642334,-3.6000001430511475">
        </Bone>
      </Part>
    </Brick>
    <Brick refID="107" designID="63864">
      <Part refID="107" designID="63864" materials="5">
        <Bone refID="107" transformation="0,0,1,0,0.99999988079071045,0,-1,0,0,0.40000125765800476,14.720008850097656,-5.2000093460083008">
        </Bone>
      </Part>
    </Brick>
    <Brick refID="108" designID="3070">
      <Part refID="108" designID="3070" materials="5,0" decoration="0">
        <Bone refID="108" transformation="1,0,0,0,0.99999982118606567,0,0,0,1,-0.40000176429748535,14.720008850097656,-5.2000136375427246">
        </Bone>
      </Part>
    </Brick>
    <Brick refID="109" designID="3070">
      <Part refID="109" designID="3070" materials="5,0" decoration="0">
        <Bone refID="109" transformation="1,0,0,0,0.99999982118606567,0,0,0,1,1.2000051736831665,14.720008850097656,-5.2000131607055664">
        </Bone>
      </Part>
    </Brick>
    <Brick refID="110" designID="6141">
      <Part refID="110" designID="6141" materials="297">
        <Bone refID="110" transformation="0,-0.99999988079071045,0,0,0,-1,1,0,0,-0.39999818801879883,15.600008010864258,-4.8000011444091797">
        </Bone>
      </Part>
    </Brick>
    <Brick refID="111" designID="87087">
      <Part refID="111" designID="87087" materials="26">
        <Bone refID="111" transformation="-1,0,0,0,0.99999988079071045,0,0,0,-1,-0.39999818801879883,15.040007591247559,-4.4000034332275391">
        </Bone>
      </Part>
    </Brick>
    <Brick refID="112" designID="3024">
      <Part refID="112" designID="3024" materials="26">
        <Bone refID="112" transformation="-1,0,0,0,0.99999988079071045,0,0,0,-1,-0.39999735355377197,14.720006942749023,-4.4000072479248047">
        </Bone>
      </Part>
    </Brick>
    <Brick refID="113" designID="4162">
      <Part refID="113" designID="4162" materials="5">
        <Bone refID="113" transformation="0,0,1,0,0.99999988079071045,0,-1,0,0,2.0000007152557373,14.720008850097656,-5.2000141143798828">
        </Bone>
      </Part>
    </Brick>
    <Brick refID="114" designID="3069">
      <Part refID="114" designID="3069" materials="5,0" decoration="0">
        <Bone refID="114" transformation="0,0,1,0,0.99999988079071045,0,-1,0,0,1.2000018358230591,14.72000789642334,-2.0002191066741943">
        </Bone>
      </Part>
    </Brick>
    <Brick refID="115" designID="3937">
      <Part refID="115" designID="3937" materials="26">
        <Bone refID="115" transformation="0,0,-0.99999994039535522,1,0,0,0,-0.99999988079071045,0,3.2000012397766113,12.720011711120605,-4.4000105857849121">
        </Bone>
      </Part>
    </Brick>
    <Brick refID="116" designID="30414">
      <Part refID="116" designID="30414" materials="21">
        <Bone refID="116" transformation="0,0,-0.99999994039535522,0,0.99999982118606567,0,1,0,0,2.8000051975250244,12.16001033782959,-2.8000121116638184">
        </Bone>
      </Part>
    </Brick>
    <Brick refID="117" designID="3005">
      <Part refID="117" designID="3005" materials="21,0" decoration="0">
        <Bone refID="117" transformation="1,0,0,0,0.9999997615814209,0,0,0,0.99999994039535522,2.8000035285949707,13.120010375976562,-5.2000141143798828">
        </Bone>
      </Part>
    </Brick>
    <Brick refID="118" designID="3034">
      <Part refID="118" designID="3034" materials="21">
        <Bone refID="118" transformation="0,0,0.99999994039535522,0,0.99999982118606567,0,-1,0,0,2.0000026226043701,14.080009460449219,-5.2000141143798828">
        </Bone>
      </Part>
    </Brick>
    <Brick refID="119" designID="3069">
      <Part refID="119" designID="3069" materials="5,0" decoration="0">
        <Bone refID="119" transformation="0,0,1,0,0.99999988079071045,0,-1,0,0,2.7999997138977051,14.720009803771973,-5.2002315521240234">
        </Bone>
      </Part>
    </Brick>
    <Brick refID="120" designID="4477">
      <Part refID="120" designID="4477" materials="21">
        <Bone refID="120" transformation="0,0,1,0,0.99999988079071045,0,-1,0,0,2.7999987602233887,14.400009155273437,-5.2000064849853516">
        </Bone>
      </Part>
    </Brick>
    <Brick refID="121" designID="30413">
      <Part refID="121" designID="30413" materials="26">
        <Bone refID="121" transformation="0,0,-0.99999994039535522,1,0,0,0,-0.99999988079071045,0,3.2000045776367187,12.720011711120605,-1.2000097036361694">
        </Bone>
      </Part>
    </Brick>
    <Brick refID="122" designID="4162">
      <Part refID="122" designID="4162" materials="5">
