<?xml version="1.0" encoding="UTF-8" standalone="no" ?>
<LXFML versionMajor="5" versionMinor="0">
  <Meta>
    <Application name="CCOP" versionMajor="0" versionMinor="0"/>
    <Brand name="LEGOUniverse"/>
    <BrickSet version="215"/>
  </Meta>
  <Bricks>
    <Brick refID="0" designID="6265">
      <Part refID="0" designID="6265" materials="192">
        <Bone refID="0" transformation="-0.99721908569335938,0.074526086449623108,0,0.074526086449623108,0.99721908569335938,0,0,0,-1,-4.1902942657470703,8.2019529342651367,1.2680038213729858">
        </Bone>
      </Part>
    </Brick>
    <Brick refID="1" designID="30374">
      <Part refID="1" designID="30374" materials="192">
        <Bone refID="1" transformation="-0.99721908569335938,0.074526086449623108,0,0.074526086449623108,0.99721908569335938,0,0,0,-1,-4.2856869697570801,6.9255132675170898,-1.7719951868057251">
        </Bone>
      </Part>
    </Brick>
    <Brick refID="2" designID="4081">
      <Part refID="2" designID="4081" materials="312">
        <Bone refID="2" transformation="0,0,1,0.053937841206789017,0.99854421615600586,0,-0.99854433536529541,0.053937841206789017,0,-3.4999949932098389,6.6390485763549805,-0.95399677753448486">
        </Bone>
      </Part>
    </Brick>
    <Brick refID="3" designID="63864">
      <Part refID="3" designID="63864" materials="192">
        <Bone refID="3" transformation="0,0,1.0000001192092896,0.053937844932079315,0.99854445457458496,0,-0.99854445457458496,0.053937844932079315,0,-3.4827344417572021,6.9585833549499512,-0.95399487018585205">
        </Bone>
      </Part>
    </Brick>
    <Brick refID="4" designID="4081">
      <Part refID="4" designID="4081" materials="312">
        <Bone refID="4" transformation="0,0,-1.0000001192092896,0.053937844932079315,0.99854445457458496,0,0.99854445457458496,-0.053937844932079315,0,-3.4999954700469971,6.6390485763549805,-0.15399754047393799">
        </Bone>
      </Part>
    </Brick>
    <Brick refID="5" designID="4081">
      <Part refID="5" designID="4081" materials="312">
        <Bone refID="5" transformation="0,0,1.0000001192092896,0.053937844932079315,0.99854445457458496,0,-0.99854445457458496,0.053937844932079315,0,-3.4999940395355225,6.6390485763549805,0.64600551128387451">
        </Bone>
      </Part>
    </Brick>
    <Brick refID="6" designID="30374">
      <Part refID="6" designID="30374" materials="192">
        <Bone refID="6" transformation="-0.99854427576065063,0.053937848657369614,0,0.053937848657369614,0.99854445457458496,0,0,0,-1,-2.6880180835723877,6.8392124176025391,-1.7359977960586548">
        </Bone>
      </Part>
    </Brick>
    <Brick refID="7" designID="6265">
      <Part refID="7" designID="6265" materials="192">
        <Bone refID="7" transformation="-0.99854427576065063,0.053937848657369614,0,0.053937848657369614,0.99854445457458496,0,0,0,-1,-2.6189758777618408,8.1173496246337891,-1.5759984254837036">
        </Bone>
      </Part>
    </Brick>
    <Brick refID="8" designID="4081">
      <Part refID="8" designID="4081" materials="312">
        <Bone refID="8" transformation="0,0,-1,-0.0053291120566427708,0.99998575448989868,0,0.99998581409454346,0.0053291120566427708,0,-1.8867285251617432,6.5998096466064453,-0.11799824237823486">
        </Bone>
      </Part>
    </Brick>
    <Brick refID="9" designID="63864">
      <Part refID="9" designID="63864" materials="192">
        <Bone refID="9" transformation="0,0,1,-0.0053291134536266327,0.99998587369918823,0,-0.99998593330383301,-0.0053291134536266327,0,-1.8884336948394775,6.9198050498962402,-0.9179951548576355">
        </Bone>
      </Part>
    </Brick>
    <Brick refID="10" designID="4081">
      <Part refID="10" designID="4081" materials="312">
        <Bone refID="10" transformation="0,0,1,-0.0053291134536266327,0.99998587369918823,0,-0.99998593330383301,-0.0053291134536266327,0,-1.8867285251617432,6.5998096466064453,-0.91799753904342651">
        </Bone>
      </Part>
    </Brick>
    <Brick refID="11" designID="4081">
      <Part refID="11" designID="4081" materials="312">
        <Bone refID="11" transformation="0,0,1,-0.0053291134536266327,0.99998587369918823,0,-0.99998593330383301,-0.0053291134536266327,0,-1.8867275714874268,6.5998096466064453,0.68200433254241943">
        </Bone>
      </Part>
    </Brick>
    <Brick refID="12" designID="30374">
      <Part refID="12" designID="30374" materials="192">
        <Bone refID="12" transformation="-0.99815893173217773,-0.060652479529380798,0,-0.060652479529380798,0.99815911054611206,0,0,0,-1,-1.0880405902862549,6.8477392196655273,-1.7719961404800415">
        </Bone>
      </Part>
    </Brick>
    <Brick refID="13" designID="6265">
      <Part refID="13" designID="6265" materials="192">
        <Bone refID="13" transformation="-0.99815893173217773,-0.060652479529380798,0,-0.060652479529380798,0.99815911054611206,0,0,0,-1,-1.1656744480133057,8.1253833770751953,1.2680033445358276">
        </Bone>
      </Part>
    </Brick>
    <Brick refID="14" designID="4081">
      <Part refID="14" designID="4081" materials="312">
        <Bone refID="14" transformation="0,0,1,-0.14831838011741638,0.98893976211547852,0,-0.98893970251083374,-0.14831838011741638,0,-0.26074713468551636,6.7254199981689453,0.64600551128387451">
        </Bone>
      </Part>
    </Brick>
    <Brick refID="15" designID="63864">
      <Part refID="15" designID="63864" materials="192">
        <Bone refID="15" transformation="0,0,1,-0.14831830561161041,0.98893970251083374,0,-0.98893970251083374,-0.14831830561161041,0,-0.3082086443901062,7.0418810844421387,-0.9539949893951416">
        </Bone>
      </Part>
    </Brick>
    <Brick refID="16" designID="4081">
      <Part refID="16" designID="4081" materials="312">
        <Bone refID="16" transformation="0,0,-1,-0.14831830561161041,0.98893970251083374,0,0.98893970251083374,0.14831830561161041,0,-0.26074808835983276,6.7254209518432617,-0.15399754047393799">
        </Bone>
      </Part>
    </Brick>
    <Brick refID="17" designID="4081">
      <Part refID="17" designID="4081" materials="312">
        <Bone refID="17" transformation="0,0,1,-0.14831830561161041,0.98893970251083374,0,-0.98893970251083374,-0.14831830561161041,0,-0.26074808835983276,6.7254209518432617,-0.95399677753448486">
        </Bone>
      </Part>
    </Brick>
    <Brick refID="18" designID="30374">
      <Part refID="18" designID="30374" materials="192">
        <Bone refID="18" transformation="-0.9796178936958313,-0.20086993277072906,0,-0.20086993277072906,0.97961807250976563,0,0,0,-1,0.49426442384719849,7.0850481986999512,-1.7359987497329712">
        </Bone>
      </Part>
    </Brick>
    <Brick refID="19" designID="4081">
      <Part refID="19" designID="4081" materials="312">
        <Bone refID="19" transformation="0,0,-1.0000001192092896,-0.33433488011360168,0.94245445728302002,0,0.94245439767837524,0.33433488011360168,0,1.3296945095062256,7.1228694915771484,-0.11799824237823486">
        </Bone>
      </Part>
    </Brick>
    <Brick refID="20" designID="63864">
      <Part refID="20" designID="63864" materials="192">
        <Bone refID="20" transformation="0,0,1.0000001192092896,-0.33433490991592407,0.94245445728302002,0,-0.94245439767837524,-0.33433490991592407,0,1.2227081060409546,7.4244556427001953,-0.91799467802047729">
        </Bone>
      </Part>
    </Brick>
    <Brick refID="21" designID="4081">
      <Part refID="21" designID="4081" materials="312">
        <Bone refID="21" transformation="0,0,1.0000001192092896,-0.33433490991592407,0.94245445728302002,0,-0.94245439767837524,-0.33433490991592407,0,1.3296961784362793,7.1228699684143066,0.68200480937957764">
        </Bone>
      </Part>
    </Brick>
    <Brick refID="22" designID="4081">
      <Part refID="22" designID="4081" materials="312">
        <Bone refID="22" transformation="0,0,1.0000001192092896,-0.33433490991592407,0.94245445728302002,0,-0.94245439767837524,-0.33433490991592407,0,1.3296942710876465,7.1228694915771484,-0.91799753904342651">
        </Bone>
      </Part>
    </Brick>
    <Brick refID="23" designID="30374">
      <Part refID="23" designID="30374" materials="192">
        <Bone refID="23" transformation="-0.99621272087097168,-0.086949191987514496,0,-0.086949191987514496,0.99621284008026123,0,0,0,-1,2.0021893978118896,7.6199841499328613,-1.6999994516372681">
        </Bone>
      </Part>
    </Brick>
    <Brick refID="24" designID="6541">
      <Part refID="24" designID="6541" materials="192">
        <Bone refID="24" transformation="3.0023857107153162E-005,-1.0000001192092896,0,0,0,1.0000001192092896,-1.0000001192092896,-2.9955990612506866E-005,0,2.8000009059906006,7.6200084686279297,-0.58000051975250244">
        </Bone>
      </Part>
    </Brick>
    <Brick refID="25" designID="3005">
      <Part refID="25" designID="3005" materials="192,0" decoration="0">
        <Bone refID="25" transformation="-3.0242465072660707E-005,1.0000001192092896,0,0,0,1.0000001192092896,1.0000001192092896,3.0357163268490694E-005,0,2.7999997138977051,7.6200084686279297,-1.5399990081787109">
        </Bone>
      </Part>
    </Brick>
    <Brick refID="26" designID="4085">
      <Part refID="26" designID="4085" materials="192">
        <Bone refID="26" transformation="2.992061672557611E-005,-1,0,0,0,1,-1,-2.9904371331213042E-005,0,2.8000006675720215,7.6200084686279297,-1.8599991798400879">
        </Bone>
      </Part>
    </Brick>
    <Brick refID="27" designID="3005">
      <Part refID="27" designID="3005" materials="192,0" decoration="0">
        <Bone refID="27" transformation="-3.0242465072660707E-005,1.0000001192092896,0,0,0,1.0000001192092896,1.0000001192092896,3.0357163268490694E-005,0,2.7999997138977051,7.6200084686279297,0.37999904155731201">
        </Bone>
      </Part>
    </Brick>
    <Brick refID="28" designID="4085">
      <Part refID="28" designID="4085" materials="192">
        <Bone refID="28" transformation="2.992061672557611E-005,-1,0,0,0,1,-1,-2.9904371331213042E-005,0,2.8000006675720215,7.6200084686279297,1.3399981260299683">
        </Bone>
      </Part>
    </Brick>
    <Brick refID="29" designID="3673">
      <Part refID="29" designID="3673" materials="194">
        <Bone refID="29" transformation="0,0,1,0,0.99999994039535522,0,-1,0,0,2.4000012874603271,7.6199965476989746,0">
        </Bone>
      </Part>
    </Brick>
    <Brick refID="30" designID="3710">
      <Part refID="30" designID="3710" materials="199">
        <Bone refID="30" transformation="1,0,0,0,1,0,0,0,1,3.6000001430511475,0.64000368118286133,-0.40000021457672119">
        </Bone>
      </Part>
    </Brick>
    <Brick refID="31" designID="2431">
      <Part refID="31" designID="2431" materials="199,0" decoration="0">
        <Bone refID="31" transformation="1,0,0,0,1,0,0,0,1,3.6000001430511475,0.96000385284423828,-0.40000021457672119">
        </Bone>
      </Part>
    </Brick>
    <Brick refID="32" designID="3710">
      <Part refID="32" designID="3710" materials="199">
        <Bone refID="32" transformation="1,0,0,0,1,0,0,0,1,3.6000001430511475,0.32000398635864258,-0.40000021457672119">
        </Bone>
      </Part>
    </Brick>
    <Brick refID="33" designID="3958">
      <Part refID="33" designID="3958" materials="23">
        <Bone refID="33" transformation="1,0,0,0,1,0,0,0,1,3.6000001430511475,0,1.2000001668930054">
        </Bone>
      </Part>
    </Brick>
    <Brick refID="34" designID="3040">
      <Part refID="34" designID="3040" materials="26">
        <Bone refID="34" transformation="1,0,0,0,1,0,0,0,1,5.1999998092651367,0.31999635696411133,0.39999949932098389">
        </Bone>
      </Part>
    </Brick>
    <Brick refID="35" designID="30136">
      <Part refID="35" designID="30136" materials="192">
        <Bone refID="35" transformation="-1,0,0,0,1,0,0,0,-1,7.6000003814697266,0.31999635696411133,-2.8000006675720215">
        </Bone>
      </Part>
    </Brick>
    <Brick refID="36" designID="3709">
      <Part refID="36" designID="3709" materials="194">
        <Bone refID="36" transformation="0,0,1,0,0.99999994039535522,0,-1,0,0,6.8000011444091797,1.279996395111084,-2.8000006675720215">
        </Bone>
      </Part>
    </Brick>
    <Brick refID="37" designID="4032">
      <Part refID="37" designID="4032" materials="106">
        <Bone refID="37" transformation="1,0,0,0,1,0,0,0,1,6.8000011444091797,1.5999960899353027,-1.1999999284744263">
        </Bone>
      </Part>
    </Brick>
    <Brick refID="38" designID="75347">
      <Part refID="38" designID="75347" materials="192">
        <Bone refID="38" transformation="1,0,0,0,1,0,0,0,1,6.8000011444091797,1.9199957847595215,-1.2000004053115845">
        </Bone>
      </Part>
    </Brick>
    <Brick refID="39" designID="87580">
      <Part refID="39" designID="87580" materials="192">
        <Bone refID="39" transformation="1,0,0,0,1,0,0,0,1,6.8000011444091797,12.479995727539063,-1.2000004053115845">
        </Bone>
      </Part>
    </Brick>
    <Brick refID="40" designID="4519">
      <Part refID="40" designID="4519" materials="194">
        <Bone refID="40" transformation="0.99999994039535522,0,0,0,0,1,0,-1,0,7.1999988555908203,0.31999635696411133,-1.6000000238418579">
        </Bone>
      </Part>
    </Brick>
    <Brick refID="41" designID="6143">
      <Part refID="41" designID="6143" materials="192">
        <Bone refID="41" transformation="1,0,0,0,1,0,0,0,1,6.8000011444091797,0.31999635696411133,-1.2000004053115845">
        </Bone>
      </Part>
    </Brick>
    <Brick refID="42" designID="3004">
      <Part refID="42" designID="3004" materials="199,0,0,0" decoration="0,0,0">
        <Bone refID="42" transformation="1,0,0,0,1,0,0,0,1,6.8000011444091797,0.31999635696411133,-0.40000021457672119">
        </Bone>
      </Part>
    </Brick>
    <Brick refID="43" designID="3003">
      <Part refID="43" designID="3003" materials="199,0,0" decoration="0,0">
        <Bone refID="43" transformation="1,0,0,0,1,0,0,0,1,3.6000001430511475,0.31999635696411133,1.199999213218689">
        </Bone>
      </Part>
    </Brick>
    <Brick refID="44" designID="6143">
      <Part refID="44" designID="6143" materials="192">
        <Bone refID="44" transformation="1,0,0,0,1,0,0,0,1,3.6000001430511475,1.279996395111084,1.199999213218689">
        </Bone>
      </Part>
    </Brick>
    <Brick refID="45" designID="4032">
      <Part refID="45" designID="4032" materials="106">
        <Bone refID="45" transformation="1,0,0,0,1,0,0,0,1,3.6000001430511475,2.2399964332580566,1.1999996900558472">
        </Bone>
      </Part>
    </Brick>
    <Brick refID="46" designID="6143">
      <Part refID="46" designID="6143" materials="192">
        <Bone refID="46" transformation="1,0,0,0,1,0,0,0,1,3.6000001430511475,2.5599961280822754,1.199999213218689">
        </Bone>
      </Part>
    </Brick>
    <Brick refID="47" designID="4032">
      <Part refID="47" designID="4032" materials="106">
        <Bone refID="47" transformation="1,0,0,0,1,0,0,0,1,3.6000001430511475,3.519996166229248,1.1999996900558472">
        </Bone>
      </Part>
    </Brick>
    <Brick refID="48" designID="6143">
      <Part refID="48" designID="6143" materials="192">
        <Bone refID="48" transformation="1,0,0,0,1,0,0,0,1,3.6000001430511475,3.8399958610534668,1.199999213218689">
        </Bone>
      </Part>
    </Brick>
    <Brick refID="49" designID="4032">
      <Part refID="49" designID="4032" materials="106">
        <Bone refID="49" transformation="1,0,0,0,1,0,0,0,1,3.6000001430511475,4.7999958992004395,1.1999996900558472">
        </Bone>
      </Part>
    </Brick>
    <Brick refID="50" designID="6143">
      <Part refID="50" designID="6143" materials="192">
        <Bone refID="50" transformation="1,0,0,0,1,0,0,0,1,3.6000001430511475,5.1199960708618164,1.199999213218689">
        </Bone>
      </Part>
    </Brick>
    <Brick refID="51" designID="30503">
      <Part refID="51" designID="30503" materials="192">
        <Bone refID="51" transformation="0,0,-1,0,1,0,1,0,0,3.6000010967254639,6.0799961090087891,1.199999213218689">
        </Bone>
      </Part>
    </Brick>
    <Brick refID="52" designID="3710">
      <Part refID="52" designID="3710" materials="106">
        <Bone refID="52" transformation="0,0,1,0,0.99999994039535522,0,-1,0,0,3.6000010967254639,6.399996280670166,-1.2000008821487427">
        </Bone>
      </Part>
    </Brick>
    <Brick refID="53" designID="3710">
      <Part refID="53" designID="3710" materials="26">
        <Bone refID="53" transformation="0,0,1,0,0.99999994039535522,0,-1,0,0,3.6000010967254639,6.719996452331543,-1.2000004053115845">
        </Bone>
      </Part>
    </Brick>
    <Brick refID="54" designID="3700">
      <Part refID="54" designID="3700" materials="106">
        <Bone refID="54" transformation="0,0,1,0,0.99999994039535522,0,-1,0,0,3.6000010967254639,7.0399966239929199,-0.40000021457672119">
        </Bone>
      </Part>
    </Brick>
    <Brick refID="55" designID="2431">
      <Part refID="55" designID="2431" materials="26,0" decoration="0">
        <Bone refID="55" transformation="0,0,-1,0,0.99999994039535522,0,1,0,0,3.6000001430511475,7.9999966621398926,1.1999996900558472">
        </Bone>
      </Part>
    </Brick>
    <Brick refID="56" designID="3005">
      <Part refID="56" designID="3005" materials="106,0" decoration="0">
        <Bone refID="56" transformation="1,0,0,0,1,0,0,0,1,3.6000001430511475,7.0399966239929199,1.1999996900558472">
        </Bone>
      </Part>
    </Brick>
    <Brick refID="57" designID="3005">
      <Part refID="57" designID="3005" materials="106,0" decoration="0">
        <Bone refID="57" transformation="1,0,0,0,1,0,0,0,1,3.6000001430511475,7.0399966239929199,-1.1999999284744263">
        </Bone>
      </Part>
    </Brick>
    <Brick refID="58" designID="43888">
      <Part refID="58" designID="43888" materials="192">
        <Bone refID="58" transformation="1,0,0,0,1,0,0,0,1,3.6000001430511475,0.319996178150177,-1.1999999284744263">
        </Bone>
      </Part>
    </Brick>
    <Brick refID="59" designID="33121">
      <Part refID="59" designID="33121" materials="191">
        <Bone refID="59" transformation="0.94853025674819946,0,-0.31668651103973389,0,1,0,0.31668651103973389,0,0.94853025674819946,7.6000022888183594,0.319996178150177,1.1999996900558472">
        </Bone>
      </Part>
    </Brick>
    <Brick refID="60" designID="43888">
      <Part refID="60" designID="43888" materials="192">
        <Bone refID="60" transformation="1,0,0,0,1,0,0,0,1,7.2000007629394531,12.799996376037598,-1.6000000238418579">
        </Bone>
      </Part>
    </Brick>
    <Brick refID="61" designID="3022">
      <Part refID="61" designID="3022" materials="192">
        <Bone refID="61" transformation="1,0,0,0,1,0,0,0,1,6.8000011444091797,18.55999755859375,-1.2000004053115845">
        </Bone>
      </Part>
    </Brick>
    <Brick refID="62" designID="4424">
      <Part refID="62" designID="4424" materials="192">
        <Bone refID="62" transformation="1,0,0,0,1,0,0,0,1,6.8000011444091797,18.879997253417969,-1.1999999284744263">
        </Bone>
      </Part>
    </Brick>
    <Brick refID="63" designID="43888">
      <Part refID="63" designID="43888" materials="192">
        <Bone refID="63" transformation="1,0,0,0,1,0,0,0,1,6.0000019073486328,0.319996178150177,1.1999996900558472">
        </Bone>
      </Part>
    </Brick>
    <Brick refID="64" designID="6265">
      <Part refID="64" designID="6265" materials="192">
        <Bone refID="64" transformation="-0.9796178936958313,-0.20086993277072906,0,-0.20086993277072906,0.97961807250976563,0,0,0,-1,0.23715001344680786,8.3389596939086914,1.3040026426315308">
        </Bone>
      </Part>
    </Brick>
    <Brick refID="65" designID="6265">
      <Part refID="65" designID="6265" materials="192">
        <Bone refID="65" transformation="-0.9796178936958313,-0.20086993277072906,0,-0.20086993277072906,0.97961807250976563,0,0,0,-1,0.23715001344680786,8.3389596939086914,-1.5759984254837036">
        </Bone>
      </Part>
    </Brick>
    <Brick refID="66" designID="6265">
      <Part refID="66" designID="6265" materials="192">
        <Bone refID="66" transformation="-0.99815893173217773,-0.060652479529380798,0,-0.060652479529380798,0.99815911054611206,0,0,0,-1,-1.1656744480133057,8.1253833770751953,-1.6119962930679321">
        </Bone>
      </Part>
    </Brick>
    <Brick refID="67" designID="6265">
      <Part refID="67" designID="6265" materials="192">
        <Bone refID="67" transformation="-0.99854427576065063,0.053937848657369614,0,0.053937848657369614,0.99854445457458496,0,0,0,-1,-2.6189758777618408,8.1173496246337891,1.3040026426315308">
        </Bone>
      </Part>
    </Brick>
    <Brick refID="68" designID="6265">
      <Part refID="68" designID="6265" materials="192">
        <Bone refID="68" transformation="-0.99721908569335938,0.074526086449623108,0,0.074526086449623108,0.99721908569335938,0,0,0,-1,-4.1902942657470703,8.2019529342651367,-1.6119953393936157">
        </Bone>
      </Part>
    </Brick>
    <Brick refID="69" designID="4081">
      <Part refID="69" designID="4081" materials="312">
        <Bone refID="69" transformation="0,0,-1.0000001192092896,0.15584054589271545,0.98778235912322998,0,0.98778229951858521,-0.15584054589271545,0,-5.1138877868652344,6.8094930648803711,-0.15399706363677979">
        </Bone>
      </Part>
    </Brick>
    <Brick refID="70" designID="63864">
      <Part refID="70" designID="63864" materials="192">
        <Bone refID="70" transformation="0,0,1.0000001192092896,0.15584054589271545,0.98778229951858521,0,-0.98778223991394043,0.15584054589271545,0,-5.0640177726745605,7.1255836486816406,-0.95399445295333862">
        </Bone>
      </Part>
    </Brick>
    <Brick refID="71" designID="4081">
      <Part refID="71" designID="4081" materials="312">
        <Bone refID="71" transformation="0,0,1.0000001192092896,0.15584054589271545,0.98778229951858521,0,-0.98778223991394043,0.15584054589271545,0,-5.1138877868652344,6.8094930648803711,-0.95399636030197144">
        </Bone>
      </Part>
    </Brick>
    <Brick refID="72" designID="4081">
      <Part refID="72" designID="4081" materials="312">
        <Bone refID="72" transformation="0,0,1.0000001192092896,0.15584054589271545,0.98778229951858521,0,-0.98778223991394043,0.15584054589271545,0,-5.113886833190918,6.8094930648803711,0.64600598812103271">
        </Bone>
      </Part>
    </Brick>
    <Brick refID="73" designID="30374">
      <Part refID="73" designID="30374" materials="192">
        <Bone refID="73" transformation="-0.97759038209915161,0.21051619946956635,0,0.21051619946956635,0.97759050130844116,0,0,0,-1,-5.8661413192749023,7.1748580932617187,-1.7719951868057251">
        </Bone>
      </Part>
    </Brick>
    <Brick refID="74" designID="4081">
      <Part refID="74" designID="4081" materials="312">
        <Bone refID="74" transformation="0,0,1.0000001192092896,0.36008396744728088,0.93292015790939331,0,-0.93292003870010376,0.36008396744728088,0,-6.7002182006835938,7.2356014251708984,0.64600646495819092">
        </Bone>
      </Part>
    </Brick>
    <Brick refID="75" designID="63864">
      <Part refID="75" designID="63864" materials="192">
        <Bone refID="75" transformation="0,0,1.0000001192092896,0.36008399724960327,0.93292015790939331,0,-0.93292003870010376,0.36008399724960327,0,-6.5849924087524414,7.5341334342956543,-0.95399385690689087">
        </Bone>
      </Part>
    </Brick>
    <Brick refID="76" designID="4081">
      <Part refID="76" designID="4081" materials="312">
        <Bone refID="76" transformation="0,0,1.0000001192092896,0.36008399724960327,0.93292015790939331,0,-0.93292003870010376,0.36008399724960327,0,-6.7002201080322266,7.2355995178222656,-0.95399576425552368">
        </Bone>
      </Part>
    </Brick>
    <Brick refID="77" designID="4081">
      <Part refID="77" designID="4081" materials="312">
        <Bone refID="77" transformation="0,0,-1.0000001192092896,0.36008399724960327,0.93292015790939331,0,0.93292003870010376,-0.36008399724960327,0,-6.7002196311950684,7.2355995178222656,-0.15399646759033203">
        </Bone>
      </Part>
    </Brick>
    <Brick refID="78" designID="30374">
      <Part refID="78" designID="30374" materials="192">
        <Bone refID="78" transformation="-0.99324500560760498,0.1160360649228096,0,0.1160360649228096,0.99324512481689453,0,0,0,-1,-7.3588151931762695,7.7509922981262207,-1.7719951868057251">
        </Bone>
      </Part>
    </Brick>
    <Brick refID="79" designID="4085">
      <Part refID="79" designID="4085" materials="192">
        <Bone refID="79" transformation="0.014364122413098812,0.99989694356918335,0,0,0,1.0000001192092896,0.99989694356918335,-0.014364038594067097,0,-8.1565427780151367,7.7624516487121582,1.2680023908615112">
        </Bone>
      </Part>
    </Brick>
    <Brick refID="80" designID="3005">
      <Part refID="80" designID="3005" materials="192,0" decoration="0">
        <Bone refID="80" transformation="-0.014364157803356647,-0.99989694356918335,0,0,0,1.0000001192092896,-0.99989694356918335,0.014364218339323997,0,-8.1565418243408203,7.7624516487121582,0.30800330638885498">
        </Bone>
      </Part>
    </Brick>
    <Brick refID="81" designID="3005">
      <Part refID="81" designID="3005" materials="192,0" decoration="0">
        <Bone refID="81" transformation="0.99989694356918335,-0.014364087954163551,0,0,0,1.0000001192092896,-0.014364087954163551,-0.99989694356918335,0,-8.1565418243408203,7.762451171875,-0.65199673175811768">
        </Bone>
      </Part>
    </Brick>
    <Brick refID="82" designID="3005">
      <Part refID="82" designID="3005" materials="192,0" decoration="0">
        <Bone refID="82" transformation="-0.014364157803356647,-0.99989694356918335,0,0,0,1.0000001192092896,-0.99989694356918335,0.014364218339323997,0,-8.1565418243408203,7.7624516487121582,-1.6119945049285889">
        </Bone>
      </Part>
    </Brick>
    <Brick refID="83" designID="4085">
      <Part refID="83" designID="4085" materials="192">
        <Bone refID="83" transformation="0.014364122413098812,0.99989694356918335,0,0,0,1.0000001192092896,0.99989694356918335,-0.014364038594067097,0,-8.1565427780151367,7.7624516487121582,-1.9319941997528076">
        </Bone>
      </Part>
    </Brick>
    <Brick refID="84" designID="6265">
      <Part refID="84" designID="6265" materials="192">
        <Bone refID="84" transformation="-0.97759038209915161,0.21051619946956635,0,0.21051619946956635,0.97759050130844116,0,0,0,-1,-5.5966801643371582,8.4261741638183594,1.2680038213729858">
        </Bone>
      </Part>
    </Brick>
    <Brick refID="85" designID="6265">
      <Part refID="85" designID="6265" materials="192">
        <Bone refID="85" transformation="-0.97759038209915161,0.21051619946956635,0,0.21051619946956635,0.97759050130844116,0,0,0,-1,-5.5966792106628418,8.426173210144043,-1.6119953393936157">
        </Bone>
      </Part>
    </Brick>
  </Bricks>
  <RigidSystems>
    <RigidSystem>
      <Rigid refID="0" transformation="-0.99721908569335938,0.074526086449623108,0,0.074526086449623108,0.99721908569335938,0,0,0,-1,-4.9902944564819336,8.2019529342651367,2.8680038452148438" boneRefs="0"/>
      <Rigid refID="1" transformation="-0.99721908569335938,0.074526086449623108,0,0.074526086449623108,0.99721908569335938,0,0,0,-1,-5.0856871604919434,6.9255132675170898,-0.17199516296386719" boneRefs="1"/>
      <Rigid refID="2" transformation="0,0,1,0.053937841206789017,0.99854421615600586,0,-0.99854433536529541,0.053937841206789017,0,-4.299994945526123,6.6390485763549805,0.64600324630737305" boneRefs="2,3,4,5"/>
      <Rigid refID="3" transformation="-0.99854427576065063,0.053937848657369614,0,0.053937848657369614,0.99854445457458496,0,0,0,-1,-3.4880180358886719,6.8392124176025391,-0.13599777221679688" boneRefs="6"/>
      <Rigid refID="4" transformation="-0.99854427576065063,0.053937848657369614,0,0.053937848657369614,0.99854445457458496,0,0,0,-1,-3.418975830078125,8.1173496246337891,0.024001598358154297" boneRefs="7"/>
      <Rigid refID="5" transformation="0,0,-1,-0.0053291120566427708,0.99998575448989868,0,0.99998581409454346,0.0053291120566427708,0,-2.6867284774780273,6.5998096466064453,1.482001781463623" boneRefs="8,9,10,11"/>
      <Rigid refID="6" transformation="-0.99815893173217773,-0.060652479529380798,0,-0.060652479529380798,0.99815911054611206,0,0,0,-1,-1.8880405426025391,6.8477392196655273,-0.17199611663818359" boneRefs="12"/>
      <Rigid refID="7" transformation="-0.99815893173217773,-0.060652479529380798,0,-0.060652479529380798,0.99815911054611206,0,0,0,-1,-1.9656744003295898,8.1253833770751953,2.8680033683776855" boneRefs="13"/>
      <Rigid refID="8" transformation="0,0,1,-0.14831838011741638,0.98893976211547852,0,-0.98893970251083374,-0.14831838011741638,0,-1.0607471466064453,6.7254199981689453,2.2460055351257324" boneRefs="14,15,16,17"/>
      <Rigid refID="9" transformation="-0.9796178936958313,-0.20086993277072906,0,-0.20086993277072906,0.97961807250976563,0,0,0,-1,-0.30573558807373047,7.0850481986999512,-0.13599872589111328" boneRefs="18"/>
      <Rigid refID="10" transformation="0,0,-1.0000001192092896,-0.33433488011360168,0.94245445728302002,0,0.94245439767837524,0.33433488011360168,0,0.52969455718994141,7.1228694915771484,1.482001781463623" boneRefs="19,20,21,22"/>
      <Rigid refID="11" transformation="-0.99621272087097168,-0.086949191987514496,0,-0.086949191987514496,0.99621284008026123,0,0,0,-1,1.2021894454956055,7.6199841499328613,-0.099999427795410156" boneRefs="23"/>
      <Rigid refID="12" transformation="3.0023857107153162E-005,-1.0000001192092896,0,0,0,1.0000001192092896,-1.0000001192092896,-2.9955990612506866E-005,0,2.0000009536743164,7.6200084686279297,1.0199995040893555" boneRefs="24,25,26,27,28"/>
      <Rigid refID="13" transformation="0,0,1,0,0.99999994039535522,0,-1,0,0,1.600001335144043,7.6199965476989746,1.5999999046325684" boneRefs="29"/>
      <Rigid refID="14" transformation="1,0,0,0,1,0,0,0,1,2.8000001907348633,0.64000368118286133,1.1999998092651367" boneRefs="30,31,32,33,34,35,36,37,38,39,40,41,42,43,44,45,46,47,48,49,50,51,52,53,54,55,56,57"/>
      <Rigid refID="15" transformation="1,0,0,0,1,0,0,0,1,2.8000001907348633,0.319996178150177,0.40000009536743164" boneRefs="58"/>
      <Rigid refID="16" transformation="0.94853025674819946,0,-0.31668651103973389,0,1,0,0.31668651103973389,0,0.94853025674819946,6.8000020980834961,0.319996178150177,2.7999997138977051" boneRefs="59"/>
      <Rigid refID="17" transformation="1,0,0,0,1,0,0,0,1,6.4000005722045898,12.799996376037598,0" boneRefs="60"/>
      <Rigid refID="18" transformation="1,0,0,0,1,0,0,0,1,6.0000009536743164,18.55999755859375,0.39999961853027344" boneRefs="61,62"/>
      <Rigid refID="19" transformation="1,0,0,0,1,0,0,0,1,5.2000017166137695,0.319996178150177,2.7999997138977051" boneRefs="63"/>
      <Rigid refID="20" transformation="-0.9796178936958313,-0.20086993277072906,0,-0.20086993277072906,0.97961807250976563,0,0,0,-1,-0.56284999847412109,8.3389596939086914,2.9040026664733887" boneRefs="64"/>
      <Rigid refID="21" transformation="-0.9796178936958313,-0.20086993277072906,0,-0.20086993277072906,0.97961807250976563,0,0,0,-1,-0.56284999847412109,8.3389596939086914,0.024001598358154297" boneRefs="65"/>
      <Rigid refID="22" transformation="-0.99815893173217773,-0.060652479529380798,0,-0.060652479529380798,0.99815911054611206,0,0,0,-1,-1.9656744003295898,8.1253833770751953,-0.011996269226074219" boneRefs="66"/>
      <Rigid refID="23" transformation="-0.99854427576065063,0.053937848657369614,0,0.053937848657369614,0.99854445457458496,0,0,0,-1,-3.418975830078125,8.1173496246337891,2.9040026664733887" boneRefs="67"/>
      <Rigid refID="24" transformation="-0.99721908569335938,0.074526086449623108,0,0.074526086449623108,0.99721908569335938,0,0,0,-1,-4.9902944564819336,8.2019529342651367,-0.011995315551757813" boneRefs="68"/>
      <Rigid refID="25" transformation="0,0,-1.0000001192092896,0.15584054589271545,0.98778235912322998,0,0.98778229951858521,-0.15584054589271545,0,-5.9138879776000977,6.8094930648803711,1.4460029602050781" boneRefs="69,70,71,72"/>
      <Rigid refID="26" transformation="-0.97759038209915161,0.21051619946956635,0,0.21051619946956635,0.97759050130844116,0,0,0,-1,-6.6661415100097656,7.1748580932617187,-0.17199516296386719" boneRefs="73"/>
      <Rigid refID="27" transformation="0,0,1.0000001192092896,0.36008396744728088,0.93292015790939331,0,-0.93292003870010376,0.36008396744728088,0,-7.500218391418457,7.2356014251708984,2.2460064888000488" boneRefs="74,75,76,77"/>
      <Rigid refID="28" transformation="-0.99324500560760498,0.1160360649228096,0,0.1160360649228096,0.99324512481689453,0,0,0,-1,-8.1588153839111328,7.7509922981262207,-0.17199516296386719" boneRefs="78"/>
      <Rigid refID="29" transformation="0.014364122413098812,0.99989694356918335,0,0,0,1.0000001192092896,0.99989694356918335,-0.014364038594067097,0,-8.95654296875,7.7624516487121582,2.8680024147033691" boneRefs="79,80,81,82,83"/>
      <Rigid refID="30" transformation="-0.97759038209915161,0.21051619946956635,0,0.21051619946956635,0.97759050130844116,0,0,0,-1,-6.3966803550720215,8.4261741638183594,2.8680038452148438" boneRefs="84"/>
      <Rigid refID="31" transformation="-0.97759038209915161,0.21051619946956635,0,0.21051619946956635,0.97759050130844116,0,0,0,-1,-6.3966794013977051,8.426173210144043,-0.011995315551757813" boneRefs="85"/>
      <Joint type="hinge">
        <RigidRef rigidRef="1" a="0,0,1.0000001192092896" z="1.0000001192092896,0,0" t="0,0,0"/>
        <RigidRef rigidRef="0" a="0,0,1.0000001192092896" z="1.0000001192092896,0,0" t="0,-1.2799990177154541,3.0399990081787109"/>
      </Joint>
      <Joint type="hinge">
        <RigidRef rigidRef="25" a="1,0,0" z="0,0,0.99999994039535522" t="0.33799999952316284,0.24366897344589233,0.80000001192092896"/>
        <RigidRef rigidRef="1" a="0,0,1.0000001192092896" z="-0.99664950370788574,-0.081791609525680542,0" t="0,0,-1.2799980640411377"/>
      </Joint>
      <Joint type="hinge">
        <RigidRef rigidRef="24" a="0,0,1.0000001192092896" z="-1.0000001192092896,0,0" t="0,-1.2799999713897705,0.15999999642372131"/>
        <RigidRef rigidRef="1" a="0,0,1.0000001192092896" z="-1.0000001192092896,0,0" t="0,0,0"/>
      </Joint>
      <Joint type="hinge">
        <RigidRef rigidRef="2" a="-1,0,0" z="0,0,0.99999994039535522" t="-0.33799999952316284,0.24366900324821472,0.80000001192092896"/>
        <RigidRef rigidRef="1" a="0,0,1" z="0.99978721141815186,-0.020629756152629852,0" t="0,0,-0.47999852895736694"/>
      </Joint>
      <Joint type="hinge">
        <RigidRef rigidRef="3" a="0,0,-1.0000001192092896" z="1.0000001192092896,0,0" t="0,0,-3.200000524520874"/>
        <RigidRef rigidRef="2" a="1.0000001192092896,0,0" z="0,0,1" t="2.4179997444152832,0.24366849660873413,-0.79999846220016479"/>
      </Joint>
      <Joint type="hinge">
        <RigidRef rigidRef="23" a="0,0,1.0000001192092896" z="-1.0000001192092896,0,0" t="0,-1.2799999713897705,0.15999999642372131"/>
        <RigidRef rigidRef="3" a="0,0,1.0000001192092896" z="-1.0000001192092896,0,0" t="0,0,-2.8800003528594971"/>
      </Joint>
      <Joint type="hinge">
        <RigidRef rigidRef="4" a="0,0,1.0000001192092896" z="-1.0000001192092896,0,0" t="0,-1.2799999713897705,0.15999999642372131"/>
        <RigidRef rigidRef="3" a="0,0,1.0000001192092896" z="-1.0000001192092896,0,0" t="0,0,0"/>
      </Joint>
      <Joint type="hinge">
        <RigidRef rigidRef="5" a="1,0,0" z="0,0,-1" t="1.1379992961883545,0.2436690628528595,-0.80000019073486328"/>
        <RigidRef rigidRef="3" a="0,0,1" z="0.99824279546737671,-0.059258434921503067,0" t="0,0,-0.48000028729438782"/>
      </Joint>
      <Joint type="hinge">
        <RigidRef rigidRef="6" a="0,0,-1.0000001192092896" z="1.0000001192092896,0,0" t="0,0,-3.200000524520874"/>
        <RigidRef rigidRef="5" a="-1.0000001192092896,0,0" z="0,-0.055332385003566742,-0.99846816062927246" t="-1.5460025072097778,0.24366982281208038,0.79999834299087524"/>
      </Joint>
      <Joint type="hinge">
        <RigidRef rigidRef="22" a="0,0,1.0000001192092896" z="-1.0000001192092896,0,0" t="0,-1.2799999713897705,0.15999999642372131"/>
        <RigidRef rigidRef="6" a="0,0,1.0000001192092896" z="-1.0000001192092896,0,0" t="0,0,0"/>
      </Joint>
      <Joint type="hinge">
        <RigidRef rigidRef="8" a="-1,0,0" z="0,0,0.99999994039535522" t="-0.33799999952316284,0.24366900324821472,0.80000001192092896"/>
        <RigidRef rigidRef="6" a="0,0,1" z="0.99611485004425049,-0.088063649833202362,0" t="0,0,-2.0800018310546875"/>
      </Joint>
      <Joint type="hinge">
        <RigidRef rigidRef="7" a="0,0,1.0000001192092896" z="-1.0000001192092896,0,0" t="0,-1.2799999713897705,0.15999999642372131"/>
        <RigidRef rigidRef="6" a="0,0,1.0000001192092896" z="-1.0000001192092896,0,0" t="0,0,-2.8799993991851807"/>
      </Joint>
      <Joint type="hinge">
        <RigidRef rigidRef="9" a="0,0,-1.0000001192092896" z="1.0000001192092896,0,0" t="0,0,-3.200000524520874"/>
        <RigidRef rigidRef="8" a="1.0000001192092896,0,0" z="0,-0.053352963179349899,0.99857586622238159" t="0.81799638271331787,0.2436680942773819,-0.80000066757202148"/>
      </Joint>
      <Joint type="hinge">
        <RigidRef rigidRef="21" a="0,0,1.0000001192092896" z="-1.0000001192092896,0,0" t="0,-1.2799999713897705,0.15999999642372131"/>
        <RigidRef rigidRef="9" a="0,0,1.0000001192092896" z="-1.0000001192092896,0,0" t="0,0,0"/>
      </Joint>
      <Joint type="hinge">
        <RigidRef rigidRef="20" a="0,0,1.0000001192092896" z="-1.0000001192092896,0,0" t="0,-1.2799999713897705,0.15999999642372131"/>
        <RigidRef rigidRef="9" a="0,0,1.0000001192092896" z="-1.0000001192092896,0,0" t="0,0,-2.8800013065338135"/>
      </Joint>
      <Joint type="hinge">
        <RigidRef rigidRef="10" a="1,0,0" z="0,0,-0.99999994039535522" t="-0.46200305223464966,0.24366889894008636,-0.79999840259552002"/>
        <RigidRef rigidRef="9" a="0,0,1.0000001192092896" z="0.99040299654006958,-0.13820968568325043,0" t="0,0,-2.0800037384033203"/>
      </Joint>
      <Joint type="hinge">
        <RigidRef rigidRef="11" a="0,0,-1.0000001192092896" z="1.0000001192092896,0,0" t="0,0,-3.200000524520874"/>
        <RigidRef rigidRef="10" a="-1,0,0" z="0,0.25112295150756836,-0.96795529127120972" t="-1.6179989576339722,0.24366921186447144,0.79999899864196777"/>
      </Joint>
      <Joint type="hinge">
        <RigidRef rigidRef="12" a="0,-0.99999982118606567,0" z="0.99999988079071045,0,0" t="0,-1.2799985408782959,0.79781121015548706"/>
        <RigidRef rigidRef="11" a="0,0,0.99999994039535522" z="0.086919330060482025,-0.99621522426605225,0" t="0,0,0.15999969840049744"/>
      </Joint>
      <Joint type="hinge">
        <RigidRef rigidRef="13" a="0,0,1.0000001192092896" z="1.0000001192092896,0,0" t="0,0,0"/>
        <RigidRef rigidRef="12" a="-2.9930301025160588E-005,0,1" z="0,1,0" t="0,0.58000034093856812,0.3999997079372406"/>
      </Joint>
      <Joint type="hinge">
        <RigidRef rigidRef="14" a="1.0000001192092896,0,0" z="0,0,1.0000001192092896" t="0.40000104904174805,6.9799928665161133,0.40000000596046448"/>
        <RigidRef rigidRef="13" a="0,0,-1.0000001192092896" z="1.0000001192092896,0,0" t="0,0,-1.5999999046325684"/>
      </Joint>
      <Joint type="hinge">
        <RigidRef rigidRef="19" a="0,1,0" z="0,0,1" t="0,0,0"/>
        <RigidRef rigidRef="14" a="0,1,0" z="0,0,1" t="2.3999998569488525,-0.3200036883354187,1.6000003814697266"/>
      </Joint>
      <Joint type="hinge">
        <RigidRef rigidRef="17" a="0,1,0" z="0,0,1" t="0,0,0"/>
        <RigidRef rigidRef="14" a="0,1,0" z="0,0,1" t="3.6000008583068848,12.159992218017578,-1.2000001668930054"/>
      </Joint>
      <Joint type="hinge">
        <RigidRef rigidRef="16" a="0,1,0" z="0,0,1" t="0,0,0"/>
