<?xml version="1.0" encoding="UTF-8" standalone="no" ?>
<LXFML versionMajor="5" versionMinor="0">
  <Meta>
    <Application name="CCOP" versionMajor="0" versionMinor="0"/>
    <Brand name="LEGOUniverse"/>
    <BrickSet version="228"/>
  </Meta>
  <Bricks>
    <Brick refID="0" designID="3020">
      <Part refID="0" designID="3020" materials="28">
        <Bone refID="0" transformation="1,0,0,0,1,0,0,0,1,-1.1999998092651367,0,0.94000011682510376">
        </Bone>
      </Part>
    </Brick>
    <Brick refID="1" designID="44302">
      <Part refID="1" designID="44302" materials="199">
        <Bone refID="1" transformation="0,0,1,0,0.99999994039535522,0,-1,0,0,-1.1999998092651367,0.3200002908706665,0.14000016450881958">
        </Bone>
      </Part>
    </Brick>
    <Brick refID="2" designID="44302">
      <Part refID="2" designID="44302" materials="199">
        <Bone refID="2" transformation="0,0,1,0,0.99999994039535522,0,-1,0,0,1.2000002861022949,0.3200002908706665,0.14000016450881958">
        </Bone>
      </Part>
    </Brick>
    <Brick refID="3" designID="6636">
      <Part refID="3" designID="6636" materials="192,0" decoration="0">
        <Bone refID="3" transformation="1,0,0,0,1,0,0,0,1,-1.9999997615814209,0.64000028371810913,0.93999987840652466">
        </Bone>
      </Part>
    </Brick>
    <Brick refID="4" designID="3666">
      <Part refID="4" designID="3666" materials="192">
        <Bone refID="4" transformation="1,0,0,0,1,0,0,0,1,-1.9999997615814209,0.64000034332275391,0.13999992609024048">
        </Bone>
      </Part>
    </Brick>
    <Brick refID="5" designID="44301">
      <Part refID="5" designID="44301" materials="194">
        <Bone refID="5" transformation="-1.466270987293683E-005,0.97425317764282227,-0.2254573255777359,-2.106647843902465E-005,0.22545744478702545,0.97425317764282227,1.0000001192092896,1.9159426301484928E-005,1.7317359379376285E-005,1.200005054473877,1.2914328575134277,-1.0819684267044067">
        </Bone>
      </Part>
    </Brick>
    <Brick refID="6" designID="6636">
      <Part refID="6" designID="6636" materials="192,0" decoration="0">
        <Bone refID="6" transformation="1,1.477500882174354E-005,1.1745078154490329E-005,-1.477500882174354E-005,0.2255566269159317,0.97423005104064941,1.1745078154490329E-005,-0.97423005104064941,0.2255566269159317,-2.0000042915344238,1.3634977340698242,-0.77023214101791382">
        </Bone>
      </Part>
    </Brick>
    <Brick refID="7" designID="44301">
      <Part refID="7" designID="44301" materials="194">
        <Bone refID="7" transformation="0,0.97418707609176636,-0.22574274241924286,1.0003165698435623E-005,0.22574283182621002,0.97418707609176636,1.0000001192092896,0,-1.1268748494330794E-005,-1.2000017166137695,1.2912704944610596,-1.0819588899612427">
        </Bone>
      </Part>
    </Brick>
    <Brick refID="8" designID="6636">
      <Part refID="8" designID="6636" materials="192,0" decoration="0">
        <Bone refID="8" transformation="1,2.6503648768994026E-005,3.8443140510935336E-005,-4.3431191443232819E-005,0.22559379041194916,0.97422146797180176,1.7147889593616128E-005,-0.97422146797180176,0.22559379041194916,-2.0000095367431641,2.1428670883178711,-0.95069617033004761">
        </Bone>
      </Part>
    </Brick>
  </Bricks>
  <RigidSystems>
    <RigidSystem>
      <Rigid refID="0" transformation="1,0,0,0,1,0,0,0,1,-1.1999998092651367,0,0.94000011682510376" boneRefs="0,1,2,3,4"/>
      <Rigid refID="1" transformation="-1.466270987293683E-005,0.97425317764282227,-0.2254573255777359,-2.106647843902465E-005,0.22545744478702545,0.97425317764282227,1.0000001192092896,1.9159426301484928E-005,1.7317359379376285E-005,1.200005054473877,1.2914328575134277,-1.0819684267044067" boneRefs="5"/>
      <Rigid refID="2" transformation="1,1.477500882174354E-005,1.1745078154490329E-005,-1.477500882174354E-005,0.2255566269159317,0.97423005104064941,1.1745078154490329E-005,-0.97423005104064941,0.2255566269159317,-2.0000042915344238,1.3634977340698242,-0.77023214101791382" boneRefs="6"/>
      <Rigid refID="3" transformation="0,0.97418707609176636,-0.22574274241924286,1.0003165698435623E-005,0.22574283182621002,0.97418707609176636,1.0000001192092896,0,-1.1268748494330794E-005,-1.2000017166137695,1.2912704944610596,-1.0819588899612427" boneRefs="7"/>
      <Rigid refID="4" transformation="1,2.6503648768994026E-005,3.8443140510935336E-005,-4.3431191443232819E-005,0.22559379041194916,0.97422146797180176,1.7147889593616128E-005,-0.97422146797180176,0.22559379041194916,-2.0000095367431641,2.1428670883178711,-0.95069617033004761" boneRefs="8"/>
      <Joint type="hinge">
        <RigidRef rigidRef="1" a="0,0,1.0000001192092896" z="1,0,0" t="-0.80000001192092896,0.24799999594688416,0"/>
        <RigidRef rigidRef="0" a="1,0,0" z="0,0,-0.99999994039535522" t="2.4000000953674316,0.56800025701522827,-1.5999999046325684"/>
      </Joint>
      <Joint type="hinge">
        <RigidRef rigidRef="3" a="0,0,1.0000001192092896" z="1,0,0" t="-0.80000001192092896,0.24799999594688416,0"/>
        <RigidRef rigidRef="0" a="1,0,0" z="0,0,-0.99999994039535522" t="0,0.56800025701522827,-1.5999999046325684"/>
      </Joint>
      <Joint type="hinge">
        <RigidRef rigidRef="2" a="0,1,0" z="0,0,1" t="3.2000000476837158,0,0"/>
        <RigidRef rigidRef="1" a="0,1,0" z="0,0,1" t="0,0.31999999284744263,0"/>
      </Joint>
      <Joint type="hinge">
        <RigidRef rigidRef="4" a="0,1,0" z="0,0,1" t="3.2000000476837158,0,0"/>
        <RigidRef rigidRef="1" a="0,1,0" z="0,0,1" t="0.80000007152557373,0.31999999284744263,0"/>
      </Joint>
      <Joint type="hinge">
        <RigidRef rigidRef="3" a="0,1,0" z="0,0,1" t="0,0.31999999284744263,0"/>
        <RigidRef rigidRef="2" a="0,1,0" z="0,0,1" t="0.80000007152557373,0,0"/>
      </Joint>
      <Joint type="hinge">
        <RigidRef rigidRef="4" a="0,1,0" z="0,0,1" t="0.80000007152557373,0,0"/>
        <RigidRef rigidRef="3" a="0,1,0" z="0,0,1" t="0.80000007152557373,0.31999999284744263,0"/>
      </Joint>
    </RigidSystem>
  </RigidSystems>
  <GroupSystems>
    <GroupSystem>
    </GroupSystem>
  </GroupSystems>
</LXFML>
