<?xml version="1.0" encoding="UTF-8" standalone="no" ?>
<LXFML versionMajor="5" versionMinor="0">
  <Meta>
    <Application name="LEGO Universe" versionMajor="0" versionMinor="0"/>
    <Brand name="LEGOUniverse"/>
    <BrickSet version="330"/>
  </Meta>
  <Bricks>
    <Brick refID="0" designID="73983">
      <Part refID="0" designID="2429" materials="192">
        <Bone refID="0" transformation="-1,0,0,0,1,0,0,0,-1,-3.6000008583068848,0.31999999284744263,2.0000057220458984">
        </Bone>
      </Part>
      <Part refID="1" designID="2430" materials="192">
        <Bone refID="1" transformation="-0.70710694789886475,0,-0.70710659027099609,0,1,0,0.70710659027099609,0,-0.70710694789886475,-5.3656868934631348,0.31999999284744263,1.6000041961669922">
        </Bone>
      </Part>
    </Brick>
    <Brick refID="1" designID="3069">
      <Part refID="2" designID="3069" materials="192,0" decoration="0">
        <Bone refID="2" transformation="1,0,0,0,1,0,0,0,1,-4.4002251625061035,0.63999998569488525,2.0000095367431641">
        </Bone>
      </Part>
    </Brick>
    <Brick refID="2" designID="2445">
      <Part refID="3" designID="2445" materials="192">
        <Bone refID="3" transformation="1,0,0,0,1,0,0,0,1,-4.4000039100646973,0,2.8000087738037109">
        </Bone>
      </Part>
    </Brick>
    <Brick refID="3" designID="73983">
      <Part refID="4" designID="2430" materials="192">
        <Bone refID="4" transformation="-1,0,0,0,1,0,0,0,-1,4.4000029563903809,0.31999999284744263,2.0000057220458984">
        </Bone>
      </Part>
      <Part refID="5" designID="2429" materials="192">
        <Bone refID="5" transformation="-0.70710694789886475,0,0.70710659027099609,0,1,0,-0.70710659027099609,0,-0.70710694789886475,5.9313702583312988,0.31999999284744263,1.0343074798583984">
        </Bone>
      </Part>
    </Brick>
    <Brick refID="4" designID="3069">
      <Part refID="6" designID="3069" materials="192,0" decoration="0">
        <Bone refID="6" transformation="1,0,0,0,1,0,0,0,1,3.5997767448425293,0.63999998569488525,2.0000133514404297">
        </Bone>
      </Part>
    </Brick>
    <Brick refID="5" designID="3038">
      <Part refID="7" designID="3038" materials="192">
        <Bone refID="7" transformation="1,0,0,0,1,0,0,0,1,-2.000002384185791,0.31999999284744263,2.0000095367431641">
        </Bone>
      </Part>
    </Brick>
    <Brick refID="6" designID="6636">
      <Part refID="8" designID="6636" materials="192,0" decoration="0">
        <Bone refID="8" transformation="1,0,0,0,1,0,0,0,1,-2.000002384185791,1.2799999713897705,2.0000095367431641">
        </Bone>
      </Part>
    </Brick>
    <Brick refID="7" designID="3038">
      <Part refID="9" designID="3038" materials="192">
        <Bone refID="9" transformation="1,0,0,0,1,0,0,0,1,0.39999520778656006,0.31999999284744263,2.0000095367431641">
        </Bone>
      </Part>
    </Brick>
    <Brick refID="8" designID="50746">
      <Part refID="10" designID="50746" materials="192">
        <Bone refID="10" transformation="1,0,0,0,1,0,0,0,1,-4.4000039100646973,0.31999999284744263,2.8000087738037109">
        </Bone>
      </Part>
    </Brick>
    <Brick refID="9" designID="50746">
      <Part refID="11" designID="50746" materials="192">
        <Bone refID="11" transformation="1,0,0,0,1,0,0,0,1,3.5999996662139893,0.31999999284744263,2.8000125885009766">
        </Bone>
      </Part>
    </Brick>
    <Brick refID="10" designID="50746">
      <Part refID="12" designID="50746" materials="192">
        <Bone refID="12" transformation="1,0,0,0,1,0,0,0,1,-3.6000046730041504,0.31999999284744263,2.8000087738037109">
        </Bone>
      </Part>
    </Brick>
    <Brick refID="11" designID="30110">
      <Part refID="13" designID="30110" materials="194">
        <Bone refID="13" transformation="1,0,0,0,1,0,0,0,1,-2.8000016212463379,0.31999999284744263,2.8000049591064453">
        </Bone>
      </Part>
    </Brick>
    <Brick refID="12" designID="3832">
      <Part refID="14" designID="3832" materials="192">
        <Bone refID="14" transformation="0.70710688829421997,0,0.70710664987564087,0,1,0,-0.70710664987564087,0,0.70710688829421997,-11.022565841674805,0,-2.9254791736602783">
        </Bone>
      </Part>
    </Brick>
    <Brick refID="13" designID="3038">
      <Part refID="15" designID="3038" materials="192">
        <Bone refID="15" transformation="0.70710688829421997,0,0.70710664987564087,0,1,0,-0.70710664987564087,0,0.70710688829421997,-8.1941337585449219,0.31999999284744263,-1.2284232378005981">
        </Bone>
      </Part>
    </Brick>
    <Brick refID="14" designID="6636">
      <Part refID="16" designID="6636" materials="192,0" decoration="0">
        <Bone refID="16" transformation="0.70710688829421997,0,0.70710664987564087,0,1,0,-0.70710664987564087,0,0.70710688829421997,-9.8911857604980469,1.2799999713897705,-2.9254772663116455">
        </Bone>
      </Part>
    </Brick>
    <Brick refID="15" designID="50746">
      <Part refID="17" designID="50746" materials="192">
        <Bone refID="17" transformation="0.70710688829421997,0,0.70710664987564087,0,1,0,-0.70710664987564087,0,0.70710688829421997,-6.4970946311950684,0.31999999284744263,1.600028395652771">
        </Bone>
      </Part>
    </Brick>
    <Brick refID="16" designID="3069">
      <Part refID="18" designID="3069" materials="192,0" decoration="0">
        <Bone refID="18" transformation="0.70710688829421997,0,0.70710664987564087,0,1,0,-0.70710664987564087,0,0.70710688829421997,-5.9315567016601563,0.63999998569488525,1.0341829061508179">
        </Bone>
      </Part>
    </Brick>
    <Brick refID="17" designID="3038">
      <Part refID="19" designID="3038" materials="192">
        <Bone refID="19" transformation="0.70710688829421997,0,0.70710664987564087,0,1,0,-0.70710664987564087,0,0.70710688829421997,-9.8911933898925781,0.31999999284744263,-2.9254810810089111">
        </Bone>
      </Part>
    </Brick>
    <Brick refID="18" designID="30110">
      <Part refID="20" designID="30110" materials="194">
        <Bone refID="20" transformation="0.70710688829421997,0,0.70710664987564087,0,1,0,-0.70710664987564087,0,0.70710688829421997,-11.022558212280273,0.31999999284744263,-2.9254753589630127">
        </Bone>
      </Part>
    </Brick>
    <Brick refID="19" designID="3832">
      <Part refID="21" designID="3832" materials="192">
        <Bone refID="21" transformation="0.70710700750350952,0,-0.70710670948028564,0,1,0,0.70710670948028564,0,0.70710700750350952,5.9313693046569824,0,2.165658712387085">
        </Bone>
      </Part>
    </Brick>
    <Brick refID="20" designID="30110">
      <Part refID="22" designID="30110" materials="194">
        <Bone refID="22" transformation="0.70710700750350952,0,-0.70710670948028564,0,1,0,0.70710670948028564,0,0.70710700750350952,7.0627617835998535,0.31999999284744263,1.0342918634414673">
        </Bone>
      </Part>
    </Brick>
    <Brick refID="21" designID="3038">
      <Part refID="23" designID="3038" materials="192">
        <Bone refID="23" transformation="0.70710700750350952,0,-0.70710670948028564,0,1,0,0.70710670948028564,0,0.70710700750350952,7.0627579689025879,0.31999999284744263,-0.097086407244205475">
        </Bone>
      </Part>
    </Brick>
    <Brick refID="22" designID="3038">
      <Part refID="24" designID="3038" materials="192">
        <Bone refID="24" transformation="0.70710700750350952,0,-0.70710670948028564,0,1,0,0.70710670948028564,0,0.70710700750350952,8.7598104476928711,0.31999999284744263,-1.7941231727600098">
        </Bone>
      </Part>
    </Brick>
    <Brick refID="23" designID="6636">
      <Part refID="25" designID="6636" materials="192,0" decoration="0">
        <Bone refID="25" transformation="-0.70710694789886475,0,0.70710659027099609,0,1,0,-0.70710659027099609,0,-0.70710694789886475,9.8911733627319336,1.2799999713897705,-2.9254937171936035">
        </Bone>
      </Part>
    </Brick>
    <Brick refID="24" designID="3069">
      <Part refID="26" designID="3069" materials="192,0" decoration="0">
        <Bone refID="26" transformation="0.70710700750350952,0,-0.70710670948028564,0,1,0,0.70710670948028564,0,0.70710700750350952,5.3655295372009277,0.63999998569488525,1.60013747215271">
        </Bone>
      </Part>
    </Brick>
    <Brick refID="25" designID="50746">
      <Part refID="27" designID="50746" materials="192">
        <Bone refID="27" transformation="0.70710700750350952,0,-0.70710670948028564,0,1,0,0.70710670948028564,0,0.70710700750350952,6.4970593452453613,0.31999999284744263,1.5999772548675537">
        </Bone>
      </Part>
    </Brick>
    <Brick refID="26" designID="30176">
      <Part refID="28" designID="30176" materials="28">
        <Bone refID="28" transformation="0.70710670948028564,0,-0.7071068286895752,0,1,0,0.7071068286895752,0,0.70710670948028564,-5.9313721656799316,0.31999999284744263,2.1656932830810547">
        </Bone>
      </Part>
    </Brick>
    <Brick refID="27" designID="30176">
      <Part refID="29" designID="30176" materials="28">
        <Bone refID="29" transformation="-0.36341908574104309,0,-0.93162578344345093,0,1,0,0.93162578344345093,0,-0.36341908574104309,5.9313759803771973,0.31999999284744263,2.1656780242919922">
        </Bone>
      </Part>
    </Brick>
    <Brick refID="28" designID="30176">
      <Part refID="30" designID="30176" materials="28">
        <Bone refID="30" transformation="0.89410227537155151,0,-0.44786283373832703,0,1,0,0.44786283373832703,0,0.89410227537155151,4.4000029563903809,0.31999999284744263,2.8000125885009766">
        </Bone>
      </Part>
    </Brick>
  </Bricks>
  <RigidSystems>
    <RigidSystem>
      <Rigid refID="0" transformation="-1,0,0,0,1,0,0,0,-1,-5.2000007629394531,0.31999999284744263,2.0000057220458984" boneRefs="0,2,3,4,6,7,8,9,10,11,12,13"/>
      <Rigid refID="1" transformation="-0.70710694789886475,0,-0.70710659027099609,0,1,0,0.70710659027099609,0,-0.70710694789886475,-6.9656867980957031,0.31999999284744263,1.6000041961669922" boneRefs="1,14,15,16,17,18,19,20"/>
      <Rigid refID="2" transformation="-0.70710694789886475,0,0.70710659027099609,0,1,0,-0.70710659027099609,0,-0.70710694789886475,4.3313703536987305,0.31999999284744263,1.0343074798583984" boneRefs="5,21,22,23,24,25,26,27"/>
      <Rigid refID="3" transformation="0.70710670948028564,0,-0.7071068286895752,0,1,0,0.7071068286895752,0,0.70710670948028564,-7.5313720703125,0.31999999284744263,2.1656932830810547" boneRefs="28"/>
      <Rigid refID="4" transformation="-0.36341908574104309,0,-0.93162578344345093,0,1,0,0.93162578344345093,0,-0.36341908574104309,4.3313760757446289,0.31999999284744263,2.1656780242919922" boneRefs="29"/>
      <Rigid refID="5" transformation="0.89410227537155151,0,-0.44786283373832703,0,1,0,0.44786283373832703,0,0.89410227537155151,2.8000030517578125,0.31999999284744263,2.8000125885009766" boneRefs="30"/>
      <Joint type="hinge">
        <RigidRef rigidRef="0" a="0,-1,0" z="-1,0,0" t="-8.4000034332275391,0.15999999642372131,0.39999929070472717"/>
        <RigidRef rigidRef="2" a="0,-1,0" z="-1,0,0" t="1.2000000476837158,0.15999999642372131,0.40000000596046448"/>
      </Joint>
      <Joint type="hinge">
        <RigidRef rigidRef="1" a="0,-1,0" z="-1,0,0" t="-0.40000000596046448,0.15999999642372131,0.40000000596046448"/>
        <RigidRef rigidRef="0" a="0,-1,0" z="-1,0,0" t="1.2000000476837158,0.15999999642372131,0.40000000596046448"/>
      </Joint>
      <Joint type="hinge">
        <RigidRef rigidRef="5" a="0,1,0" z="0,0,1" t="0,0,0"/>
        <RigidRef rigidRef="0" a="0,1,0" z="0,0,-1" t="-7.9999971389770508,0,-0.8000037670135498"/>
      </Joint>
      <Joint type="hinge">
        <RigidRef rigidRef="3" a="0,1,0" z="0,0,1" t="0,0,0"/>
        <RigidRef rigidRef="1" a="0,1,0" z="0,0,-1" t="1.8596649169921875E-005,0,-0.80001688003540039"/>
      </Joint>
      <Joint type="hinge">
        <RigidRef rigidRef="4" a="0,1,0" z="0,0,1" t="0,0,0"/>
        <RigidRef rigidRef="2" a="0,1,0" z="0,0,-1" t="0.79998660087585449,0,-0.79998558759689331"/>
      </Joint>
    </RigidSystem>
  </RigidSystems>
  <GroupSystems>
    <GroupSystem>
    </GroupSystem>
  </GroupSystems>
</LXFML>
