<?xml version="1.0" encoding="UTF-8" standalone="no" ?>
<LXFML versionMajor="5" versionMinor="0">
  <Meta>
    <Application name="CCOP" versionMajor="0" versionMinor="0"/>
    <Brand name="LEGOUniverse"/>
    <BrickSet version="215"/>
  </Meta>
  <Bricks>
    <Brick refID="0" designID="6141">
      <Part refID="0" designID="6141" materials="131">
        <Bone refID="0" transformation="0,0,1,0,1,0,-1,0,0,0,3.3600103855133057,0.40000057220458984">
        </Bone>
      </Part>
    </Brick>
    <Brick refID="1" designID="6019">
      <Part refID="1" designID="6019" materials="131">
        <Bone refID="1" transformation="0,0,1,0,1,0,-1,0,0,0,3.0400102138519287,0.40000042319297791">
        </Bone>
      </Part>
    </Brick>
    <Brick refID="2" designID="6141">
      <Part refID="2" designID="6141" materials="131">
        <Bone refID="2" transformation="0,0,1,0,1,0,-1,0,0,0,2.7200102806091309,0.40000042319297791">
        </Bone>
      </Part>
    </Brick>
    <Brick refID="3" designID="6141">
      <Part refID="3" designID="6141" materials="21">
        <Bone refID="3" transformation="1,0,0,0,0,1,0,-1,0,-0.80000001192092896,3.2880098819732666,0.64000082015991211">
        </Bone>
      </Part>
    </Brick>
    <Brick refID="4" designID="64644">
      <Part refID="4" designID="64644" materials="131">
        <Bone refID="4" transformation="-1,0,0,0,0,1.0000001192092896,0,1.0000001192092896,0,-0.80000001192092896,3.2880101203918457,-0.95999956130981445">
        </Bone>
      </Part>
    </Brick>
    <Brick refID="5" designID="30208">
      <Part refID="5" designID="30208" materials="40">
        <Bone refID="5" transformation="0.70710694789886475,0,0.70710664987564087,0,1,0,-0.70710664987564087,0,0.70710694789886475,-1.5313719511032104,2.7200100421905518,0">
        </Bone>
      </Part>
    </Brick>
    <Brick refID="6" designID="60474">
      <Part refID="6" designID="60474" materials="131">
        <Bone refID="6" transformation="0,0,1,0,1,0,-1,0,0,-0.79999995231628418,2.0800101757049561,-1.200000524520874">
        </Bone>
      </Part>
    </Brick>
    <Brick refID="7" designID="4590">
      <Part refID="7" designID="4590" materials="26">
        <Bone refID="7" transformation="1,0,0,0,1,0,0,0,1,-0.80000042915344238,1.7600101232528687,1.2000007629394531">
        </Bone>
      </Part>
    </Brick>
    <Brick refID="8" designID="48336">
      <Part refID="8" designID="48336" materials="26">
        <Bone refID="8" transformation="0,0,-1,0,1,0,1,0,0,0.79999995231628418,1.7600101232528687,0.4000014066696167">
        </Bone>
      </Part>
    </Brick>
    <Brick refID="9" designID="48336">
      <Part refID="9" designID="48336" materials="26">
        <Bone refID="9" transformation="0,0,1,0,1,0,-1,0,0,-1.6000006198883057,1.7600101232528687,-0.40000021457672119">
        </Bone>
      </Part>
    </Brick>
    <Brick refID="10" designID="3176">
      <Part refID="10" designID="3176" materials="26">
        <Bone refID="10" transformation="0,0,1,0,1,0,-1,0,0,-0.80000042915344238,1.7600101232528687,-0.40000021457672119">
        </Bone>
      </Part>
    </Brick>
    <Brick refID="11" designID="4032">
      <Part refID="11" designID="4032" materials="26">
        <Bone refID="11" transformation="0,0,1,0,1,0,-1,0,0,-0.79999995231628418,1.4400101900100708,-0.39999926090240479">
        </Bone>
      </Part>
    </Brick>
    <Brick refID="12" designID="30153">
      <Part refID="12" designID="30153" materials="43">
        <Bone refID="12" transformation="0,0,1,0,1,0,-1,0,0,0.7999996542930603,2.0800101757049561,1.6000003814697266">
        </Bone>
      </Part>
    </Brick>
    <Brick refID="13" designID="30153">
      <Part refID="13" designID="30153" materials="43">
        <Bone refID="13" transformation="0,0,1,0,1,0,-1,0,0,-1.6000001430511475,2.0500099658966064,1.5999999046325684">
        </Bone>
      </Part>
    </Brick>
    <Brick refID="14" designID="55299">
      <Part refID="14" designID="55299" materials="199">
        <Bone refID="14" transformation="-0.98046809434890747,-0.19667834043502808,0,0,0,1.0000001192092896,-0.19667834043502808,0.98046821355819702,0,1.7163455486297607,2.6076045036315918,0.92700099945068359">
        </Bone>
      </Part>
    </Brick>
    <Brick refID="15" designID="30162">
      <Part refID="15" designID="30162" materials="131">
        <Bone refID="15" transformation="0,0,-1.0000001192092896,0.98046809434890747,0.19667892158031464,0,0.19667886197566986,-0.98046809434890747,0,1.5132507085800171,2.8065464496612549,0.38500118255615234">
        </Bone>
      </Part>
    </Brick>
    <Brick refID="16" designID="60470">
      <Part refID="16" designID="60470" materials="131">
        <Bone refID="16" transformation="0,0,-1,0.98046797513961792,0.19667902588844299,0,0.19667905569076538,-0.98046797513961792,0,1.1995007991790771,2.7436082363128662,0.38500213623046875">
        </Bone>
      </Part>
    </Brick>
    <Brick refID="17" designID="30162">
      <Part refID="17" designID="30162" materials="131">
        <Bone refID="17" transformation="0,0,1,0.98046797513961792,0.19667902588844299,0,-0.19667905569076538,0.98046797513961792,0,1.5132507085800171,2.8065454959869385,-0.41499993205070496">
        </Bone>
      </Part>
    </Brick>
    <Brick refID="18" designID="60849">
      <Part refID="18" designID="60849" materials="131">
        <Bone refID="18" transformation="0.5455591082572937,0.83807259798049927,0,0,0,-1.0000001192092896,-0.83807259798049927,0.54555898904800415,0,1.6239060163497925,3.0684239864349365,-0.95699924230575562">
        </Bone>
      </Part>
    </Brick>
    <Brick refID="19" designID="60849">
      <Part refID="19" designID="60849" materials="131">
        <Bone refID="19" transformation="0.55795580148696899,0.82987099885940552,0,0,0,-1.0000001192092896,-0.82987099885940552,0.55795562267303467,0,1.7163451910018921,2.6076035499572754,-0.95699930191040039">
        </Bone>
      </Part>
    </Brick>
    <Brick refID="20" designID="55299">
      <Part refID="20" designID="55299" materials="199">
        <Bone refID="20" transformation="0.97181421518325806,-0.23574802279472351,0,0,0,1,-0.23574802279472351,-0.97181427478790283,0,-2.4922640323638916,2.6117789745330811,0.92700052261352539">
        </Bone>
      </Part>
    </Brick>
    <Brick refID="21" designID="30162">
      <Part refID="21" designID="30162" materials="131">
        <Bone refID="21" transformation="0,0,-1.0000001192092896,-0.97181451320648193,0.23574791848659515,0,0.2357477992773056,0.97181445360183716,0,-2.2813727855682373,2.8024356365203857,0.38500070571899414">
        </Bone>
      </Part>
    </Brick>
    <Brick refID="22" designID="60470">
      <Part refID="22" designID="60470" materials="131">
        <Bone refID="22" transformation="0,0,1.0000001192092896,-0.97181451320648193,0.23574791848659515,0,-0.2357477992773056,-0.97181445360183716,0,-1.9703918695449829,2.7269961833953857,-0.41500043869018555">
        </Bone>
      </Part>
    </Brick>
    <Brick refID="23" designID="30162">
      <Part refID="23" designID="30162" materials="131">
        <Bone refID="23" transformation="0,0,1.0000001192092896,-0.97181451320648193,0.23574791848659515,0,-0.2357477992773056,-0.97181445360183716,0,-2.2813723087310791,2.8024356365203857,-0.41500043869018555">
        </Bone>
      </Part>
    </Brick>
    <Brick refID="24" designID="60849">
      <Part refID="24" designID="60849" materials="131">
        <Bone refID="24" transformation="-0.4816005527973175,0.87639087438583374,0,0,0,-1,-0.87639087438583374,-0.48160058259963989,0,-2.3814618587493896,3.0685317516326904,-0.9570002555847168">
        </Bone>
      </Part>
    </Brick>
    <Brick refID="25" designID="60849">
      <Part refID="25" designID="60849" materials="131">
        <Bone refID="25" transformation="-0.47630724310874939,0.87927907705307007,0,0,0,-1.0000001192092896,-0.87927907705307007,-0.47630730271339417,0,-2.4922635555267334,2.6117789745330811,-0.9570002555847168">
        </Bone>
      </Part>
    </Brick>
    <Brick refID="26" designID="3794">
      <Part refID="26" designID="3794" materials="26">
        <Bone refID="26" transformation="0,0,-1,0,1,0,1,0,0,-0.40000015497207642,1.1200100183486938,0.40000104904174805">
        </Bone>
      </Part>
    </Brick>
    <Brick refID="27" designID="3794">
      <Part refID="27" designID="3794" materials="26">
        <Bone refID="27" transformation="1,0,0,0,1,0,0,0,1,-0.80000001192092896,0.80001002550125122,0.40000057220458984">
        </Bone>
      </Part>
    </Brick>
    <Brick refID="28" designID="3794">
      <Part refID="28" designID="3794" materials="26">
        <Bone refID="28" transformation="1,0,0,0,1,0,0,0,1,-0.80000001192092896,0.80001050233840942,-0.39999961853027344">
        </Bone>
      </Part>
    </Brick>
    <Brick refID="29" designID="6141">
      <Part refID="29" designID="6141" materials="26">
        <Bone refID="29" transformation="0,0,-1.0000001192092896,1.0000001192092896,0,0,0,-1.0000001192092896,0,1.1999990940093994,0.40001016855239868,1.2000017166137695">
        </Bone>
      </Part>
    </Brick>
    <Brick refID="30" designID="41769">
      <Part refID="30" designID="41769" materials="24">
        <Bone refID="30" transformation="0,0,-1.0000001192092896,1.0000001192092896,0,0,0,-1.0000001192092896,0,0.87999910116195679,0.40001031756401062,1.2000014781951904">
        </Bone>
      </Part>
    </Brick>
    <Brick refID="31" designID="6141">
      <Part refID="31" designID="6141" materials="26">
        <Bone refID="31" transformation="0,0,-1.0000001192092896,1.0000001192092896,0,0,0,-1.0000001192092896,0,1.1999988555908203,0.40001019835472107,0.40000167489051819">
        </Bone>
      </Part>
    </Brick>
    <Brick refID="32" designID="41769">
      <Part refID="32" designID="41769" materials="24">
        <Bone refID="32" transformation="0,0,-1.0000001192092896,1.0000001192092896,0,0,0,-1.0000001192092896,0,0.55999946594238281,0.40001043677330017,1.2000019550323486">
        </Bone>
      </Part>
    </Brick>
    <Brick refID="33" designID="2436">
      <Part refID="33" designID="2436" materials="24">
        <Bone refID="33" transformation="0,0,-1,0,0.99999994039535522,0,1,0,0,0,0.48001044988632202,0.40000119805335999">
        </Bone>
      </Part>
    </Brick>
    <Brick refID="34" designID="6141">
      <Part refID="34" designID="6141" materials="26">
        <Bone refID="34" transformation="0,0,-1.0000001192092896,1.0000001192092896,0,0,0,-1.0000001192092896,0,1.1999988555908203,0.40001019835472107,-0.39999967813491821">
        </Bone>
      </Part>
    </Brick>
    <Brick refID="35" designID="6141">
      <Part refID="35" designID="6141" materials="26">
        <Bone refID="35" transformation="0,0,-1.0000001192092896,1.0000001192092896,0,0,0,-1.0000001192092896,0,1.1999988555908203,0.40001031756401062,-1.1999988555908203">
        </Bone>
      </Part>
    </Brick>
    <Brick refID="36" designID="3023">
      <Part refID="36" designID="3023" materials="24">
        <Bone refID="36" transformation="1,0,0,0,1,0,0,0,1,-0.80000001192092896,0.16001051664352417,0.40000009536743164">
        </Bone>
      </Part>
    </Brick>
    <Brick refID="37" designID="41770">
      <Part refID="37" designID="41770" materials="24">
        <Bone refID="37" transformation="0,0,-1.0000001192092896,-1.0000001192092896,0,0,0,1.0000001192092896,0,-1.3599998950958252,0.40001055598258972,1.2000002861022949">
        </Bone>
      </Part>
    </Brick>
    <Brick refID="38" designID="41770">
      <Part refID="38" designID="41770" materials="24">
        <Bone refID="38" transformation="0,0,-1.0000001192092896,-1.0000001192092896,0,0,0,1.0000001192092896,0,-1.6800000667572021,0.40001043677330017,1.2000002861022949">
        </Bone>
      </Part>
    </Brick>
    <Brick refID="39" designID="6141">
      <Part refID="39" designID="6141" materials="26">
        <Bone refID="39" transformation="0,0,1.0000001192092896,-1.0000001192092896,0,0,0,-1.0000001192092896,0,-2.0000002384185791,0.40000006556510925,1.2000002861022949">
        </Bone>
      </Part>
    </Brick>
    <Brick refID="40" designID="6141">
      <Part refID="40" designID="6141" materials="26">
        <Bone refID="40" transformation="0,0,1.0000001192092896,-1.0000001192092896,0,0,0,-1.0000001192092896,0,-2.0000002384185791,0.40001040697097778,0.40000057220458984">
        </Bone>
      </Part>
    </Brick>
    <Brick refID="41" designID="2436">
      <Part refID="41" designID="2436" materials="24">
        <Bone refID="41" transformation="0,0,1,0,0.99999994039535522,0,-1,0,0,-0.79999995231628418,0.48001042008399963,-0.39999958872795105">
        </Bone>
      </Part>
    </Brick>
    <Brick refID="42" designID="6141">
      <Part refID="42" designID="6141" materials="26">
        <Bone refID="42" transformation="0,0,1.0000001192092896,-1.0000001192092896,0,0,0,-1.0000001192092896,0,-2.0000002384185791,0.40001043677330017,-0.39999964833259583">
        </Bone>
      </Part>
    </Brick>
    <Brick refID="43" designID="6141">
      <Part refID="43" designID="6141" materials="26">
        <Bone refID="43" transformation="0,0,1.0000001192092896,-1.0000001192092896,0,0,0,-1.0000001192092896,0,-2.0000002384185791,0.40001043677330017,-1.1999993324279785">
        </Bone>
      </Part>
    </Brick>
    <Brick refID="44" designID="2540">
      <Part refID="44" designID="2540" materials="24">
        <Bone refID="44" transformation="-1,0,0,0,1,0,0,0,-1,0,0.16001039743423462,-0.39999961853027344">
        </Bone>
      </Part>
    </Brick>
    <Brick refID="45" designID="58176">
      <Part refID="45" designID="58176" materials="21">
        <Bone refID="45" transformation="0,0,1,0,1,0,-1,0,0,0,3.3600101470947266,-0.39999961853027344">
        </Bone>
      </Part>
    </Brick>
    <Brick refID="46" designID="33286">
      <Part refID="46" designID="33286" materials="131">
        <Bone refID="46" transformation="0,0,1,0,1,0,-1,0,0,0,2.7200100421905518,-0.39999961853027344">
        </Bone>
      </Part>
    </Brick>
  </Bricks>
  <RigidSystems>
    <RigidSystem>
      <Rigid refID="0" transformation="0,0,1,0,1,0,-1,0,0,0,3.3600103855133057,0.40000057220458984" boneRefs="0,1,2"/>
      <Rigid refID="1" transformation="1,0,0,0,0,1,0,-1,0,-0.80000001192092896,3.2880098819732666,0.64000082015991211" boneRefs="3,4"/>
      <Joint type="hinge">
        <RigidRef rigidRef="1" a="0,1,0" z="-1,0,0" t="0,-0.080000221729278564,0"/>
        <RigidRef rigidRef="0" a="1,0,0" z="0,0,1" t="0.15999996662139893,-0.072000026702880859,0.7999998927116394"/>
      </Joint>
    </RigidSystem>
    <RigidSystem>
      <Rigid refID="2" transformation="0.70710694789886475,0,0.70710664987564087,0,1,0,-0.70710664987564087,0,0.70710694789886475,-1.5313719511032104,2.7200100421905518,0" boneRefs="5"/>
    </RigidSystem>
    <RigidSystem>
      <Rigid refID="3" transformation="0,0,1,0,1,0,-1,0,0,-0.79999995231628418,2.0800101757049561,-1.200000524520874" boneRefs="6,7,8,9,10,11"/>
      <Rigid refID="4" transformation="0,0,1,0,1,0,-1,0,0,0.7999996542930603,2.0800101757049561,1.6000003814697266" boneRefs="12"/>
      <Rigid refID="5" transformation="0,0,1,0,1,0,-1,0,0,-1.6000001430511475,2.0500099658966064,1.5999999046325684" boneRefs="13"/>
      <Rigid refID="6" transformation="-0.98046809434890747,-0.19667834043502808,0,0,0,1.0000001192092896,-0.19667834043502808,0.98046821355819702,0,1.7163455486297607,2.6076045036315918,0.92700099945068359" boneRefs="14,15,16,17,18,19"/>
      <Rigid refID="7" transformation="0.97181421518325806,-0.23574802279472351,0,0,0,1,-0.23574802279472351,-0.97181427478790283,0,-2.4922640323638916,2.6117789745330811,0.92700052261352539" boneRefs="20,21,22,23,24,25"/>
      <Rigid refID="8" transformation="0,0,-1,0,1,0,1,0,0,-0.40000015497207642,1.1200100183486938,0.40000104904174805" boneRefs="26"/>
      <Rigid refID="9" transformation="1,0,0,0,1,0,0,0,1,-0.80000001192092896,0.80000996589660645,0.40000057220458984" boneRefs="27"/>
      <Rigid refID="10" transformation="1,0,0,0,1,0,0,0,1,-0.80000001192092896,0.80001044273376465,-0.39999961853027344" boneRefs="28"/>
      <Rigid refID="11" transformation="0,0,-1.0000001192092896,1.0000001192092896,0,0,0,-1.0000001192092896,0,1.1999990940093994,0.40001013875007629,1.2000017166137695" boneRefs="29,30,31,32,33,34,35"/>
      <Rigid refID="12" transformation="1,0,0,0,1,0,0,0,1,-0.80000001192092896,0.16001047194004059,0.40000009536743164" boneRefs="36"/>
      <Rigid refID="13" transformation="0,0,-1.0000001192092896,-1.0000001192092896,0,0,0,1.0000001192092896,0,-1.3599998950958252,0.40001052618026733,1.2000002861022949" boneRefs="37,38,39,40,41,42,43"/>
      <Rigid refID="14" transformation="-1,0,0,0,1,0,0,0,-1,0,0.16001035273075104,-0.39999961853027344" boneRefs="44"/>
      <Joint type="hinge">
        <RigidRef rigidRef="7" a="0,-1.0000002384185791,0" z="1.0000003576278687,0,0" t="0.23200061917304993,-1.5020009279251099,0.56500005722045898"/>
        <RigidRef rigidRef="3" a="-1.0000002384185791,0,0" z="0,-0.23574797809123993,-0.97181463241577148" t="0.62500005960464478,-0.072000026702880859,1.6000001430511475"/>
      </Joint>
      <Joint type="hinge">
        <RigidRef rigidRef="8" a="0,1,0" z="0,0,1" t="0.40000000596046448,0.31999999284744263,0"/>
        <RigidRef rigidRef="3" a="0,1,0" z="0,0,1" t="1.2000012397766113,-0.63999998569488525,-0.3999999463558197"/>
      </Joint>
      <Joint type="hinge">
        <RigidRef rigidRef="5" a="0,-0.99999994039535522,0" z="1,0,0" t="0,0,0"/>
        <RigidRef rigidRef="3" a="0,-0.99999994039535522,0" z="1,0,0" t="2.8000004291534424,-0.030000209808349609,0.80000042915344238"/>
      </Joint>
      <Joint type="hinge">
        <RigidRef rigidRef="6" a="0,1,0" z="1.0000001192092896,0,0" t="0.23200011253356934,-0.38199877738952637,-0.56500035524368286"/>
        <RigidRef rigidRef="3" a="1.0000001192092896,0,0" z="0,-0.19667907059192657,0.98046809434890747" t="1.7450028657913208,-0.072000026702880859,-2.3999998569488525"/>
      </Joint>
      <Joint type="hinge">
        <RigidRef rigidRef="4" a="0,-0.99999994039535522,0" z="1,0,0" t="0,0,0"/>
        <RigidRef rigidRef="3" a="0,-0.99999994039535522,0" z="1,0,0" t="2.8000011444091797,0,-1.5999994277954102"/>
      </Joint>
      <Joint type="hinge">
        <RigidRef rigidRef="9" a="0,1,0" z="0,0,1" t="0.40000000596046448,0.31999999284744263,0"/>
        <RigidRef rigidRef="8" a="0,1,0" z="0,0,1" t="0,0,0"/>
      </Joint>
      <Joint type="hinge">
        <RigidRef rigidRef="10" a="0,1,0" z="0,0,1" t="0.40000000596046448,0.31999999284744263,0"/>
        <RigidRef rigidRef="8" a="0,1,0" z="0,0,1" t="0.80000007152557373,0,0"/>
      </Joint>
      <Joint type="hinge">
        <RigidRef rigidRef="11" a="0,0,-0.99999982118606567" z="0,0.99999988079071045,0" t="0.80000042915344238,-1.1999989748001099,-0.40000012516975403"/>
        <RigidRef rigidRef="9" a="0,1,0" z="0,0,1" t="0.80000007152557373,0,0"/>
      </Joint>
      <Joint type="hinge">
        <RigidRef rigidRef="13" a="0,0,0.99999982118606567" z="0,0.99999988079071045,0" t="0.79999971389770508,-0.55999982357025146,0.39999985694885254"/>
        <RigidRef rigidRef="9" a="0,1,0" z="0,0,1" t="0,0,0"/>
      </Joint>
      <Joint type="hinge">
        <RigidRef rigidRef="11" a="0,0,-0.99999982118606567" z="0,0.99999988079071045,0" t="1.6000003814697266,-1.1999990940093994,-0.40000012516975403"/>
        <RigidRef rigidRef="10" a="0,1,0" z="0,0,1" t="0.80000007152557373,0,0"/>
      </Joint>
      <Joint type="hinge">
        <RigidRef rigidRef="13" a="0,0,0.99999982118606567" z="0,0.99999988079071045,0" t="1.5999996662139893,-0.55999982357025146,0.39999988675117493"/>
        <RigidRef rigidRef="10" a="0,1,0" z="0,0,1" t="0,0,0"/>
      </Joint>
      <Joint type="hinge">
        <RigidRef rigidRef="12" a="0,1,0" z="0,0,1" t="0.80000007152557373,0.31999999284744263,0"/>
        <RigidRef rigidRef="11" a="0,0,-0.99999982118606567" z="0,0.99999988079071045,0" t="0.80000042915344238,-1.1999989748001099,-0.080000191926956177"/>
      </Joint>
      <Joint type="hinge">
        <RigidRef rigidRef="14" a="0,1,0" z="0,0,1" t="0,0.31999999284744263,0"/>
        <RigidRef rigidRef="11" a="0,0,-0.99999982118606567" z="0,0.99999988079071045,0" t="1.6000003814697266,-1.1999989748001099,-0.080000191926956177"/>
      </Joint>
      <Joint type="hinge">
        <RigidRef rigidRef="13" a="0,0,0.99999982118606567" z="0,0.99999988079071045,0" t="0.79999971389770508,-0.55999982357025146,0.079999908804893494"/>
        <RigidRef rigidRef="12" a="0,1,0" z="0,0,1" t="0,0.31999999284744263,0"/>
      </Joint>
      <Joint type="hinge">
        <RigidRef rigidRef="14" a="0,1,0" z="0,0,1" t="0.80000007152557373,0.31999999284744263,0"/>
        <RigidRef rigidRef="13" a="0,0,0.99999982118606567" z="0,0.99999988079071045,0" t="1.5999996662139893,-0.55999982357025146,0.079999953508377075"/>
      </Joint>
    </RigidSystem>
    <RigidSystem>
      <Rigid refID="15" transformation="0,0,1,0,1,0,-1,0,0,0,3.3600101470947266,-0.39999961853027344" boneRefs="45"/>
      <Rigid refID="16" transformation="0,0,1,0,1,0,-1,0,0,0,2.7200100421905518,-0.39999961853027344" boneRefs="46"/>
      <Joint type="hinge">
        <RigidRef rigidRef="16" a="0,1,0" z="0,0,1" t="0,0.63999998569488525,0"/>
        <RigidRef rigidRef="15" a="0,1,0" z="0,0,1" t="0,0,0"/>
      </Joint>
    </RigidSystem>
  </RigidSystems>
  <GroupSystems>
    <GroupSystem>
    </GroupSystem>
  </GroupSystems>
</LXFML>
