<?xml version="1.0" encoding="UTF-8" standalone="no" ?>
<LXFML versionMajor="5" versionMinor="0">
  <Meta>
    <Application name="LEGO Universe" versionMajor="0" versionMinor="0"/>
    <Brand name="LEGOUniverse"/>
    <BrickSet version="330"/>
  </Meta>
  <Bricks>
    <Brick refID="0" designID="30552">
      <Part refID="0" designID="30552" materials="26">
        <Bone refID="0" transformation="-0.47727417945861816,0.69780862331390381,0.53410911560058594,-0.74566614627838135,0,-0.66631984710693359,-0.4649638831615448,-0.71628433465957642,0.52033215761184692,2.4313652515411377,3.5687894821166992,-3.0504460334777832">
        </Bone>
      </Part>
    </Brick>
    <Brick refID="1" designID="50746">
      <Part refID="1" designID="50746" materials="26">
        <Bone refID="1" transformation="0.74566614627838135,0,0.66631978750228882,-0.47727340459823608,0.69781005382537842,0.53410792350769043,-0.46496462821960449,-0.71628290414810181,0.52033329010009766,1.0568268299102783,5.5784735679626465,-1.5122165679931641">
        </Bone>
      </Part>
    </Brick>
    <Brick refID="2" designID="61184">
      <Part refID="2" designID="61184" materials="26">
        <Bone refID="2" transformation="-0.7456657886505127,0,-0.6663200855255127,-0.47727334499359131,0.69780993461608887,0.53410804271697998,0.4649651050567627,0.71628296375274658,-0.52033275365829468,1.0568370819091797,5.5785026550292969,-1.5122098922729492">
        </Bone>
      </Part>
    </Brick>
    <Brick refID="3" designID="32123">
      <Part refID="3" designID="32123" materials="26">
        <Bone refID="3" transformation="0.74566614627838135,0,0.66631984710693359,0.46496453881263733,0.71628308296203613,-0.52033323049545288,-0.47727358341217041,0.69780993461608887,0.53410798311233521,1.6677353382110596,4.6852831840515137,-2.1958727836608887">
        </Bone>
      </Part>
    </Brick>
    <Brick refID="4" designID="3069">
      <Part refID="4" designID="3069" materials="26,0" decoration="0">
        <Bone refID="4" transformation="-0.59759551286697388,0.44231337308883667,0.66875886917114258,0.74566632509231567,0,0.66631954908370972,0.29472249746322632,0.89686053991317749,-0.32981780171394348,2.1526558399200439,4.933924674987793,-1.6579751968383789">
        </Bone>
      </Part>
    </Brick>
    <Brick refID="5" designID="44301">
      <Part refID="5" designID="44301" materials="26">
        <Bone refID="5" transformation="-0.59759426116943359,0.44231334328651428,0.66876018047332764,0.74566805362701416,0,0.66631776094436646,0.29472094774246216,0.89686071872711182,-0.32981905341148376,1.913923978805542,4.9340085983276367,-1.8710541725158691">
        </Bone>
      </Part>
    </Brick>
    <Brick refID="6" designID="4733">
      <Part refID="6" designID="4733" materials="26">
        <Bone refID="6" transformation="0.46496611833572388,0.71628308296203613,-0.52033227682113647,0.47727158665657043,-0.69780999422073364,-0.53410983085632324,-0.74566680192947388,0,-0.66631919145584106,1.1093432903289795,5.5017032623291016,-1.5709781646728516">
        </Bone>
      </Part>
    </Brick>
    <Brick refID="7" designID="44301">
      <Part refID="7" designID="44301" materials="26">
        <Bone refID="7" transformation="-0.59759563207626343,0.44231295585632324,0.6687590479850769,-0.74566632509231567,0,-0.66631948947906494,-0.2947222888469696,-0.89686077833175659,0.32981732487678528,1.3174006938934326,4.9339966773986816,-2.404109001159668">
        </Bone>
      </Part>
    </Brick>
    <Brick refID="8" designID="3069">
      <Part refID="8" designID="3069" materials="26,0" decoration="0">
        <Bone refID="8" transformation="-0.59759539365768433,0.44231423735618591,0.6687585711479187,-0.74566668272018433,0,-0.66631913185119629,-0.29472202062606812,-0.89686018228530884,0.32981926202774048,1.0789134502410889,4.9339113235473633,-2.6174850463867187">
        </Bone>
      </Part>
    </Brick>
    <Brick refID="9" designID="3069">
      <Part refID="9" designID="3069" materials="26,0" decoration="0">
        <Bone refID="9" transformation="0.47727218270301819,-0.69781088829040527,-0.53410792350769043,0.46496501564979553,0.71628212928771973,-0.52033406496047974,0.74566668272018433,0,0.66631913185119629,1.3715846538543701,5.676722526550293,-1.8644412755966187">
        </Bone>
      </Part>
    </Brick>
    <Brick refID="10" designID="3024">
      <Part refID="10" designID="3024" materials="26">
        <Bone refID="10" transformation="0.74566632509231567,0,0.66631972789764404,-0.4649634063243866,-0.71628367900848389,0.52033346891403198,0.47727459669113159,-0.69780933856964111,-0.53410792350769043,1.2327678203582764,4.316072940826416,-1.7090792655944824">
        </Bone>
      </Part>
    </Brick>
    <Brick refID="11" designID="60478">
      <Part refID="11" designID="60478" materials="26">
        <Bone refID="11" transformation="0.47727882862091064,-0.6978071928024292,-0.53410762548446655,-0.4649602472782135,-0.71628588438034058,0.52033323049545288,-0.74566590785980225,0,-0.66632020473480225,0.99972444772720337,5.1035237312316895,-1.4483075141906738">
        </Bone>
      </Part>
    </Brick>
    <Brick refID="12" designID="50746">
      <Part refID="12" designID="50746" materials="26">
        <Bone refID="12" transformation="-0.74566459655761719,0,-0.66632169485092163,-0.46496722102165222,-0.71628469228744507,0.5203285813331604,-0.47727352380752563,0.69780832529067993,0.53411054611206055,0.85094720125198364,4.8743209838867187,-1.281794548034668">
        </Bone>
      </Part>
    </Brick>
    <Brick refID="13" designID="2555">
      <Part refID="13" designID="2555" materials="5">
        <Bone refID="13" transformation="0.47727584838867188,-0.69780856370925903,-0.53410744667053223,-0.46496057510375977,-0.71628433465957642,0.52033489942550659,-0.7456669807434082,0,-0.66631877422332764,1.0839755535125732,4.086860179901123,-1.5425682067871094">
        </Bone>
      </Part>
    </Brick>
    <Brick refID="14" designID="53989">
      <Part refID="14" designID="53989" materials="154">
        <Bone refID="14" transformation="-0.74566644430160522,0,-0.66631942987442017,0.31918811798095703,-0.87779760360717773,-0.35719788074493408,-0.58489358425140381,-0.47903171181678772,0.6545441746711731,0.49307173490524292,5.4844446182250977,-0.90083408355712891">
        </Bone>
      </Part>
    </Brick>
    <Brick refID="15" designID="64847">
      <Part refID="15" designID="64847" materials="5">
        <Bone refID="15" transformation="0.79474169015884399,-0.17716114223003387,0.58051669597625732,-0.16212610900402069,0.85973405838012695,0.48432689905166626,-0.58489388227462769,-0.47903168201446533,0.65454405546188354,-0.60348969697952271,5.3145289421081543,0.32631778717041016">
        </Bone>
      </Part>
    </Brick>
    <Brick refID="16" designID="30503">
      <Part refID="16" designID="30503" materials="138">
        <Bone refID="16" transformation="-1,0,0,0,1,0,0,0,-1,-0.39999467134475708,0.32000124454498291,-1.1999921798706055">
        </Bone>
      </Part>
    </Brick>
    <Brick refID="17" designID="30504">
      <Part refID="17" designID="30504" materials="5">
        <Bone refID="17" transformation="1,0,0,0,1,0,0,0,1,-1.9999914169311523,1.52587890625E-005,-2.7999739646911621">
        </Bone>
      </Part>
    </Brick>
    <Brick refID="18" designID="30503">
      <Part refID="18" designID="30503" materials="138">
        <Bone refID="18" transformation="1,0,0,0,1,0,0,0,1,-2.7999982833862305,0.32000124454498291,-0.39998722076416016">
        </Bone>
      </Part>
    </Brick>
    <Brick refID="19" designID="3623">
      <Part refID="19" designID="3623" materials="5">
        <Bone refID="19" transformation="0,0,1,0,0.99999994039535522,0,-1,0,0,-2.7999942302703857,0,1.2000129222869873">
        </Bone>
      </Part>
    </Brick>
    <Brick refID="20" designID="3666">
      <Part refID="20" designID="3666" materials="5">
        <Bone refID="20" transformation="0,0,1,0,0.99999994039535522,0,-1,0,0,-2.7999944686889648,0,-3.5999917984008789">
        </Bone>
      </Part>
    </Brick>
    <Brick refID="21" designID="41770">
      <Part refID="21" designID="41770" materials="138">
        <Bone refID="21" transformation="0,0,-1,0,0.99999994039535522,0,1,0,0,2.0000009536743164,0.32000172138214111,-1.1999893188476563">
        </Bone>
      </Part>
    </Brick>
    <Brick refID="22" designID="3062">
      <Part refID="22" designID="3062" materials="192">
        <Bone refID="22" transformation="-0.66632044315338135,0,0.74566555023193359,0,1,0,-0.74566555023193359,0,-0.66632044315338135,0.80000406503677368,1.6000152826309204,-1.5999794006347656">
        </Bone>
      </Part>
    </Brick>
    <Brick refID="23" designID="2432">
      <Part refID="23" designID="2432" materials="192">
        <Bone refID="23" transformation="-0.7456660270690918,0,-0.66631990671157837,0,1,0,0.66631990671157837,0,-0.7456660270690918,1.0982720851898193,2.5600161552429199,-1.3334528207778931">
        </Bone>
      </Part>
    </Brick>
    <Brick refID="24" designID="3062">
      <Part refID="24" designID="3062" materials="192">
        <Bone refID="24" transformation="-0.66632062196731567,0,0.74566537141799927,0,0.99999994039535522,0,-0.74566537141799927,0,-0.66632062196731567,0.80001229047775269,0.6400151252746582,-1.5999771356582642">
        </Bone>
      </Part>
    </Brick>
    <Brick refID="25" designID="3020">
      <Part refID="25" designID="3020" materials="138">
        <Bone refID="25" transformation="0,0,1,0,1,0,-1,0,0,0.40000694990158081,0.3200148344039917,-3.5999755859375">
        </Bone>
      </Part>
    </Brick>
    <Brick refID="26" designID="3460">
      <Part refID="26" designID="3460" materials="5">
        <Bone refID="26" transformation="1,0,0,0,1,0,0,0,1,-1.9999990463256836,0,-3.5999841690063477">
        </Bone>
      </Part>
    </Brick>
    <Brick refID="27" designID="3741">
      <Part refID="27" designID="3741" materials="108">
        <Bone refID="27" transformation="0,0,1,0,0.99999994039535522,0,-1,0,0,0.40000635385513306,0.6400153636932373,-2.7999739646911621">
        </Bone>
      </Part>
    </Brick>
    <Brick refID="28" designID="3741">
      <Part refID="28" designID="3741" materials="108">
        <Bone refID="28" transformation="-1,0,0,0,1,0,0,0,-1,0.40000635385513306,1.1200152635574341,-2.7999749183654785">
        </Bone>
      </Part>
    </Brick>
    <Brick refID="29" designID="6256">
      <Part refID="29" designID="6256" materials="194">
        <Bone refID="29" transformation="0,0,1,0,0.99999994039535522,0,-1,0,0,-1.6000030040740967,0.64000129699707031,-0.79998683929443359">
        </Bone>
      </Part>
    </Brick>
    <Brick refID="30" designID="30169">
      <Part refID="30" designID="30169" materials="26">
        <Bone refID="30" transformation="-0.54641503095626831,0,0.83751457929611206,0,1,0,-0.83751457929611206,0,-0.54641503095626831,-2.0000007152557373,0.64000129699707031,1.2000141143798828">
        </Bone>
      </Part>
    </Brick>
  </Bricks>
  <RigidSystems>
    <RigidSystem>
      <Rigid refID="0" transformation="-0.47727417945861816,0.69780862331390381,0.53410911560058594,-0.74566614627838135,0,-0.66631984710693359,-0.4649638831615448,-0.71628433465957642,0.52033215761184692,3.2313652038574219,3.5687894821166992,-0.65044593811035156" boneRefs="0"/>
      <Rigid refID="1" transformation="0.74566614627838135,0,0.66631978750228882,-0.47727340459823608,0.69781005382537842,0.53410792350769043,-0.46496462821960449,-0.71628290414810181,0.52033329010009766,1.8568267822265625,5.5784735679626465,0.88778352737426758" boneRefs="1,2"/>
      <Rigid refID="2" transformation="0.74566614627838135,0,0.66631984710693359,0.46496453881263733,0.71628308296203613,-0.52033323049545288,-0.47727358341217041,0.69780993461608887,0.53410798311233521,2.4677352905273437,4.6852831840515137,0.20412731170654297" boneRefs="3"/>
      <Rigid refID="3" transformation="-0.59759551286697388,0.44231337308883667,0.66875886917114258,0.74566632509231567,0,0.66631954908370972,0.29472249746322632,0.89686053991317749,-0.32981780171394348,2.9526557922363281,4.933924674987793,0.74202489852905273" boneRefs="4,5,6,7,8,9,10,11,12,13"/>
      <Rigid refID="4" transformation="-0.74566644430160522,0,-0.66631942987442017,0.31918811798095703,-0.87779760360717773,-0.35719788074493408,-0.58489358425140381,-0.47903171181678772,0.6545441746711731,1.2930717468261719,5.4844446182250977,1.4991660118103027" boneRefs="14"/>
      <Rigid refID="5" transformation="0.79474169015884399,-0.17716114223003387,0.58051669597625732,-0.16212610900402069,0.85973405838012695,0.48432689905166626,-0.58489388227462769,-0.47903168201446533,0.65454405546188354,0.19651031494140625,5.3145289421081543,2.7263178825378418" boneRefs="15"/>
      <Rigid refID="6" transformation="-1,0,0,0,1,0,0,0,-1,0.40000534057617188,0.32000124454498291,1.2000079154968262" boneRefs="16,17,18,19,20,21,22,23,24,25,26,27,28"/>
      <Rigid refID="7" transformation="0,0,1,0,0.99999994039535522,0,-1,0,0,-0.8000030517578125,0.64000129699707031,1.600013256072998" boneRefs="29"/>
      <Rigid refID="8" transformation="-0.54641503095626831,0,0.83751457929611206,0,1,0,-0.83751457929611206,0,-0.54641503095626831,-1.2000007629394531,0.64000129699707031,3.6000142097473145" boneRefs="30"/>
      <Joint type="hinge">
        <RigidRef rigidRef="1" a="0,-1,0" z="-1,0,0" t="1.184337270387914E-005,-2.3999810218811035,-2.2604133846471086E-005"/>
        <RigidRef rigidRef="0" a="-1,0,0" z="0,1,0" t="0.48000776767730713,-1.7433529137633741E-005,-2.2097376131569035E-005"/>
      </Joint>
      <Joint type="hinge">
        <RigidRef rigidRef="2" a="0,0,1" z="1,0,0" t="0,0,0"/>
        <RigidRef rigidRef="1" a="0,1,0" z="1,0,0" t="0,-1.2799938917160034,0"/>
      </Joint>
      <Joint type="hinge">
        <RigidRef rigidRef="3" a="0.95105665922164917,0,0.3090166449546814" z="0,1,0" t="0.12439664453268051,-0.71999716758728027,-0.089626982808113098"/>
        <RigidRef rigidRef="1" a="0,1,0" z="1,0,0" t="0,-0.96002113819122314,0"/>
      </Joint>
      <Joint type="hinge">
        <RigidRef rigidRef="4" a="1,0,0" z="0,0,-1" t="0.15999999642372131,0,0"/>
        <RigidRef rigidRef="3" a="0,-1,0" z="-0.57537990808486938,0,0.81788641214370728" t="1.7416070699691772,-0.8929983377456665,-0.24509617686271667"/>
      </Joint>
      <Joint type="hinge">
        <RigidRef rigidRef="6" a="0.74566596746444702,0,0.66631996631622314" z="-0.66631996631622314,0,0.74566596746444702" t="-0.54876476526260376,3.3600149154663086,0.64671045541763306"/>
        <RigidRef rigidRef="3" a="0,-1,0" z="-0.89686065912246704,0,0.44231340289115906" t="0.51667934656143188,-1.6199820041656494,-1.6529253721237183"/>
      </Joint>
      <Joint type="hinge">
        <RigidRef rigidRef="5" a="0,0,1" z="1,0,0" t="0,0,0"/>
        <RigidRef rigidRef="4" a="0,0,1" z="-0.97942173480987549,0.20182442665100098,0" t="0,-0.6391940712928772,1.5259919166564941"/>
      </Joint>
      <Joint type="hinge">
        <RigidRef rigidRef="7" a="0,1,0" z="0,0,1" t="0,0,0"/>
        <RigidRef rigidRef="6" a="0,1,0" z="-1,0,0" t="1.1999999284744263,0.31999999284744263,-0.40000006556510925"/>
      </Joint>
      <Joint type="hinge">
        <RigidRef rigidRef="8" a="0,1,0" z="0,0,1" t="0,0,0"/>
        <RigidRef rigidRef="6" a="0,1,0" z="1,0,0" t="1.6000039577484131,0.31999999284744263,-2.4000048637390137"/>
      </Joint>
    </RigidSystem>
  </RigidSystems>
  <GroupSystems>
    <GroupSystem>
    </GroupSystem>
  </GroupSystems>
</LXFML>
