<?xml version="1.0" encoding="UTF-8" standalone="no" ?>
<LXFML versionMajor="5" versionMinor="0">
  <Meta>
    <Application name="LEGO Universe" versionMajor="0" versionMinor="0"/>
    <Brand name="LEGOUniverse"/>
    <BrickSet version="287"/>
  </Meta>
  <Bricks>
    <Brick refID="0" designID="53989">
      <Part refID="0" designID="53989" materials="191">
        <Bone refID="0" transformation="-0.05256001278758049,-0.85087120532989502,-0.5227387547492981,0.99843311309814453,-0.034707870334386826,-0.043895244598388672,0.019206004217267036,-0.52422678470611572,0.85136228799819946,-6.3030471801757812,5.5609226226806641,1.7659244537353516">
        </Bone>
      </Part>
    </Brick>
    <Brick refID="1" designID="47457">
      <Part refID="1" designID="47457" materials="140">
        <Bone refID="1" transformation="-0.052557829767465591,-0.85087025165557861,-0.52274060249328613,-0.99843329191207886,0.034706227481365204,0.04389398917555809,-0.019205780699849129,0.52422857284545898,-0.85136103630065918,-7.0069432258605957,7.703162670135498,0.28187179565429688">
        </Bone>
      </Part>
    </Brick>
    <Brick refID="2" designID="3023">
      <Part refID="2" designID="3023" materials="199">
        <Bone refID="2" transformation="-0.052558455616235733,-0.85087007284164429,-0.52274072170257568,-0.99843317270278931,0.03470655158162117,0.043894186615943909,-0.01920570433139801,0.52422857284545898,-0.85136103630065918,-6.6874408721923828,7.6920566558837891,0.26782631874084473">
        </Bone>
      </Part>
    </Brick>
    <Brick refID="3" designID="62712">
      <Part refID="3" designID="62712" materials="199">
        <Bone refID="3" transformation="0.019205836579203606,-0.52422875165939331,0.85136103630065918,-0.99843323230743408,0.034706994891166687,0.043894577771425247,-0.052558962255716324,-0.85087007284164429,-0.52274078130722046,-5.7709927558898926,6.9780440330505371,-0.19250273704528809">
        </Bone>
      </Part>
    </Brick>
    <Brick refID="4" designID="2654">
      <Part refID="4" designID="2654" materials="140">
        <Bone refID="4" transformation="0.052558727562427521,0.85087007284164429,0.52274066209793091,-0.99843323230743408,0.034706585109233856,0.04389479011297226,0.019206225872039795,-0.52422863245010376,0.85136115550994873,-5.7402653694152832,6.1392760276794434,1.1696786880493164">
        </Bone>
      </Part>
    </Brick>
    <Brick refID="5" designID="3023">
      <Part refID="5" designID="3023" materials="199">
        <Bone refID="5" transformation="0.052558727562427521,0.85087007284164429,0.52274066209793091,-0.99843323230743408,0.034706585109233856,0.04389479011297226,0.019206225872039795,-0.52422863245010376,0.85136115550994873,-6.3792600631713867,6.1614890098571777,1.1977660655975342">
        </Bone>
      </Part>
    </Brick>
    <Brick refID="6" designID="2540">
      <Part refID="6" designID="2540" materials="199">
        <Bone refID="6" transformation="0.052558891475200653,0.85087013244628906,0.52274048328399658,-0.99843317270278931,0.034706838428974152,0.043894700706005096,0.019206015393137932,-0.52422851324081421,0.85136121511459351,-6.0597662925720215,6.1503844261169434,1.1837198734283447">
        </Bone>
      </Part>
    </Brick>
    <Brick refID="7" designID="3023">
      <Part refID="7" designID="3023" materials="199">
        <Bone refID="7" transformation="0.052558723837137222,0.85087007284164429,0.52274060249328613,-0.99843323230743408,0.034706585109233856,0.04389479011297226,0.019206222146749496,-0.52422857284545898,0.85136115550994873,-5.7402615547180176,6.139277458190918,1.1696746349334717">
        </Bone>
      </Part>
    </Brick>
    <Brick refID="8" designID="47753">
      <Part refID="8" designID="47753" materials="140">
        <Bone refID="8" transformation="-0.019202673807740211,0.52422887086868286,-0.85136103630065918,0.052551884204149246,0.85087025165557861,0.52274137735366821,0.99843364953994751,-0.034702576696872711,-0.043888181447982788,-4.9346070289611816,6.8536624908447266,2.5275330543518066">
        </Bone>
      </Part>
    </Brick>
    <Brick refID="9" designID="3023">
      <Part refID="9" designID="3023" materials="199">
        <Bone refID="9" transformation="-0.99843335151672363,0.034709297120571136,0.043890111148357391,0.052558571100234985,0.85087090730667114,0.52273964881896973,-0.019200894981622696,0.5242273211479187,-0.85136198997497559,-5.7487211227416992,7.3008084297180176,1.881563663482666">
        </Bone>
      </Part>
    </Brick>
    <Brick refID="10" designID="44728">
      <Part refID="10" designID="44728" materials="199">
        <Bone refID="10" transformation="-0.019206497818231583,0.52422827482223511,-0.85136133432388306,-0.99843323230743408,0.034705854952335358,0.04389466717839241,0.052558004856109619,0.85087043046951294,0.52274048328399658,-6.6567144393920898,6.8532900810241699,1.630007266998291">
        </Bone>
      </Part>
    </Brick>
    <Brick refID="11" designID="44728">
      <Part refID="11" designID="44728" materials="199">
        <Bone refID="11" transformation="0.019205966964364052,-0.52422875165939331,0.85136109590530396,-0.99843341112136841,0.034706439822912216,0.043894171714782715,-0.052558176219463348,-0.85087013244628906,-0.52274078130722046,-6.7141232490539551,6.5919761657714844,0.53072381019592285">
        </Bone>
      </Part>
    </Brick>
    <Brick refID="12" designID="3023">
      <Part refID="12" designID="3023" materials="199">
        <Bone refID="12" transformation="0.99843329191207886,-0.034705188125371933,-0.043894059956073761,-0.052557088434696198,-0.8508719801902771,-0.52273744344711304,-0.01920652762055397,0.52422541379928589,-0.85136288404464722,-6.6482572555541992,5.6917610168457031,0.91812348365783691">
        </Bone>
      </Part>
    </Brick>
    <Brick refID="13" designID="47753">
      <Part refID="13" designID="47753" materials="140">
        <Bone refID="13" transformation="-0.019206641241908073,0.52422803640365601,-0.85136121511459351,-0.052558217197656631,-0.85087031126022339,-0.52274006605148315,-0.99843311309814453,0.034705940634012222,0.04389488697052002,-7.4316396713256836,5.3001437187194824,1.6343288421630859">
        </Bone>
      </Part>
    </Brick>
    <Brick refID="14" designID="47458">
      <Part refID="14" designID="47458" materials="140">
        <Bone refID="14" transformation="0.052558619529008865,0.85087013244628906,0.52274072170257568,-0.99843323230743408,0.034706484526395798,0.04389471560716629,0.019206242635846138,-0.52422863245010376,0.85136115550994873,-7.0182576179504395,6.1837005615234375,1.2258570194244385">
        </Bone>
      </Part>
    </Brick>
    <Brick refID="15" designID="53451">
      <Part refID="15" designID="53451" materials="191">
        <Bone refID="15" transformation="-0.99843305349349976,0.034707963466644287,0.043895665556192398,0.019205024465918541,-0.52424836158752441,0.85134881734848022,0.052560813724994659,0.85085779428482056,0.52276033163070679,-6.9150123596191406,4.8670086860656738,2.9569454193115234">
        </Bone>
      </Part>
    </Brick>
    <Brick refID="16" designID="53989">
      <Part refID="16" designID="53989" materials="191">
        <Bone refID="16" transformation="-0.05256001278758049,-0.85087120532989502,-0.5227387547492981,0.99843311309814453,-0.034707870334386826,-0.043895244598388672,0.019206004217267036,-0.52422678470611572,0.85136228799819946,-6.2389259338378906,6.5989885330200195,2.4036693572998047">
        </Bone>
      </Part>
    </Brick>
    <Brick refID="17" designID="53451">
      <Part refID="17" designID="53451" materials="191">
        <Bone refID="17" transformation="-0.99843305349349976,0.034707963466644287,0.043895665556192398,0.019205024465918541,-0.52424836158752441,0.85134881734848022,0.052560813724994659,0.85085779428482056,0.52276033163070679,-6.8508872985839844,5.9050798416137695,3.5946788787841797">
        </Bone>
      </Part>
    </Brick>
    <Brick refID="18" designID="53989">
      <Part refID="18" designID="53989" materials="191">
        <Bone refID="18" transformation="0.052557770162820816,0.85086977481842041,0.52274119853973389,-0.99843323230743408,0.034706201404333115,0.043893523514270782,0.019205350428819656,-0.52422910928726196,0.85136079788208008,-6.2704639434814453,6.0884637832641602,2.0900211334228516">
        </Bone>
      </Part>
    </Brick>
    <Brick refID="19" designID="53451">
      <Part refID="19" designID="53451" materials="191">
        <Bone refID="19" transformation="0.99843341112136841,-0.034705851227045059,-0.043893188238143921,0.019205290824174881,-0.52422767877578735,0.85136157274246216,-0.05255725234746933,-0.85087066888809204,-0.52273982763290405,-5.609100341796875,5.4340605735778809,3.0887012481689453">
        </Bone>
      </Part>
    </Brick>
    <Brick refID="20" designID="4150">
      <Part refID="20" designID="4150" materials="140,0" decoration="0">
        <Bone refID="20" transformation="0.67113029956817627,-0.55532991886138916,0.4911138117313385,0.0029830972198396921,0.6644858717918396,0.7472948431968689,-0.74133342504501343,-0.50006717443466187,0.44761320948600769,-5.7298202514648437,9.0423593521118164,-1.429168701171875">
        </Bone>
      </Part>
    </Brick>
    <Brick refID="21" designID="57908">
      <Part refID="21" designID="57908" materials="199">
        <Bone refID="21" transformation="0.74133294820785522,0.50006717443466187,-0.447613924741745,0.0029838855843991041,0.66448581218719482,0.74729478359222412,0.67113077640533447,-0.55532991886138916,0.49111306667327881,-5.1957879066467285,7.9601926803588867,-1.7536830902099609">
        </Bone>
      </Part>
    </Brick>
    <Brick refID="22" designID="2654">
      <Part refID="22" designID="2654" materials="140">
        <Bone refID="22" transformation="0.67113053798675537,-0.55532974004745483,0.49111387133598328,0.0029830022249370813,0.66448593139648438,0.74729478359222412,-0.7413332462310791,-0.50006729364395142,0.44761329889297485,-5.7326889038085938,8.4044504165649414,-2.1465721130371094">
        </Bone>
      </Part>
    </Brick>
    <Brick refID="23" designID="6091">
      <Part refID="23" designID="6091" materials="191">
        <Bone refID="23" transformation="-1,0,0,0,1,0,0,0,-1,-1.9798333644866943,9.9478626251220703,-2.0118656158447266">
        </Bone>
      </Part>
    </Brick>
    <Brick refID="24" designID="50746">
      <Part refID="24" designID="50746" materials="191">
        <Bone refID="24" transformation="1,0,0,0,1,0,0,0,1,-1.1798303127288818,9.9478626251220703,-1.2118606567382812">
        </Bone>
      </Part>
    </Brick>
    <Brick refID="25" designID="6141">
      <Part refID="25" designID="6141" materials="26">
        <Bone refID="25" transformation="0,0,1,0,0.99999994039535522,0,-1,0,0,-1.1798309087753296,9.6278619766235352,-1.2118597030639648">
        </Bone>
      </Part>
    </Brick>
    <Brick refID="26" designID="3023">
      <Part refID="26" designID="3023" materials="191">
        <Bone refID="26" transformation="1,0,0,0,1,0,0,0,1,-1.9798300266265869,8.9878616333007812,-1.2118616104125977">
        </Bone>
      </Part>
    </Brick>
    <Brick refID="27" designID="6141">
      <Part refID="27" designID="6141" materials="26">
        <Bone refID="27" transformation="0,0,1,0,0.99999994039535522,0,-1,0,0,-1.1798309087753296,9.307861328125,-1.2118597030639648">
        </Bone>
      </Part>
    </Brick>
    <Brick refID="28" designID="3023">
      <Part refID="28" designID="3023" materials="140">
        <Bone refID="28" transformation="1,0,0,0,1,0,0,0,1,-1.9798300266265869,8.6678619384765625,-1.2118616104125977">
        </Bone>
      </Part>
    </Brick>
    <Brick refID="29" designID="3024">
      <Part refID="29" designID="3024" materials="191">
        <Bone refID="29" transformation="0,0,-1.0000001192092896,0,-1,0,-1.0000001192092896,0,0,-1.9798142910003662,8.3359994888305664,-1.2118659019470215">
        </Bone>
      </Part>
    </Brick>
    <Brick refID="30" designID="3023">
      <Part refID="30" designID="3023" materials="191">
        <Bone refID="30" transformation="-1,0,0,0,-1,0,0,0,1,-1.1798150539398193,8.6560001373291016,-1.2118587493896484">
        </Bone>
      </Part>
    </Brick>
    <Brick refID="31" designID="6141">
      <Part refID="31" designID="6141" materials="26">
        <Bone refID="31" transformation="0,0,1.0000001192092896,0,-1,0,1.0000001192092896,0,0,-1.1798264980316162,8.3359994888305664,-1.2118659019470215">
        </Bone>
      </Part>
    </Brick>
    <Brick refID="32" designID="6141">
      <Part refID="32" designID="6141" materials="26">
        <Bone refID="32" transformation="0,0,1.0000001192092896,0,-1,0,1.0000001192092896,0,0,-1.1798264980316162,8.0159997940063477,-1.2118659019470215">
        </Bone>
      </Part>
    </Brick>
    <Brick refID="33" designID="6091">
      <Part refID="33" designID="6091" materials="191">
        <Bone refID="33" transformation="1,0,0,0,-1,0,0,0,-1,-1.9798257350921631,7.3759984970092773,-2.0118651390075684">
        </Bone>
      </Part>
    </Brick>
    <Brick refID="34" designID="50746">
      <Part refID="34" designID="50746" materials="191">
        <Bone refID="34" transformation="-1,0,0,0,-1,0,0,0,1,-1.1798264980316162,7.6959986686706543,-1.2118659019470215">
        </Bone>
      </Part>
    </Brick>
    <Brick refID="35" designID="50746">
      <Part refID="35" designID="50746" materials="191">
        <Bone refID="35" transformation="-1,0,0,0,1,0,0,0,-1,-1.1798303127288818,9.9478626251220703,-3.6118679046630859">
        </Bone>
      </Part>
    </Brick>
    <Brick refID="36" designID="6141">
      <Part refID="36" designID="6141" materials="26">
        <Bone refID="36" transformation="0,0,1,0,0.99999994039535522,0,-1,0,0,-1.1798298358917236,9.6278619766235352,-3.6118679046630859">
        </Bone>
      </Part>
    </Brick>
    <Brick refID="37" designID="3023">
      <Part refID="37" designID="3023" materials="191">
        <Bone refID="37" transformation="1,0,0,0,1,0,0,0,1,-1.9798290729522705,8.9878616333007812,-3.6118717193603516">
        </Bone>
      </Part>
    </Brick>
    <Brick refID="38" designID="6141">
      <Part refID="38" designID="6141" materials="26">
        <Bone refID="38" transformation="0,0,1,0,0.99999994039535522,0,-1,0,0,-1.1798298358917236,9.307861328125,-3.6118679046630859">
        </Bone>
      </Part>
    </Brick>
    <Brick refID="39" designID="3023">
      <Part refID="39" designID="3023" materials="199">
        <Bone refID="39" transformation="1,0,0,0,1,0,0,0,1,-1.9798290729522705,8.6678619384765625,-3.6118717193603516">
        </Bone>
      </Part>
    </Brick>
    <Brick refID="40" designID="6091">
      <Part refID="40" designID="6091" materials="191">
        <Bone refID="40" transformation="1,0,0,0,1,0,0,0,1,-1.9798333644866943,9.9478626251220703,-2.8118648529052734">
        </Bone>
      </Part>
    </Brick>
    <Brick refID="41" designID="40244">
      <Part refID="41" designID="40244" materials="26">
        <Bone refID="41" transformation="0,0.94888365268707275,-0.3156261146068573,0,-0.31562605500221252,-0.94888365268707275,-1,0,0,-1.5029962062835693,13.970702171325684,2.4593524932861328">
        </Bone>
      </Part>
    </Brick>
    <Brick refID="42" designID="4274">
      <Part refID="42" designID="4274" materials="194">
        <Bone refID="42" transformation="1.677327963989228E-005,0.94896847009658813,-0.31537100672721863,-1,1.6758816855144687E-005,0,0,0.31537100672721863,0.94896841049194336,-1.1029641628265381,12.885549545288086,-2.0696449279785156">
        </Bone>
      </Part>
    </Brick>
    <Brick refID="43" designID="48336">
      <Part refID="43" designID="48336" materials="199">
        <Bone refID="43" transformation="-1,0,0,0,-0.31537026166915894,-0.94896876811981201,0,-0.94896876811981201,0.31537041068077087,-1.1029613018035889,12.63325023651123,-2.8288249969482422">
        </Bone>
      </Part>
    </Brick>
    <Brick refID="44" designID="2877">
      <Part refID="44" designID="2877" materials="26">
        <Bone refID="44" transformation="1,0,0,0,-0.31537911295890808,-0.94896578788757324,0,0.94896572828292847,-0.31537911295890808,-1.9029597043991089,12.532332420349121,-3.1325011253356934">
        </Bone>
      </Part>
    </Brick>
    <Brick refID="45" designID="2412">
      <Part refID="45" designID="2412" materials="26">
        <Bone refID="45" transformation="1,0,0,0,-0.31537911295890808,-0.94896578788757324,0,0.94896572828292847,-0.31537911295890808,-1.902953028678894,12.229572296142578,-4.0435118675231934">
        </Bone>
      </Part>
    </Brick>
    <Brick refID="46" designID="40244">
      <Part refID="46" designID="40244" materials="26">
        <Bone refID="46" transformation="0,0.94888365268707275,-0.3156261146068573,0,-0.31562605500221252,-0.94888365268707275,-1,0,0,-2.3029992580413818,13.970708847045898,2.4593486785888672">
        </Bone>
      </Part>
    </Brick>
    <Brick refID="47" designID="4274">
      <Part refID="47" designID="4274" materials="194">
        <Bone refID="47" transformation="0,0.94896739721298218,-0.31537407636642456,-1,0,0,0,0.31537407636642456,0.94896745681762695,-1.9029672145843506,12.885555267333984,-2.0696582794189453">
        </Bone>
      </Part>
    </Brick>
    <Brick refID="48" designID="47458">
      <Part refID="48" designID="47458" materials="140">
        <Bone refID="48" transformation="0,0,1,0,0.99999994039535522,0,-1,0,0,-1.9679653644561768,10.587862014770508,-2.8118705749511719">
        </Bone>
      </Part>
    </Brick>
    <Brick refID="49" designID="50745">
      <Part refID="49" designID="50745" materials="140">
        <Bone refID="49" transformation="0,0,1,0,0.99999994039535522,0,-1,0,0,-1.1679661273956299,9.6278619766235352,-2.8118667602539062">
        </Bone>
      </Part>
    </Brick>
    <Brick refID="50" designID="47457">
      <Part refID="50" designID="47457" materials="140">
        <Bone refID="50" transformation="0,0,-1,0,0.99999994039535522,0,1,0,0,-0.36796307563781738,10.587862968444824,-2.0118656158447266">
        </Bone>
      </Part>
    </Brick>
    <Brick refID="51" designID="2555">
      <Part refID="51" designID="2555" materials="140">
        <Bone refID="51" transformation="0,0,-1,0,0.99999994039535522,0,1,0,0,-1.1679666042327881,11.227862358093262,-2.8118648529052734">
        </Bone>
      </Part>
    </Brick>
    <Brick refID="52" designID="50746">
      <Part refID="52" designID="50746" materials="140">
        <Bone refID="52" transformation="1,0,0,0,1,0,0,0,1,-1.1679661273956299,11.227862358093262,-2.0118656158447266">
        </Bone>
      </Part>
    </Brick>
    <Brick refID="53" designID="3022">
      <Part refID="53" designID="3022" materials="23">
        <Bone refID="53" transformation="0,0,1,0,0.99999994039535522,0,-1,0,0,-0.36796307563781738,10.267862319946289,-2.8118667602539062">
        </Bone>
      </Part>
    </Brick>
    <Brick refID="54" designID="3023">
      <Part refID="54" designID="3023" materials="24">
        <Bone refID="54" transformation="1,0,0,0,1,0,0,0,1,-0.36796307563781738,9.9478626251220703,-2.0118656158447266">
        </Bone>
      </Part>
    </Brick>
    <Brick refID="55" designID="47457">
      <Part refID="55" designID="47457" materials="140">
        <Bone refID="55" transformation="0,0,1,0,0.99999994039535522,0,-1,0,0,0.43203616142272949,10.587862014770508,-2.8118667602539062">
        </Bone>
      </Part>
    </Brick>
    <Brick refID="56" designID="50746">
      <Part refID="56" designID="50746" materials="140">
        <Bone refID="56" transformation="1,0,0,0,1,0,0,0,1,1.232039213180542,11.227862358093262,-2.0118656158447266">
        </Bone>
      </Part>
    </Brick>
    <Brick refID="57" designID="3022">
      <Part refID="57" designID="3022" materials="23">
        <Bone refID="57" transformation="0,0,1,0,0.99999994039535522,0,-1,0,0,-0.36796307563781738,9.6278619766235352,-2.8118667602539062">
        </Bone>
      </Part>
    </Brick>
    <Brick refID="58" designID="2555">
      <Part refID="58" designID="2555" materials="140">
        <Bone refID="58" transformation="0,0,1,0,0.99999994039535522,0,-1,0,0,1.2320353984832764,11.227862358093262,-2.8118667602539062">
        </Bone>
      </Part>
    </Brick>
    <Brick refID="59" designID="3020">
      <Part refID="59" designID="3020" materials="199">
        <Bone refID="59" transformation="-1,0,0,0,1,0,0,0,-1,1.2320353984832764,9.307861328125,-2.8118667602539062">
        </Bone>
      </Part>
    </Brick>
    <Brick refID="60" designID="3020">
      <Part refID="60" designID="3020" materials="199">
        <Bone refID="60" transformation="-1,0,0,0,1,0,0,0,-1,1.2320353984832764,8.9878616333007812,-2.8118667602539062">
        </Bone>
      </Part>
    </Brick>
    <Brick refID="61" designID="4070">
      <Part refID="61" designID="4070" materials="26">
        <Bone refID="61" transformation="0,0,1,0,0.99999994039535522,0,-1,0,0,-0.36796307563781738,8.0278615951538086,-2.0118656158447266">
        </Bone>
      </Part>
    </Brick>
    <Brick refID="62" designID="62712">
      <Part refID="62" designID="62712" materials="199">
        <Bone refID="62" transformation="1,0,0,0,1,0,0,0,1,-2.7798283100128174,8.9878616333007812,-2.0118694305419922">
        </Bone>
      </Part>
    </Brick>
    <Brick refID="63" designID="4070">
      <Part refID="63" designID="4070" materials="194">
        <Bone refID="63" transformation="0,0,1,0,0.99999994039535522,0,-1,0,0,-1.9798252582550049,8.0278615951538086,-2.0118656158447266">
        </Bone>
      </Part>
    </Brick>
    <Brick refID="64" designID="2432">
      <Part refID="64" designID="2432" materials="199">
        <Bone refID="64" transformation="0,0,1.0000001192092896,-1.0000001192092896,0,0,0,-1.0000001192092896,0,-2.2316906452178955,8.5878620147705078,-2.8118705749511719">
        </Bone>
      </Part>
    </Brick>
    <Brick refID="65" designID="4081">
      <Part refID="65" designID="4081" materials="199">
        <Bone refID="65" transformation="0,0,1,0,0.99999994039535522,0,-1,0,0,-1.9798290729522705,7.7078604698181152,-2.0118675231933594">
        </Bone>
      </Part>
    </Brick>
    <Brick refID="66" designID="4070">
      <Part refID="66" designID="4070" materials="26">
        <Bone refID="66" transformation="0,0,1.0000001192092896,-1.0000001192092896,0,0,0,-1.0000001192092896,0,-0.61982834339141846,8.5878610610961914,-2.0118656158447266">
        </Bone>
      </Part>
    </Brick>
    <Brick refID="67" designID="4070">
      <Part refID="67" designID="4070" materials="194">
        <Bone refID="67" transformation="0,0,1,0,0.99999994039535522,0,-1,0,0,-1.9798252582550049,8.0278615951538086,-2.8118667602539062">
        </Bone>
      </Part>
    </Brick>
    <Brick refID="68" designID="4081">
      <Part refID="68" designID="4081" materials="199">
        <Bone refID="68" transformation="0,0,1,0,0.99999994039535522,0,-1,0,0,-1.9798252582550049,7.7078604698181152,-2.8118667602539062">
        </Bone>
      </Part>
    </Brick>
    <Brick refID="69" designID="50745">
      <Part refID="69" designID="50745" materials="140">
        <Bone refID="69" transformation="0,0,-1.0000001192092896,0,-1,0,-1.0000001192092896,0,0,-1.179826021194458,8.3359994888305664,-2.0118675231933594">
        </Bone>
      </Part>
    </Brick>
    <Brick refID="70" designID="4070">
      <Part refID="70" designID="4070" materials="26">
        <Bone refID="70" transformation="0,0,1.0000001192092896,-1.0000001192092896,0,0,0,-1.0000001192092896,0,-0.61982846260070801,8.5878620147705078,-2.8118667602539062">
        </Bone>
      </Part>
    </Brick>
    <Brick refID="71" designID="50746">
      <Part refID="71" designID="50746" materials="199">
        <Bone refID="71" transformation="0,0,1.0000001192092896,0,-1,0,1.0000001192092896,0,0,-1.1798298358917236,7.3759984970092773,-2.0118656158447266">
        </Bone>
      </Part>
    </Brick>
    <Brick refID="72" designID="4070">
      <Part refID="72" designID="4070" materials="26">
        <Bone refID="72" transformation="0,0,-1,0,0.99999994039535522,0,1,0,0,0.43203616142272949,8.0278615951538086,-2.0118656158447266">
        </Bone>
      </Part>
    </Brick>
    <Brick refID="73" designID="4070">
      <Part refID="73" designID="4070" materials="26">
        <Bone refID="73" transformation="0,0,1,0,0.99999994039535522,0,-1,0,0,-0.36796307563781738,8.0278615951538086,-2.8118667602539062">
        </Bone>
      </Part>
    </Brick>
    <Brick refID="74" designID="4871">
      <Part refID="74" designID="4871" materials="199">
        <Bone refID="74" transformation="-1,0,0,0,1,0,0,0,-1,0.43203616142272949,7.7078609466552734,-2.8118667602539062">
        </Bone>
      </Part>
    </Brick>
    <Brick refID="75" designID="50943">
      <Part refID="75" designID="50943" materials="199">
        <Bone refID="75" transformation="0,0,1,0,0.99999994039535522,0,-1,0,0,-0.36796689033508301,10.267862319946289,-1.2118681669235229">
        </Bone>
      </Part>
    </Brick>
    <Brick refID="76" designID="3660">
      <Part refID="76" designID="3660" materials="199">
        <Bone refID="76" transformation="1,0,0,0,1,0,0,0,1,-0.36796689033508301,9.3078632354736328,-1.2118700742721558">
        </Bone>
      </Part>
    </Brick>
    <Brick refID="77" designID="48336">
      <Part refID="77" designID="48336" materials="199">
        <Bone refID="77" transformation="1,0,0,0,1,0,0,0,1,-0.36796689033508301,8.9878616333007812,-1.2118700742721558">
        </Bone>
      </Part>
    </Brick>
    <Brick refID="78" designID="3023">
      <Part refID="78" designID="3023" materials="199">
        <Bone refID="78" transformation="1,0,0,0,1,0,0,0,1,-0.36796689033508301,8.6678619384765625,-1.2118681669235229">
        </Bone>
      </Part>
    </Brick>
    <Brick refID="79" designID="50745">
      <Part refID="79" designID="50745" materials="140">
        <Bone refID="79" transformation="0,0,-1,0,0.99999994039535522,0,1,0,0,1.2320389747619629,9.6278619766235352,-2.0118675231933594">
        </Bone>
      </Part>
    </Brick>
    <Brick refID="80" designID="47458">
      <Part refID="80" designID="47458" materials="140">
        <Bone refID="80" transformation="0,0,-1,0,0.99999994039535522,0,1,0,0,2.0320391654968262,10.587862014770508,-2.0118637084960937">
        </Bone>
      </Part>
    </Brick>
    <Brick refID="81" designID="50746">
      <Part refID="81" designID="50746" materials="199">
        <Bone refID="81" transformation="0,0,1.0000001192092896,0,-1,0,1.0000001192092896,0,0,-1.1798298358917236,7.3759980201721191,-2.8118667602539062">
        </Bone>
      </Part>
    </Brick>
    <Brick refID="82" designID="4070">
      <Part refID="82" designID="4070" materials="26">
        <Bone refID="82" transformation="0,0,-1,0,0.99999994039535522,0,1,0,0,0.43203616142272949,8.0278615951538086,-2.8118667602539062">
        </Bone>
      </Part>
    </Brick>
    <Brick refID="83" designID="4070">
      <Part refID="83" designID="4070" materials="26">
        <Bone refID="83" transformation="0,0,-1.0000001192092896,1.0000001192092896,0,0,0,-1.0000001192092896,0,0.68389797210693359,8.5878610610961914,-2.0118653774261475">
        </Bone>
      </Part>
    </Brick>
    <Brick refID="84" designID="3022">
      <Part refID="84" designID="3022" materials="199">
        <Bone refID="84" transformation="0,0,1,0,0.99999994039535522,0,-1,0,0,-0.36796307563781738,7.3878612518310547,-2.8118667602539062">
        </Bone>
      </Part>
    </Brick>
    <Brick refID="85" designID="3023">
      <Part refID="85" designID="3023" materials="191">
        <Bone refID="85" transformation="1,0,0,0,1,0,0,0,1,-0.36796307563781738,8.9878616333007812,-3.6118659973144531">
        </Bone>
      </Part>
    </Brick>
    <Brick refID="86" designID="3023">
      <Part refID="86" designID="3023" materials="199">
        <Bone refID="86" transformation="1,0,0,0,1,0,0,0,1,-0.36796307563781738,8.6678619384765625,-3.6118659973144531">
        </Bone>
      </Part>
    </Brick>
    <Brick refID="87" designID="3022">
      <Part refID="87" designID="3022" materials="199">
        <Bone refID="87" transformation="0,0,1,0,0.99999994039535522,0,-1,0,0,-0.36796307563781738,7.0678610801696777,-2.8118667602539062">
        </Bone>
      </Part>
    </Brick>
    <Brick refID="88" designID="3020">
      <Part refID="88" designID="3020" materials="199">
        <Bone refID="88" transformation="0,0,-1,0,0.99999994039535522,0,1,0,0,0.43203997611999512,6.7478609085083008,-1.2118663787841797">
        </Bone>
      </Part>
    </Brick>
    <Brick refID="89" designID="85984">
      <Part refID="89" designID="85984" materials="199">
        <Bone refID="89" transformation="0,0,1,0,0.99999994039535522,0,-1,0,0,-0.36796689033508301,7.0678610801696777,-1.2118681669235229">
        </Bone>
      </Part>
    </Brick>
    <Brick refID="90" designID="4070">
      <Part refID="90" designID="4070" materials="194">
        <Bone refID="90" transformation="0,0,-1,0,0.99999994039535522,0,1,0,0,2.0439038276672363,8.0278615951538086,-2.0118634700775146">
        </Bone>
      </Part>
    </Brick>
    <Brick refID="91" designID="4070">
      <Part refID="91" designID="4070" materials="26">
        <Bone refID="91" transformation="0,0,-1.0000001192092896,1.0000001192092896,0,0,0,-1.0000001192092896,0,0.68389773368835449,8.5878620147705078,-2.8118667602539062">
        </Bone>
      </Part>
    </Brick>
    <Brick refID="92" designID="62712">
      <Part refID="92" designID="62712" materials="199">
        <Bone refID="92" transformation="-1,0,0,0,1,0,0,0,-1,2.8438982963562012,8.9878616333007812,-2.8118629455566406">
        </Bone>
      </Part>
    </Brick>
    <Brick refID="93" designID="50746">
      <Part refID="93" designID="50746" materials="199">
        <Bone refID="93" transformation="0,0,-1.0000001192092896,0,-1,0,-1.0000001192092896,0,0,1.2438952922821045,7.3759984970092773,-2.0118618011474609">
        </Bone>
      </Part>
    </Brick>
    <Brick refID="94" designID="50745">
      <Part refID="94" designID="50745" materials="140">
        <Bone refID="94" transformation="0,0,1.0000001192092896,0,-1,0,1.0000001192092896,0,0,1.2438952922821045,8.3359994888305664,-2.8118667602539062">
        </Bone>
      </Part>
    </Brick>
    <Brick refID="95" designID="85984">
      <Part refID="95" designID="85984" materials="199">
        <Bone refID="95" transformation="0,0,-1,0,0.99999994039535522,0,1,0,0,0.43203997611999512,7.0678610801696777,-3.6118659973144531">
        </Bone>
      </Part>
    </Brick>
    <Brick refID="96" designID="4070">
      <Part refID="96" designID="4070" materials="194">
        <Bone refID="96" transformation="0,0,-1,0,0.99999994039535522,0,1,0,0,2.0438990592956543,8.0278615951538086,-2.8118629455566406">
        </Bone>
      </Part>
    </Brick>
    <Brick refID="97" designID="4081">
      <Part refID="97" designID="4081" materials="199">
        <Bone refID="97" transformation="0,0,-1,0,0.99999994039535522,0,1,0,0,2.0438990592956543,7.7078604698181152,-2.0118618011474609">
        </Bone>
      </Part>
    </Brick>
    <Brick refID="98" designID="2432">
      <Part refID="98" designID="2432" materials="199">
        <Bone refID="98" transformation="0,0,-1.0000001192092896,1.0000001192092896,0,0,0,-1.0000001192092896,0,2.2957615852355957,8.5878610610961914,-2.0118634700775146">
        </Bone>
      </Part>
    </Brick>
    <Brick refID="99" designID="3023">
      <Part refID="99" designID="3023" materials="199">
        <Bone refID="99" transformation="-1,0,0,0,1,0,0,0,-1,0.43203616142272949,6.4278607368469238,-3.6118659973144531">
        </Bone>
      </Part>
    </Brick>
    <Brick refID="100" designID="50746">
      <Part refID="100" designID="50746" materials="199">
        <Bone refID="100" transformation="0,0,-1.0000001192092896,0,-1,0,-1.0000001192092896,0,0,1.2438952922821045,7.3759984970092773,-2.8118629455566406">
        </Bone>
      </Part>
    </Brick>
    <Brick refID="101" designID="4070">
      <Part refID="101" designID="4070" materials="199">
        <Bone refID="101" transformation="1,0,0,0,-1,0,0,0,-1,-0.36796307563781738,6.7359981536865234,-2.8000068664550781">
        </Bone>
      </Part>
    </Brick>
    <Brick refID="102" designID="44822">
      <Part refID="102" designID="44822" materials="199">
        <Bone refID="102" transformation="0,0,1.0000001192092896,0,-1,0,1.0000001192092896,0,0,-0.36796307563781738,5.7759981155395508,-3.6000080108642578">
        </Bone>
      </Part>
    </Brick>
    <Brick refID="103" designID="4070">
      <Part refID="103" designID="4070" materials="199">
        <Bone refID="103" transformation="1,0,0,0,0,-1,0,1,0,-0.36796307563781738,6.1759977340698242,-3.0518684387207031">
        </Bone>
      </Part>
    </Brick>
    <Brick refID="104" designID="4081">
      <Part refID="104" designID="4081" materials="199">
        <Bone refID="104" transformation="0,0,-1,0,0.99999994039535522,0,1,0,0,2.0438990592956543,7.7078604698181152,-2.8118629455566406">
        </Bone>
      </Part>
    </Brick>
    <Brick refID="105" designID="4070">
      <Part refID="105" designID="4070" materials="199">
        <Bone refID="105" transformation="1,0,0,0,-1,0,0,0,-1,0.43203234672546387,6.7359981536865234,-2.8000049591064453">
        </Bone>
      </Part>
    </Brick>
    <Brick refID="106" designID="44822">
      <Part refID="106" designID="44822" materials="199">
        <Bone refID="106" transformation="0,0,1.0000001192092896,0,-1,0,1.0000001192092896,0,0,0.43203234672546387,5.7759981155395508,-3.6000080108642578">
        </Bone>
      </Part>
    </Brick>
    <Brick refID="107" designID="4070">
      <Part refID="107" designID="4070" materials="199">
        <Bone refID="107" transformation="1,0,0,0,0,-1,0,1,0,0.43203330039978027,6.1759977340698242,-3.0518665313720703">
        </Bone>
      </Part>
    </Brick>
    <Brick refID="108" designID="61678">
      <Part refID="108" designID="61678" materials="199">
        <Bone refID="108" transformation="0,1.0000001192092896,0,0,0,-1.0000001192092896,-1.0000001192092896,0,0,-0.36796307563781738,3.7759997844696045,-4.6518630981445313">
        </Bone>
      </Part>
    </Brick>
    <Brick refID="109" designID="61678">
      <Part refID="109" designID="61678" materials="199">
        <Bone refID="109" transformation="0,1.0000001192092896,0,0,0,-1.0000001192092896,-1.0000001192092896,0,0,0.43203616142272949,3.7760007381439209,-4.6518630981445313">
        </Bone>
      </Part>
    </Brick>
    <Brick refID="110" designID="6091">
      <Part refID="110" designID="6091" materials="191">
        <Bone refID="110" transformation="1,0,0,0,1,0,0,0,1,0.43203616142272949,9.9478626251220703,-2.8118667602539062">
        </Bone>
      </Part>
    </Brick>
    <Brick refID="111" designID="6091">
      <Part refID="111" designID="6091" materials="191">
        <Bone refID="111" transformation="1,0,0,0,1,0,0,0,1,-0.36796307563781738,9.9478626251220703,-2.8118667602539062">
        </Bone>
      </Part>
    </Brick>
    <Brick refID="112" designID="4589">
      <Part refID="112" designID="4589" materials="1">
        <Bone refID="112" transformation="1,0,0,0,0.58043324947357178,0.8143078088760376,0,-0.8143078088760376,0.58043324947357178,1.6470208168029785,13.232064247131348,-2.1752662658691406">
        </Bone>
      </Part>
    </Brick>
    <Brick refID="113" designID="3062">
      <Part refID="113" designID="3062" materials="21">
        <Bone refID="113" transformation="1,0,0,0,0.58043354749679565,0.81430774927139282,0,-0.81430774927139282,0.58043354749679565,1.6470274925231934,12.674847602844238,-2.9570019245147705">
        </Bone>
      </Part>
    </Brick>
    <Brick refID="114" designID="3794">
      <Part refID="114" designID="3794" materials="199">
        <Bone refID="114" transformation="1,0,0,0,0.58043354749679565,0.81430774927139282,0,-0.81430774927139282,0.58043354749679565,1.2470335960388184,12.489104270935059,-3.2175803184509277">
        </Bone>
      </Part>
    </Brick>
    <Brick refID="115" designID="48336">
      <Part refID="115" designID="48336" materials="199">
        <Bone refID="115" transformation="1,0,0,0,0.58043330907821655,0.81430786848068237,0,-0.81430786848068237,0.58043330907821655,1.247037410736084,12.303361892700195,-3.4781622886657715">
        </Bone>
      </Part>
    </Brick>
    <Brick refID="116" designID="4588">
      <Part refID="116" designID="4588" materials="1">
        <Bone refID="116" transformation="0,-0.81430429220199585,0.58043837547302246,0,0.58043837547302246,0.81430435180664063,-1,0,0,1.6470465660095215,11.74614429473877,-4.2598943710327148">
        </Bone>
      </Part>
    </Brick>
    <Brick refID="117" designID="3068">
      <Part refID="117" designID="3068" materials="191,0" decoration="0">
        <Bone refID="117" transformation="0,-0.30696436762809753,0.95172107219696045,0,0.95172119140625,0.30696436762809753,-1.0000001192092896,0,0,-0.35297179222106934,10.27701473236084,0.76453208923339844">
        </Bone>
      </Part>
    </Brick>
    <Brick refID="118" designID="6091">
      <Part refID="118" designID="6091" materials="191">
        <Bone refID="118" transformation="0,0.306965172290802,-0.95172083377838135,0,0.9517209529876709,0.306965172290802,1.0000001192092896,0,0,-0.35297203063964844,9.9724636077880859,0.66629934310913086">
        </Bone>
      </Part>
    </Brick>
    <Brick refID="119" designID="4070">
      <Part refID="119" designID="4070" materials="194">
        <Bone refID="119" transformation="-1,0,0,0,0.9517207145690918,0.30696532130241394,0,0.30696532130241394,-0.9517207145690918,-0.35297250747680664,9.0588130950927734,0.37161707878112793">
        </Bone>
      </Part>
    </Brick>
    <Brick refID="120" designID="3023">
      <Part refID="120" designID="3023" materials="1">
        <Bone refID="120" transformation="-1,0,0,0,0.30696514248847961,-0.95172077417373657,0,-0.95172077417373657,-0.30696511268615723,0.44702672958374023,9.3707618713378906,1.2287623882293701">
        </Bone>
      </Part>
    </Brick>
    <Brick refID="121" designID="6141">
      <Part refID="121" designID="6141" materials="41">
        <Bone refID="121" transformation="1,0,0,0,0.30696496367454529,-0.95172083377838135,0,0.95172083377838135,0.30696496367454529,-0.35297632217407227,9.2725324630737305,1.5333065986633301">
        </Bone>
      </Part>
    </Brick>
    <Brick refID="122" designID="6141">
      <Part refID="122" designID="6141" materials="41">
        <Bone refID="122" transformation="1,0,0,0,0.30696496367454529,-0.95172083377838135,0,0.95172083377838135,0.30696496367454529,0.44702672958374023,9.2725324630737305,1.5333123207092285">
        </Bone>
      </Part>
    </Brick>
    <Brick refID="123" designID="3069">
      <Part refID="123" designID="3069" materials="191,0" decoration="0">
        <Bone refID="123" transformation="-1,0,0,0,0.306965172290802,-0.9517209529876709,0,-0.95172089338302612,-0.30696499347686768,0.44725179672241211,9.6690902709960937,0.30381441116333008">
        </Bone>
      </Part>
    </Brick>
    <Brick refID="124" designID="4070">
      <Part refID="124" designID="4070" materials="194">
        <Bone refID="124" transformation="-1,0,0,0,0.9517207145690918,0.30696532130241394,0,0.30696532130241394,-0.9517207145690918,0.44702291488647461,9.0588130950927734,0.37161874771118164">
        </Bone>
      </Part>
    </Brick>
    <Brick refID="125" designID="6091">
      <Part refID="125" designID="6091" materials="191">
        <Bone refID="125" transformation="0,-0.30696401000022888,0.95172113180160522,0,0.95172119140625,0.30696401000022888,-1,0,0,0.44702649116516113,9.9724645614624023,0.6663057804107666">
        </Bone>
      </Part>
    </Brick>
    <Brick refID="126" designID="6019">
      <Part refID="126" designID="6019" materials="191">
