<?xml version="1.0" encoding="UTF-8" standalone="no" ?>
<LXFML versionMajor="5" versionMinor="0">
  <Meta>
    <Application name="CCOP" versionMajor="0" versionMinor="0"/>
    <Brand name="LEGOUniverse"/>
    <BrickSet version="228"/>
  </Meta>
  <Bricks>
    <Brick refID="0" designID="6134">
      <Part refID="0" designID="6134" materials="199">
        <Bone refID="0" transformation="-0.70713824033737183,0,0.70707535743713379,0.69669085741043091,-0.17075550556182861,0.69675284624099731,0.12073706090450287,0.98531347513198853,0.12074790149927139,3.4828670024871826,13.639581680297852,-0.20685625076293945">
        </Bone>
      </Part>
    </Brick>
    <Brick refID="1" designID="2413">
      <Part refID="1" designID="2413" materials="192">
        <Bone refID="1" transformation="-0.12073688954114914,-0.98531359434127808,-0.12074822187423706,0.69669032096862793,-0.1707557737827301,0.69675344228744507,-0.70713889598846436,0,0.70707488059997559,3.1168572902679443,14.263907432556152,1.6899453401565552">
        </Bone>
      </Part>
    </Brick>
    <Brick refID="2" designID="2431">
      <Part refID="2" designID="2431" materials="199,0" decoration="0">
        <Bone refID="2" transformation="0.70713961124420166,0,-0.70707446336746216,0.6966899037361145,-0.17075583338737488,0.69675403833389282,-0.12073717266321182,-0.98531365394592285,-0.12074807286262512,3.3397974967956543,14.20926570892334,1.9129064083099365">
        </Bone>
      </Part>
    </Brick>
    <Brick refID="3" designID="2431">
      <Part refID="3" designID="2431" materials="199,0" decoration="0">
        <Bone refID="3" transformation="0.70713961124420166,0,-0.70707446336746216,0.6966899037361145,-0.17075583338737488,0.69675403833389282,-0.12073717266321182,-0.98531365394592285,-0.12074807286262512,2.9534356594085693,11.056257247924805,1.5265127420425415">
        </Bone>
      </Part>
    </Brick>
    <Brick refID="4" designID="3069">
      <Part refID="4" designID="3069" materials="199,0" decoration="0">
        <Bone refID="4" transformation="0.70713961124420166,0,-0.70707446336746216,0.6966899037361145,-0.17075583338737488,0.69675403833389282,-0.12073717266321182,-0.98531365394592285,-0.12074807286262512,3.1326305866241455,7.9032511711120605,0.57461655139923096">
        </Bone>
      </Part>
    </Brick>
    <Brick refID="5" designID="30386">
      <Part refID="5" designID="30386" materials="199">
        <Bone refID="5" transformation="0.70713871717453003,0,-0.70707494020462036,0.70707494020462036,0,0.70713871717453003,0,-1.0000001192092896,0,2.2325484752655029,13.543957710266113,-0.32586526870727539">
        </Bone>
      </Part>
    </Brick>
    <Brick refID="6" designID="3937">
      <Part refID="6" designID="3937" materials="199">
        <Bone refID="6" transformation="0.70713847875595093,0,-0.70707517862319946,0.70707517862319946,0,0.70713835954666138,0,-1.0000001192092896,0,2.9113407135009766,13.543957710266113,0.35298776626586914">
        </Bone>
      </Part>
    </Brick>
    <Brick refID="7" designID="30386">
      <Part refID="7" designID="30386" materials="199">
        <Bone refID="7" transformation="0.99999994039535522,0,4.5129534555599093E-005,-4.5129534555599093E-005,0,1,0,-1,0,0.46282559633255005,13.543957710266113,0.075719833374023438">
        </Bone>
      </Part>
    </Brick>
    <Brick refID="8" designID="3937">
      <Part refID="8" designID="3937" materials="199">
        <Bone refID="8" transformation="1,0,4.5129538193577901E-005,-4.5129534555599093E-005,0,1,0,-1,0,0.46278241276741028,13.543957710266113,1.0357198715209961">
        </Bone>
      </Part>
    </Brick>
    <Brick refID="9" designID="30386">
      <Part refID="9" designID="30386" materials="199">
        <Bone refID="9" transformation="0.70707488059997559,0,0.70713865756988525,-0.70713865756988525,0,0.70707488059997559,0,-1,0,-1.0725224018096924,13.543957710266113,-0.89170026779174805">
        </Bone>
      </Part>
    </Brick>
    <Brick refID="10" designID="3937">
      <Part refID="10" designID="3937" materials="199">
        <Bone refID="10" transformation="0.70707494020462036,0,0.70713907480239868,-0.70713913440704346,0,0.70707488059997559,0,-1.0000001192092896,0,-1.7513724565505981,13.543957710266113,-0.21290825307369232">
        </Bone>
      </Part>
    </Brick>
    <Brick refID="11" designID="6134">
      <Part refID="11" designID="6134" materials="199">
        <Bone refID="11" transformation="-0.70707482099533081,0,-0.70713871717453003,-0.69923776388168335,-0.14906854927539825,0.69917458295822144,-0.10541211068630219,0.98882687091827393,0.10540256649255753,-1.1901404857635498,13.627436637878418,0.35722780227661133">
        </Bone>
      </Part>
    </Brick>
    <Brick refID="12" designID="2413">
      <Part refID="12" designID="2413" materials="192">
        <Bone refID="12" transformation="0.1054123118519783,-0.98882722854614258,-0.10540235042572021,-0.6992371678352356,-0.1490682065486908,0.69917541742324829,-0.70707565546035767,0,-0.7071380615234375,-3.0770576000213623,14.275392532348633,-0.018664833158254623">
        </Bone>
      </Part>
    </Brick>
    <Brick refID="13" designID="2431">
      <Part refID="13" designID="2431" materials="199,0" decoration="0">
        <Bone refID="13" transformation="-0.70707458257675171,0,-0.70713913440704346,-0.69923818111419678,-0.14906834065914154,0.69917434453964233,-0.10541214793920517,0.98882699012756348,0.10540230572223663,-1.6038343906402588,14.227690696716309,1.9022036790847778">
        </Bone>
      </Part>
    </Brick>
    <Brick refID="14" designID="2431">
      <Part refID="14" designID="2431" materials="199,0" decoration="0">
        <Bone refID="14" transformation="-0.70707428455352783,0,-0.70713937282562256,-0.69923841953277588,-0.14906826615333557,0.69917410612106323,-0.10541214793920517,0.98882699012756348,0.10540235787630081,-1.2665154933929443,11.063446044921875,1.5649147033691406">
        </Bone>
      </Part>
    </Brick>
    <Brick refID="15" designID="3069">
      <Part refID="15" designID="3069" materials="199,0" decoration="0">
        <Bone refID="15" transformation="-0.70707458257675171,0,-0.70713913440704346,-0.69923818111419678,-0.14906834065914154,0.69917434453964233,-0.10541214793920517,0.98882699012756348,0.10540230572223663,-1.4946997165679932,7.8992018699645996,0.66207355260848999">
        </Bone>
      </Part>
    </Brick>
    <Brick refID="16" designID="6134">
      <Part refID="16" designID="6134" materials="199">
        <Bone refID="16" transformation="-1,-3.84396334993653E-005,-4.5016189687885344E-005,-3.8306498026940972E-005,-0.15954963862895966,0.9871898889541626,-4.5129530917620286E-005,0.9871898889541626,0.15954954922199249,1.2627818584442139,13.633305549621582,1.0429296493530273">
        </Bone>
      </Part>
    </Brick>
    <Brick refID="17" designID="2413">
      <Part refID="17" designID="2413" materials="192">
        <Bone refID="17" transformation="0,-0.98718947172164917,-0.15955379605293274,-4.6511711843777448E-005,-0.15955378115177155,0.98718947172164917,-1,0,-4.6791643399046734E-005,-0.3372674286365509,14.269889831542969,2.118199348449707">
        </Bone>
      </Part>
    </Brick>
    <Brick refID="18" designID="2431">
      <Part refID="18" designID="2431" materials="199,0" decoration="0">
        <Bone refID="18" transformation="1,0,4.8730646085459739E-005,-4.8780970246298239E-005,-0.15954983234405518,0.98718994855880737,0,-0.98718994855880737,-0.15954984724521637,-0.33725830912590027,11.059820175170898,1.9235416650772095">
        </Bone>
      </Part>
    </Brick>
    <Brick refID="19" designID="3069">
      <Part refID="19" designID="3069" materials="199,0" decoration="0">
        <Bone refID="19" transformation="1,0,4.8730646085459739E-005,-4.8780970246298239E-005,-0.15954983234405518,0.98718994855880737,0,-0.98718994855880737,-0.15954984724521637,0.46254155039787292,7.9008088111877441,1.4130188226699829">
        </Bone>
      </Part>
    </Brick>
    <Brick refID="20" designID="2555">
      <Part refID="20" designID="2555" materials="192">
        <Bone refID="20" transformation="0,0.98719030618667603,0.15954864025115967,-4.7899102355586365E-005,-0.15954858064651489,0.98719030618667603,1.0000001192092896,0,4.8016871005529538E-005,1.2627291679382324,12.63932991027832,2.1788930892944336">
        </Bone>
      </Part>
    </Brick>
    <Brick refID="21" designID="2555">
      <Part refID="21" designID="2555" materials="192">
        <Bone refID="21" transformation="0,0.9871901273727417,0.15954874455928802,-4.7907582484185696E-005,-0.15954868495464325,0.98719030618667603,1.0000001192092896,0,4.8016871005529538E-005,0.46272993087768555,12.63932991027832,2.1788573265075684">
        </Bone>
      </Part>
    </Brick>
    <Brick refID="22" designID="3070">
      <Part refID="22" designID="3070" materials="199">
        <Bone refID="22" transformation="1,0,4.8730646085459739E-005,-4.8780970246298239E-005,-0.15954983234405518,0.98718994855880737,0,-0.98718994855880737,-0.15954984724521637,-0.33728113770484924,14.218833923339844,2.4341013431549072">
        </Bone>
      </Part>
    </Brick>
    <Brick refID="23" designID="3070">
      <Part refID="23" designID="3070" materials="199">
        <Bone refID="23" transformation="1,0,4.8730646085459739E-005,-4.8780970246298239E-005,-0.15954983234405518,0.98718994855880737,0,-0.98718994855880737,-0.15954984724521637,2.0627179145812988,14.218832015991211,2.4342091083526611">
        </Bone>
      </Part>
    </Brick>
    <Brick refID="24" designID="2432">
      <Part refID="24" designID="2432" materials="199">
        <Bone refID="24" transformation="-1,-3.8439698982983828E-005,-4.5016171497991309E-005,-3.8306559872580692E-005,-0.15954731404781342,0.98719048500061035,-4.5129516365705058E-005,0.98719066381454468,0.15954777598381042,1.262718677520752,14.218833923339844,2.434173583984375">
        </Bone>
      </Part>
    </Brick>
    <Brick refID="25" designID="6057">
      <Part refID="25" designID="6057" materials="308">
        <Bone refID="25" transformation="1,0,4.5015349314780906E-005,0,0.99493116140365601,-0.10055835545063019,-4.5015349314780906E-005,0.10055835545063019,0.99493116140365601,0.86279183626174927,0.46081253886222839,3.9613120555877686">
        </Bone>
      </Part>
    </Brick>
    <Brick refID="26" designID="3031">
      <Part refID="26" designID="3031" materials="199">
        <Bone refID="26" transformation="0.99999994039535522,0,4.5129534555599093E-005,-4.5129534555599093E-005,0,1,0,-1,0,-0.39994877576828003,8.74395751953125,-3.7013754844665527">
        </Bone>
      </Part>
    </Brick>
    <Brick refID="27" designID="3710">
      <Part refID="27" designID="3710" materials="199">
        <Bone refID="27" transformation="1,0,4.5129538193577901E-005,-4.5129534555599093E-005,0,1,0,-1,0,-0.39996308088302612,8.74395751953125,-3.3813748359680176">
        </Bone>
      </Part>
    </Brick>
    <Brick refID="28" designID="3710">
      <Part refID="28" designID="3710" materials="199">
        <Bone refID="28" transformation="1,0,4.5129538193577901E-005,-4.5129534555599093E-005,0,1,0,-1,0,-0.39997786283493042,8.74395751953125,-3.0613751411437988">
        </Bone>
      </Part>
    </Brick>
    <Brick refID="29" designID="3701">
      <Part refID="29" designID="3701" materials="199">
        <Bone refID="29" transformation="1,0,4.5129538193577901E-005,-4.5129534555599093E-005,0,1,0,-1,0,-0.39999216794967651,8.74395751953125,-2.7413754463195801">
        </Bone>
      </Part>
    </Brick>
    <Brick refID="30" designID="3710">
      <Part refID="30" designID="3710" materials="199">
        <Bone refID="30" transformation="1,0,4.5129538193577901E-005,-4.5129534555599093E-005,0,1,0,-1,0,-0.400035560131073,8.74395751953125,-1.781375527381897">
        </Bone>
      </Part>
    </Brick>
    <Brick refID="31" designID="3245">
      <Part refID="31" designID="3245" materials="199">
        <Bone refID="31" transformation="0,-1.0000001192092896,0,-4.5157856220612302E-005,0,1.0000001192092896,-1.0000003576278687,0,-4.5080654672347009E-005,-0.39996308088302612,10.343957901000977,-3.3813748359680176">
        </Bone>
      </Part>
    </Brick>
    <Brick refID="32" designID="3245">
      <Part refID="32" designID="3245" materials="199">
        <Bone refID="32" transformation="0,-1.0000001192092896,0,-4.5157856220612302E-005,0,1.0000001192092896,-1.0000003576278687,0,-4.5080654672347009E-005,2.000037670135498,10.343957901000977,-3.3812670707702637">
        </Bone>
      </Part>
    </Brick>
    <Brick refID="33" designID="4864">
      <Part refID="33" designID="4864" materials="199">
        <Bone refID="33" transformation="-1.0000002384185791,0,0,0,0,1,0,1,0,1.200036883354187,11.143957138061523,-3.3813033103942871">
        </Bone>
      </Part>
    </Brick>
    <Brick refID="34" designID="6179">
      <Part refID="34" designID="6179" materials="199">
        <Bone refID="34" transformation="1,0,4.5129538193577901E-005,-4.5129534555599093E-005,0,1,0,-1,0,-0.40004986524581909,8.74395751953125,-1.4613823890686035">
        </Bone>
      </Part>
    </Brick>
    <Brick refID="35" designID="2431">
      <Part refID="35" designID="2431" materials="199,0" decoration="0">
        <Bone refID="35" transformation="1,0,4.5129538193577901E-005,-4.5129534555599093E-005,0,1,0,-1,0,-0.40006369352340698,11.143957138061523,-1.1413755416870117">
        </Bone>
      </Part>
    </Brick>
    <Brick refID="36" designID="3937">
      <Part refID="36" designID="3937" materials="199">
        <Bone refID="36" transformation="4.5020991819910705E-005,0,-1,1.0000002384185791,0,4.5008098823018372E-005,0,-1,0,4.1599693298339844,13.543957710266113,-1.8611704111099243">
        </Bone>
      </Part>
    </Brick>
    <Brick refID="37" designID="30386">
      <Part refID="37" designID="30386" materials="199">
        <Bone refID="37" transformation="4.5020991819910705E-005,0,-1,1.0000002384185791,0,4.5008098823018372E-005,0,-1,0,3.1999690532684326,13.543957710266113,-1.8612133264541626">
        </Bone>
      </Part>
    </Brick>
    <Brick refID="38" designID="2434">
      <Part refID="38" designID="2434" materials="199">
        <Bone refID="38" transformation="0,-1.0000001192092896,0,-4.5157856220612302E-005,0,1.0000001192092896,-1.0000003576278687,0,-4.5080654672347009E-005,2.000037670135498,13.543957710266113,-3.3812680244445801">
        </Bone>
      </Part>
    </Brick>
    <Brick refID="39" designID="3068">
      <Part refID="39" designID="3068" materials="199,0" decoration="0">
        <Bone refID="39" transformation="-1.0000002384185791,0,0,0,0,1,0,1,0,2.7999520301818848,14.343957901000977,-1.4612332582473755">
        </Bone>
      </Part>
    </Brick>
    <Brick refID="40" designID="3007">
      <Part refID="40" designID="3007" materials="192">
        <Bone refID="40" transformation="0,1,0,-4.5362870878307149E-005,0,1,1.0000002384185791,0,4.5356609916780144E-005,2.7999958992004395,14.343957901000977,-2.421231746673584">
        </Bone>
      </Part>
    </Brick>
    <Brick refID="41" designID="3023">
      <Part refID="41" designID="3023" materials="199">
        <Bone refID="41" transformation="-1.0000002384185791,0,0,0,0,1,0,1,0,2.7999520301818848,15.143964767456055,-1.4612332582473755">
        </Bone>
      </Part>
    </Brick>
    <Brick refID="42" designID="3009">
      <Part refID="42" designID="3009" materials="192">
        <Bone refID="42" transformation="-1.0000002384185791,0,0,0,0,1,0,1,0,2.7999370098114014,15.143964767456055,-1.141232967376709">
        </Bone>
      </Part>
    </Brick>
    <Brick refID="43" designID="3009">
      <Part refID="43" designID="3009" materials="192">
        <Bone refID="43" transformation="-1.0000002384185791,0,0,0,0,1,0,1,0,2.7998948097229004,15.143964767456055,-0.1812325119972229">
        </Bone>
      </Part>
    </Brick>
    <Brick refID="44" designID="3009">
      <Part refID="44" designID="3009" materials="192">
        <Bone refID="44" transformation="-1.0000002384185791,0,0,0,0,1,0,1,0,2.7998509407043457,15.143964767456055,0.77876704931259155">
        </Bone>
      </Part>
    </Brick>
    <Brick refID="45" designID="3024">
      <Part refID="45" designID="3024" materials="199">
        <Bone refID="45" transformation="1.0000001192092896,0,4.5129534555599093E-005,-4.5129534555599093E-005,0,1,0,-1,0,-1.2001945972442627,15.143966674804688,1.7385867834091187">
        </Bone>
      </Part>
    </Brick>
    <Brick refID="46" designID="2875">
      <Part refID="46" designID="2875" materials="192">
        <Bone refID="46" transformation="0,-1.0000001192092896,0,-4.5157856220612302E-005,0,1.0000001192092896,-1.0000003576278687,0,-4.5080654672347009E-005,-2.0001940727233887,19.143974304199219,1.7385510206222534">
        </Bone>
      </Part>
    </Brick>
    <Brick refID="47" designID="3038">
      <Part refID="47" designID="3038" materials="192">
        <Bone refID="47" transformation="0,-1.0000001192092896,0,-4.5157856220612302E-005,0,1.0000001192092896,-1.0000003576278687,0,-4.5080654672347009E-005,-2.0001509189605713,19.143974304199219,0.77855104207992554">
        </Bone>
      </Part>
    </Brick>
    <Brick refID="48" designID="3038">
      <Part refID="48" designID="3038" materials="192">
        <Bone refID="48" transformation="0,-1.0000001192092896,0,-4.5157856220612302E-005,0,1.0000001192092896,-1.0000003576278687,0,-4.5080654672347009E-005,-2.8001079559326172,19.143974304199219,-0.18148526549339294">
        </Bone>
      </Part>
    </Brick>
    <Brick refID="49" designID="3710">
      <Part refID="49" designID="3710" materials="18">
        <Bone refID="49" transformation="0,-1.0000001192092896,0,-4.5157856220612302E-005,0,1.0000001192092896,-1.0000003576278687,0,-4.5080654672347009E-005,-3.6000950336456299,18.343973159790039,-0.50152170658111572">
        </Bone>
      </Part>
    </Brick>
    <Brick refID="50" designID="3038">
      <Part refID="50" designID="3038" materials="192">
        <Bone refID="50" transformation="0,-1.0000001192092896,0,-4.5157856220612302E-005,0,1.0000001192092896,-1.0000003576278687,0,-4.5080654672347009E-005,-2.8001089096069336,16.74395751953125,-0.18148526549339294">
        </Bone>
      </Part>
    </Brick>
    <Brick refID="51" designID="3038">
      <Part refID="51" designID="3038" materials="192">
        <Bone refID="51" transformation="0,-1.0000001192092896,0,-4.5157856220612302E-005,0,1.0000001192092896,-1.0000003576278687,0,-4.5080654672347009E-005,-2.0001518726348877,16.743959426879883,0.77855056524276733">
        </Bone>
      </Part>
    </Brick>
    <Brick refID="52" designID="3005">
      <Part refID="52" designID="3005" materials="192,0" decoration="0">
        <Bone refID="52" transformation="1.0000001192092896,0,4.5129534555599093E-005,-4.5129534555599093E-005,0,1,0,-1,0,-3.6000661849975586,15.143964767456055,-1.1415215730667114">
        </Bone>
      </Part>
    </Brick>
    <Brick refID="53" designID="3005">
      <Part refID="53" designID="3005" materials="192,0" decoration="0">
        <Bone refID="53" transformation="1.0000001192092896,0,4.5129534555599093E-005,-4.5129534555599093E-005,0,1,0,-1,0,-3.6000227928161621,15.143964767456055,-2.1015200614929199">
        </Bone>
      </Part>
    </Brick>
    <Brick refID="54" designID="4070">
      <Part refID="54" designID="4070" materials="192">
        <Bone refID="54" transformation="1.0000001192092896,0,4.5129534555599093E-005,-4.5129534555599093E-005,0,1,0,-1,0,-3.5999724864959717,15.143965721130371,-3.0615200996398926">
        </Bone>
      </Part>
    </Brick>
    <Brick refID="55" designID="3005">
      <Part refID="55" designID="3005" materials="192,0" decoration="0">
        <Bone refID="55" transformation="1.0000001192092896,0,4.5129534555599093E-005,-4.5129534555599093E-005,0,1,0,-1,0,-3.5999360084533691,15.143964767456055,-4.0215201377868652">
        </Bone>
      </Part>
    </Brick>
    <Brick refID="56" designID="3666">
      <Part refID="56" designID="3666" materials="192">
        <Bone refID="56" transformation="0,-1.0000001192092896,0,-4.5157856220612302E-005,0,1.0000001192092896,-1.0000003576278687,0,-4.5080654672347009E-005,-3.5999205112457275,19.143974304199219,-4.3415207862854004">
        </Bone>
      </Part>
    </Brick>
    <Brick refID="57" designID="2431">
      <Part refID="57" designID="2431" materials="18,0" decoration="0">
        <Bone refID="57" transformation="0,-1.0000001192092896,0,-4.5157856220612302E-005,0,1.0000001192092896,-1.0000003576278687,0,-4.5080654672347009E-005,-3.5999355316162109,18.343973159790039,-4.0215201377868652">
        </Bone>
      </Part>
    </Brick>
    <Brick refID="58" designID="3660">
      <Part refID="58" designID="3660" materials="192">
        <Bone refID="58" transformation="0,-1.0000001192092896,0,-4.5157856220612302E-005,0,1.0000001192092896,-1.0000003576278687,0,-4.5080654672347009E-005,-2.7998764514923096,19.143972396850586,-5.3014845848083496">
        </Bone>
      </Part>
    </Brick>
    <Brick refID="59" designID="3660">
      <Part refID="59" designID="3660" materials="192">
        <Bone refID="59" transformation="0,-1.0000001192092896,0,-4.5157856220612302E-005,0,1.0000001192092896,-1.0000003576278687,0,-4.5080654672347009E-005,-2.799877405166626,15.943963050842285,-5.3014845848083496">
        </Bone>
      </Part>
    </Brick>
    <Brick refID="60" designID="3660">
      <Part refID="60" designID="3660" materials="192">
        <Bone refID="60" transformation="0,-1.0000001192092896,0,-4.5157856220612302E-005,0,1.0000001192092896,-1.0000003576278687,0,-4.5080654672347009E-005,-2.799877405166626,17.543956756591797,-5.3014845848083496">
        </Bone>
      </Part>
    </Brick>
    <Brick refID="61" designID="3005">
      <Part refID="61" designID="3005" materials="192,0" decoration="0">
        <Bone refID="61" transformation="1.0000001192092896,0,4.5129534555599093E-005,-4.5129534555599093E-005,0,1,0,-1,0,-3.5999360084533691,19.143974304199219,-4.0215201377868652">
        </Bone>
      </Part>
    </Brick>
    <Brick refID="62" designID="4070">
      <Part refID="62" designID="4070" materials="192">
        <Bone refID="62" transformation="-1.0000002384185791,0,0,0,0,1,0,1,0,-3.5999734401702881,19.143974304199219,-3.061521053314209">
        </Bone>
      </Part>
    </Brick>
    <Brick refID="63" designID="3005">
      <Part refID="63" designID="3005" materials="192,0" decoration="0">
        <Bone refID="63" transformation="1.0000001192092896,0,4.5129534555599093E-005,-4.5129534555599093E-005,0,1,0,-1,0,-3.6000227928161621,19.143974304199219,-2.1015210151672363">
        </Bone>
      </Part>
    </Brick>
    <Brick refID="64" designID="3005">
      <Part refID="64" designID="3005" materials="192,0" decoration="0">
        <Bone refID="64" transformation="1.0000001192092896,0,4.5129534555599093E-005,-4.5129534555599093E-005,0,1,0,-1,0,-3.6000652313232422,19.143974304199219,-1.1415215730667114">
        </Bone>
      </Part>
    </Brick>
    <Brick refID="65" designID="3024">
      <Part refID="65" designID="3024" materials="18">
        <Bone refID="65" transformation="-1.0000002384185791,0,0,0,1,0,0,0,-1,-3.5999987125396729,18.423973083496094,-2.5015206336975098">
        </Bone>
      </Part>
    </Brick>
    <Brick refID="66" designID="3659">
      <Part refID="66" designID="3659" materials="199">
        <Bone refID="66" transformation="4.5136610424378887E-005,0,-1,0,1,0,1.0000002384185791,0,4.5136610424378887E-005,-3.6000773906707764,17.463973999023437,-0.90152180194854736">
        </Bone>
      </Part>
    </Brick>
    <Brick refID="67" designID="3024">
      <Part refID="67" designID="3024" materials="199">
        <Bone refID="67" transformation="-1.0000002384185791,0,0,0,1,0,0,0,-1,-3.599968433380127,17.143962860107422,-3.301520824432373">
        </Bone>
      </Part>
    </Brick>
    <Brick refID="68" designID="3024">
      <Part refID="68" designID="3024" materials="199">
        <Bone refID="68" transformation="-4.5104821765562519E-005,0,1,0,0.99999994039535522,0,-1.0000002384185791,0,-4.5104821765562519E-005,-3.6000773906707764,17.143962860107422,-0.90152180194854736">
        </Bone>
      </Part>
    </Brick>
    <Brick refID="69" designID="3070">
      <Part refID="69" designID="3070" materials="18">
        <Bone refID="69" transformation="4.5136610424378887E-005,0,-1,0,1,0,1.0000002384185791,0,4.5136610424378887E-005,-3.5999693870544434,18.423973083496094,-3.301520824432373">
        </Bone>
      </Part>
    </Brick>
    <Brick refID="70" designID="3069">
      <Part refID="70" designID="3069" materials="18,0" decoration="0">
        <Bone refID="70" transformation="-4.5104821765562519E-005,0,1,0,0.99999994039535522,0,-1.0000002384185791,0,-4.5104821765562519E-005,-3.6000409126281738,18.423973083496094,-1.7017437219619751">
        </Bone>
      </Part>
    </Brick>
    <Brick refID="71" designID="3024">
      <Part refID="71" designID="3024" materials="18">
        <Bone refID="71" transformation="1.0000002384185791,0,4.5129530917620286E-005,0,-1,0,4.5129530917620286E-005,0,-1,-3.5999977588653564,15.86396598815918,-2.5015206336975098">
        </Bone>
      </Part>
    </Brick>
    <Brick refID="72" designID="3710">
      <Part refID="72" designID="3710" materials="199">
        <Bone refID="72" transformation="4.5147702621761709E-005,0,-1,0,-1,0,-1.0000002384185791,0,-4.5046555896988139E-005,-3.6000745296478271,16.1839599609375,-0.90152132511138916">
        </Bone>
      </Part>
    </Brick>
    <Brick refID="73" designID="3659">
      <Part refID="73" designID="3659" materials="199">
        <Bone refID="73" transformation="4.5147702621761709E-005,0,-1,0,-1,0,-1.0000002384185791,0,-4.5046555896988139E-005,-3.6000726222991943,17.143959045410156,-0.90152132511138916">
        </Bone>
      </Part>
    </Brick>
    <Brick refID="74" designID="3069">
      <Part refID="74" designID="3069" materials="18,0" decoration="0">
        <Bone refID="74" transformation="-4.5046555896988139E-005,0,1,0,-1,0,1.0000002384185791,0,4.5147702621761709E-005,-3.6000399589538574,15.86396598815918,-1.7017437219619751">
        </Bone>
      </Part>
    </Brick>
    <Brick refID="75" designID="3070">
      <Part refID="75" designID="3070" materials="18">
        <Bone refID="75" transformation="4.5147702621761709E-005,0,-1,0,-1,0,-1.0000002384185791,0,-4.5046555896988139E-005,-3.5999670028686523,15.86396598815918,-3.301520824432373">
        </Bone>
      </Part>
    </Brick>
    <Brick refID="76" designID="6636">
      <Part refID="76" designID="6636" materials="192,0" decoration="0">
        <Bone refID="76" transformation="0,-1.0000001192092896,0,-4.5157856220612302E-005,0,1.0000001192092896,-1.0000003576278687,0,-4.5080654672347009E-005,-1.200223445892334,19.143972396850586,2.3785877227783203">
        </Bone>
      </Part>
    </Brick>
    <Brick refID="77" designID="3024">
      <Part refID="77" designID="3024" materials="199">
        <Bone refID="77" transformation="1.0000001192092896,0,4.5129534555599093E-005,-4.5129534555599093E-005,0,1,0,-1,0,2.7998063564300537,15.143965721130371,1.738767147064209">
        </Bone>
      </Part>
    </Brick>
    <Brick refID="78" designID="2875">
      <Part refID="78" designID="2875" materials="192">
        <Bone refID="78" transformation="0,1,0,-4.5362870878307149E-005,0,1,1.0000002384185791,0,4.5356609916780144E-005,3.5998055934906006,15.143965721130371,1.7388038635253906">
        </Bone>
      </Part>
    </Brick>
    <Brick refID="79" designID="3038">
      <Part refID="79" designID="3038" materials="192">
        <Bone refID="79" transformation="0,1,0,-4.5362870878307149E-005,0,1,1.0000002384185791,0,4.5356609916780144E-005,3.5998494625091553,17.54395866394043,0.77880376577377319">
        </Bone>
      </Part>
    </Brick>
    <Brick refID="80" designID="3038">
      <Part refID="80" designID="3038" materials="192">
        <Bone refID="80" transformation="0,1,0,-4.5362870878307149E-005,0,1,1.0000002384185791,0,4.5356609916780144E-005,4.3998937606811523,17.54395866394043,-0.18116001784801483">
        </Bone>
      </Part>
    </Brick>
    <Brick refID="81" designID="3005">
      <Part refID="81" designID="3005" materials="192,0" decoration="0">
        <Bone refID="81" transformation="1.0000001192092896,0,4.5129534555599093E-005,-4.5129534555599093E-005,0,1,0,-1,0,5.1999378204345703,19.143974304199219,-1.1411243677139282">
        </Bone>
      </Part>
    </Brick>
    <Brick refID="82" designID="3005">
      <Part refID="82" designID="3005" materials="192,0" decoration="0">
        <Bone refID="82" transformation="1.0000001192092896,0,4.5129534555599093E-005,-4.5129534555599093E-005,0,1,0,-1,0,5.199979305267334,19.143974304199219,-2.1011233329772949">
        </Bone>
      </Part>
    </Brick>
    <Brick refID="83" designID="4070">
      <Part refID="83" designID="4070" materials="192">
        <Bone refID="83" transformation="-1.0000002384185791,0,0,0,0,1,0,1,0,5.2000236511230469,19.143974304199219,-3.0611233711242676">
        </Bone>
      </Part>
    </Brick>
    <Brick refID="84" designID="3024">
      <Part refID="84" designID="3024" materials="18">
        <Bone refID="84" transformation="-1.0000002384185791,0,0,0,1,0,0,0,-1,5.1999983787536621,18.423974990844727,-2.5011229515075684">
        </Bone>
      </Part>
    </Brick>
    <Brick refID="85" designID="3659">
      <Part refID="85" designID="3659" materials="199">
        <Bone refID="85" transformation="-4.5104821765562519E-005,0,1,0,0.99999994039535522,0,-1.0000002384185791,0,-4.5104821765562519E-005,5.2000346183776855,17.463973999023437,-3.3011231422424316">
        </Bone>
      </Part>
    </Brick>
    <Brick refID="86" designID="3069">
      <Part refID="86" designID="3069" materials="18,0" decoration="0">
        <Bone refID="86" transformation="-4.5104821765562519E-005,0,1,0,0.99999994039535522,0,-1.0000002384185791,0,-4.5104821765562519E-005,5.1999621391296387,18.423974990844727,-1.7013460397720337">
        </Bone>
      </Part>
    </Brick>
    <Brick refID="87" designID="3070">
      <Part refID="87" designID="3070" materials="18">
        <Bone refID="87" transformation="4.5136610424378887E-005,0,-1,0,1,0,1.0000002384185791,0,4.5136610424378887E-005,5.2000336647033691,18.423974990844727,-3.3011231422424316">
        </Bone>
      </Part>
    </Brick>
    <Brick refID="88" designID="3024">
      <Part refID="88" designID="3024" materials="199">
        <Bone refID="88" transformation="4.5136610424378887E-005,0,-1,0,1,0,1.0000002384185791,0,4.5136610424378887E-005,5.200035572052002,17.143960952758789,-3.3011231422424316">
        </Bone>
      </Part>
    </Brick>
    <Brick refID="89" designID="3024">
      <Part refID="89" designID="3024" materials="199">
        <Bone refID="89" transformation="-1.0000002384185791,0,0,0,1,0,0,0,-1,5.199927806854248,17.143960952758789,-0.90112459659576416">
        </Bone>
      </Part>
    </Brick>
    <Brick refID="90" designID="3005">
      <Part refID="90" designID="3005" materials="192,0" decoration="0">
        <Bone refID="90" transformation="1.0000001192092896,0,4.5129534555599093E-005,-4.5129534555599093E-005,0,1,0,-1,0,5.200066089630127,19.143974304199219,-4.0211234092712402">
        </Bone>
      </Part>
    </Brick>
    <Brick refID="91" designID="3666">
      <Part refID="91" designID="3666" materials="192">
        <Bone refID="91" transformation="0,-1.0000001192092896,0,-4.5157856220612302E-005,0,1.0000001192092896,-1.0000003576278687,0,-4.5080654672347009E-005,5.2000813484191895,19.143974304199219,-4.341123104095459">
        </Bone>
      </Part>
    </Brick>
    <Brick refID="92" designID="3660">
      <Part refID="92" designID="3660" materials="192">
        <Bone refID="92" transformation="0,1,0,-4.5362870878307149E-005,0,1,1.0000002384185791,0,4.5356609916780144E-005,4.4001235961914062,15.143964767456055,-5.3011593818664551">
        </Bone>
      </Part>
    </Brick>
    <Brick refID="93" designID="3660">
      <Part refID="93" designID="3660" materials="192">
        <Bone refID="93" transformation="0,1,0,-4.5362870878307149E-005,0,1,1.0000002384185791,0,4.5356609916780144E-005,4.4001245498657227,18.343971252441406,-5.3011593818664551">
        </Bone>
      </Part>
    </Brick>
    <Brick refID="94" designID="3660">
      <Part refID="94" designID="3660" materials="192">
        <Bone refID="94" transformation="0,1,0,-4.5362870878307149E-005,0,1,1.0000002384185791,0,4.5356609916780144E-005,4.4001245498657227,16.74395751953125,-5.3011593818664551">
        </Bone>
      </Part>
    </Brick>
    <Brick refID="95" designID="2431">
      <Part refID="95" designID="2431" materials="18,0" decoration="0">
        <Bone refID="95" transformation="0,-1.0000001192092896,0,-4.5157856220612302E-005,0,1.0000001192092896,-1.0000003576278687,0,-4.5080654672347009E-005,5.2000670433044434,18.343975067138672,-4.0211234092712402">
        </Bone>
      </Part>
    </Brick>
    <Brick refID="96" designID="3005">
      <Part refID="96" designID="3005" materials="192,0" decoration="0">
        <Bone refID="96" transformation="1.0000001192092896,0,4.5129534555599093E-005,-4.5129534555599093E-005,0,1,0,-1,0,5.200066089630127,15.143965721130371,-4.0211234092712402">
        </Bone>
      </Part>
    </Brick>
    <Brick refID="97" designID="4070">
      <Part refID="97" designID="4070" materials="192">
        <Bone refID="97" transformation="1.0000001192092896,0,4.5129534555599093E-005,-4.5129534555599093E-005,0,1,0,-1,0,5.2000236511230469,15.143965721130371,-3.0611233711242676">
        </Bone>
      </Part>
    </Brick>
    <Brick refID="98" designID="3005">
      <Part refID="98" designID="3005" materials="192,0" decoration="0">
        <Bone refID="98" transformation="1.0000001192092896,0,4.5129534555599093E-005,-4.5129534555599093E-005,0,1,0,-1,0,5.199979305267334,15.143965721130371,-2.1011233329772949">
        </Bone>
      </Part>
    </Brick>
    <Brick refID="99" designID="3005">
      <Part refID="99" designID="3005" materials="192,0" decoration="0">
        <Bone refID="99" transformation="1.0000001192092896,0,4.5129534555599093E-005,-4.5129534555599093E-005,0,1,0,-1,0,5.1999368667602539,15.143965721130371,-1.1411243677139282">
        </Bone>
      </Part>
    </Brick>
    <Brick refID="100" designID="3038">
      <Part refID="100" designID="3038" materials="192">
        <Bone refID="100" transformation="0,1,0,-4.5362870878307149E-005,0,1,1.0000002384185791,0,4.5356609916780144E-005,4.3998937606811523,15.143964767456055,-0.18116049468517303">
        </Bone>
      </Part>
    </Brick>
    <Brick refID="101" designID="3038">
      <Part refID="101" designID="3038" materials="192">
        <Bone refID="101" transformation="0,1,0,-4.5362870878307149E-005,0,1,1.0000002384185791,0,4.5356609916780144E-005,3.5998485088348389,15.143964767456055,0.77880376577377319">
        </Bone>
      </Part>
    </Brick>
    <Brick refID="102" designID="3710">
      <Part refID="102" designID="3710" materials="18">
        <Bone refID="102" transformation="0,-1.0000001192092896,0,-4.5157856220612302E-005,0,1.0000001192092896,-1.0000003576278687,0,-4.5080654672347009E-005,5.1999082565307617,18.343973159790039,-0.50112396478652954">
        </Bone>
      </Part>
    </Brick>
    <Brick refID="103" designID="3024">
      <Part refID="103" designID="3024" materials="18">
        <Bone refID="103" transformation="1.0000002384185791,0,4.5129530917620286E-005,0,-1,0,4.5129530917620286E-005,0,-1,5.1999974250793457,15.863966941833496,-2.5011229515075684">
        </Bone>
      </Part>
    </Brick>
    <Brick refID="104" designID="3710">
      <Part refID="104" designID="3710" materials="199">
        <Bone refID="104" transformation="4.5147702621761709E-005,0,-1,0,-1,0,-1.0000002384185791,0,-4.5046555896988139E-005,5.1999258995056152,16.1839599609375,-0.90112316608428955">
        </Bone>
      </Part>
    </Brick>
    <Brick refID="105" designID="3659">
      <Part refID="105" designID="3659" materials="199">
        <Bone refID="105" transformation="4.5147702621761709E-005,0,-1,0,-1,0,-1.0000002384185791,0,-4.5046555896988139E-005,5.1999268531799316,17.143960952758789,-0.90112411975860596">
        </Bone>
      </Part>
    </Brick>
    <Brick refID="106" designID="3070">
      <Part refID="106" designID="3070" materials="18">
        <Bone refID="106" transformation="4.5147702621761709E-005,0,-1,0,-1,0,-1.0000002384185791,0,-4.5046555896988139E-005,5.2000346183776855,15.863966941833496,-3.3011231422424316">
        </Bone>
      </Part>
    </Brick>
    <Brick refID="107" designID="3069">
      <Part refID="107" designID="3069" materials="18,0" decoration="0">
        <Bone refID="107" transformation="-4.5046555896988139E-005,0,1,0,-1,0,1.0000002384185791,0,4.5147702621761709E-005,5.1999611854553223,15.863966941833496,-1.7013460397720337">
        </Bone>
      </Part>
    </Brick>
    <Brick refID="108" designID="30413">
      <Part refID="108" designID="30413" materials="192">
        <Bone refID="108" transformation="-1.0000002384185791,0,0,0,0,1,0,1,0,1.9998059272766113,15.143965721130371,1.738730788230896">
        </Bone>
      </Part>
    </Brick>
    <Brick refID="109" designID="3023">
      <Part refID="109" designID="3023" materials="192">
        <Bone refID="109" transformation="-1.0000002384185791,0,0,0,0,1,0,1,0,-0.40005019307136536,15.143963813781738,-1.461377739906311">
        </Bone>
      </Part>
    </Brick>
    <Brick refID="110" designID="3007">
      <Part refID="110" designID="3007" materials="192">
        <Bone refID="110" transformation="0,1,0,-4.5362870878307149E-005,0,1,1.0000002384185791,0,4.5356609916780144E-005,-0.4000074565410614,14.343957901000977,-2.4213757514953613">
        </Bone>
      </Part>
    </Brick>
    <Brick refID="111" designID="3068">
      <Part refID="111" designID="3068" materials="199,0" decoration="0">
        <Bone refID="111" transformation="-1.0000002384185791,0,0,0,0,1,0,1,0,-0.40005019307136536,14.343957901000977,-1.4613772630691528">
        </Bone>
      </Part>
    </Brick>
    <Brick refID="112" designID="2434">
      <Part refID="112" designID="2434" materials="199">
        <Bone refID="112" transformation="0,-1.0000001192092896,0,-4.5157856220612302E-005,0,1.0000001192092896,-1.0000003576278687,0,-4.5080654672347009E-005,-1.1999632120132446,13.543957710266113,-3.3814120292663574">
        </Bone>
      </Part>
    </Brick>
    <Brick refID="113" designID="30386">
      <Part refID="113" designID="30386" materials="199">
        <Bone refID="113" transformation="-4.4941574742551893E-005,0,1,-1,0,-4.4997676013736054E-005,0,-1,0,-1.5999957323074341,13.543957710266113,-2.661430835723877">
        </Bone>
      </Part>
    </Brick>
    <Brick refID="114" designID="3937">
      <Part refID="114" designID="3937" materials="199">
        <Bone refID="114" transformation="-4.4941574742551893E-005,0,1,-1,0,-4.4997676013736054E-005,0,-1,0,-2.5599961280822754,13.543957710266113,-2.6614737510681152">
        </Bone>
      </Part>
    </Brick>
    <Brick refID="115" designID="3068">
      <Part refID="115" designID="3068" materials="199,0" decoration="0">
        <Bone refID="115" transformation="0,-1,0,-1,0,0,0,0,-1,-1.5999962091445923,11.943958282470703,-2.661430835723877">
        </Bone>
      </Part>
    </Brick>
    <Brick refID="116" designID="3068">
      <Part refID="116" designID="3068" materials="199,0" decoration="0">
        <Bone refID="116" transformation="0,1.0000001192092896,0,1.0000001192092896,0,0,0,0,-1,0,11.943957328796387,-2.6613583564758301">
        </Bone>
      </Part>
    </Brick>
    <Brick refID="117" designID="3069">
      <Part refID="117" designID="3069" materials="199,0" decoration="0">
