<?xml version="1.0" encoding="UTF-8" standalone="no" ?>
<LXFML versionMajor="5" versionMinor="0">
  <Meta>
    <Application name="LEGO Universe" versionMajor="0" versionMinor="0"/>
    <Brand name="LEGOUniverse"/>
    <BrickSet version="434"/>
  </Meta>
  <Bricks>
    <Brick refID="0" designID="3938">
      <Part refID="0" designID="3938" materials="192">
        <Bone refID="0" transformation="0,-1,0,0.70710688829421997,0,0.70710676908493042,-0.70710676908493042,0,0.70710688829421997,1.1999969482421875,2.0000066757202148,1.2118721008300781">
        </Bone>
      </Part>
    </Brick>
    <Brick refID="1" designID="3794">
      <Part refID="1" designID="3794" materials="192">
        <Bone refID="1" transformation="0,-1,0,0.70710688829421997,0,0.70710676908493042,-0.70710676908493042,0,0.70710688829421997,1.4828490018844604,2.0000066757202148,1.4947185516357422">
        </Bone>
      </Part>
    </Brick>
    <Brick refID="2" designID="3041">
      <Part refID="2" designID="3041" materials="26">
        <Bone refID="2" transformation="0,-1.0000001192092896,0,0.7071068286895752,0,0.7071068286895752,-0.7071068286895752,0,0.70710688829421997,1.878814697265625,2.8000020980834961,2.4563722610473633">
        </Bone>
      </Part>
    </Brick>
    <Brick refID="3" designID="4282">
      <Part refID="3" designID="4282" materials="26">
        <Bone refID="3" transformation="0,1,0,0.70710664987564087,0,0.70710688829421997,0.70710688829421997,0,-0.70710664987564087,2.2182304859161377,0.40000233054161072,1.6644153594970703">
        </Bone>
      </Part>
    </Brick>
    <Brick refID="4" designID="3041">
      <Part refID="4" designID="3041" materials="26">
        <Bone refID="4" transformation="0,-1.0000001192092896,0,0.7071068286895752,0,0.7071068286895752,-0.7071068286895752,0,0.70710688829421997,1.8788139820098877,6.0000033378601074,2.4563703536987305">
        </Bone>
      </Part>
    </Brick>
    <Brick refID="5" designID="4282">
      <Part refID="5" designID="4282" materials="192">
        <Bone refID="5" transformation="0,1,0,0.70710664987564087,0,0.70710688829421997,0.70710688829421997,0,-0.70710664987564087,1.9919579029083252,0.40000137686729431,1.4381370544433594">
        </Bone>
      </Part>
    </Brick>
    <Brick refID="6" designID="3041">
      <Part refID="6" designID="3041" materials="26">
        <Bone refID="6" transformation="0,-1.0000001192092896,0,0.7071068286895752,0,0.7071068286895752,-0.7071068286895752,0,0.70710688829421997,1.8788139820098877,9.2000017166137695,2.4563703536987305">
        </Bone>
      </Part>
    </Brick>
    <Brick refID="7" designID="3041">
      <Part refID="7" designID="3041" materials="26">
        <Bone refID="7" transformation="0,-1.0000001192092896,0,0.7071068286895752,0,0.7071068286895752,-0.7071068286895752,0,0.70710688829421997,1.8788223266601562,12.400007247924805,2.4563665390014648">
        </Bone>
      </Part>
    </Brick>
    <Brick refID="8" designID="3937">
      <Part refID="8" designID="3937" materials="192">
        <Bone refID="8" transformation="0,1.0000001192092896,0,0,0,1.0000001192092896,1.0000001192092896,0,0,1.1999976634979248,1.2000068426132202,0.65186691284179688">
        </Bone>
      </Part>
    </Brick>
    <Brick refID="9" designID="4070">
      <Part refID="9" designID="4070" materials="192">
        <Bone refID="9" transformation="1,0,0,0,1,0,0,0,1,1.1999976634979248,0.64000701904296875,0.40000534057617188">
        </Bone>
      </Part>
    </Brick>
    <Brick refID="10" designID="3795">
      <Part refID="10" designID="3795" materials="192">
        <Bone refID="10" transformation="-1,0,0,0,1,0,0,0,-1,2.0000007152557373,0.32000702619552612,-0.39999580383300781">
        </Bone>
      </Part>
    </Brick>
    <Brick refID="11" designID="4070">
      <Part refID="11" designID="4070" materials="192">
        <Bone refID="11" transformation="1,0,0,0,1,0,0,0,1,-1.1999905109405518,0.64000701904296875,0.40000534057617188">
        </Bone>
      </Part>
    </Brick>
    <Brick refID="12" designID="3937">
      <Part refID="12" designID="3937" materials="192">
        <Bone refID="12" transformation="0,-1.0000001192092896,0,0,0,1.0000001192092896,-1.0000001192092896,0,0,-1.1999943256378174,2.0000069141387939,0.65186691284179688">
        </Bone>
      </Part>
    </Brick>
    <Brick refID="13" designID="4070">
      <Part refID="13" designID="4070" materials="192">
        <Bone refID="13" transformation="-1,0,0,0,1,0,0,0,-1,-1.1999905109405518,0.64000707864761353,-0.399993896484375">
        </Bone>
      </Part>
    </Brick>
    <Brick refID="14" designID="3937">
      <Part refID="14" designID="3937" materials="192">
        <Bone refID="14" transformation="0,1.0000001192092896,0,0,0,-1.0000001192092896,-1.0000001192092896,0,0,-1.1999943256378174,1.2000067234039307,-0.65185737609863281">
        </Bone>
      </Part>
    </Brick>
    <Brick refID="15" designID="3023">
      <Part refID="15" designID="3023" materials="192">
        <Bone refID="15" transformation="0,0,1,0,0.99999994039535522,0,-1,0,0,2.0000007152557373,0,-0.39999580383300781">
        </Bone>
      </Part>
    </Brick>
    <Brick refID="16" designID="3795">
      <Part refID="16" designID="3795" materials="192">
        <Bone refID="16" transformation="0,0,1,0,0.99999994039535522,0,-1,0,0,-0.39999884366989136,0,-1.9999961853027344">
        </Bone>
      </Part>
    </Brick>
    <Brick refID="17" designID="3022">
      <Part refID="17" designID="3022" materials="192">
        <Bone refID="17" transformation="0,0,1,0,0.99999994039535522,0,-1,0,0,-0.39999884366989136,0.32000702619552612,-1.9999961853027344">
        </Bone>
      </Part>
    </Brick>
    <Brick refID="18" designID="3022">
      <Part refID="18" designID="3022" materials="192">
        <Bone refID="18" transformation="0,0,1,0,0.99999994039535522,0,-1,0,0,-0.39999896287918091,0.32000705599784851,1.2000045776367187">
        </Bone>
      </Part>
    </Brick>
    <Brick refID="19" designID="3023">
      <Part refID="19" designID="3023" materials="192">
        <Bone refID="19" transformation="0,0,1,0,0.99999994039535522,0,-1,0,0,-1.9999973773956299,0,-0.39999580383300781">
        </Bone>
      </Part>
    </Brick>
    <Brick refID="20" designID="4070">
      <Part refID="20" designID="4070" materials="192">
        <Bone refID="20" transformation="-1,0,0,0,1,0,0,0,-1,1.1999976634979248,0.6400068998336792,-0.399993896484375">
        </Bone>
      </Part>
    </Brick>
    <Brick refID="21" designID="3937">
      <Part refID="21" designID="3937" materials="192">
        <Bone refID="21" transformation="0,-1.0000001192092896,0,0,0,-1.0000001192092896,1.0000001192092896,0,0,1.1999976634979248,2.0000073909759521,-0.65185928344726563">
        </Bone>
      </Part>
    </Brick>
    <Brick refID="22" designID="87079">
      <Part refID="22" designID="87079" materials="192">
        <Bone refID="22" transformation="0,0,1,0,0.99999994039535522,0,-1,0,0,-0.39999884366989136,0.6400071382522583,-1.1999950408935547">
        </Bone>
      </Part>
    </Brick>
    <Brick refID="23" designID="87087">
      <Part refID="23" designID="87087" materials="192">
        <Bone refID="23" transformation="1,0,0,0,1,0,0,0,1,-0.40000075101852417,0.64000672101974487,2.0000019073486328">
        </Bone>
      </Part>
    </Brick>
    <Brick refID="24" designID="2454">
      <Part refID="24" designID="2454" materials="192">
        <Bone refID="24" transformation="-1,0,0,0,1,0,0,0,-1,0.39999011158943176,1.6000070571899414,2.0000019073486328">
        </Bone>
      </Part>
    </Brick>
    <Brick refID="25" designID="2454">
      <Part refID="25" designID="2454" materials="192">
        <Bone refID="25" transformation="-1,0,0,0,1,0,0,0,-1,0.39999011158943176,6.4000072479248047,2.0000019073486328">
        </Bone>
      </Part>
    </Brick>
    <Brick refID="26" designID="3023">
      <Part refID="26" designID="3023" materials="192">
        <Bone refID="26" transformation="-1,0,0,0,1,0,0,0,-1,0.39999011158943176,11.200008392333984,2.0000019073486328">
        </Bone>
      </Part>
    </Brick>
    <Brick refID="27" designID="3023">
      <Part refID="27" designID="3023" materials="192">
        <Bone refID="27" transformation="-1,0,0,0,1,0,0,0,-1,0.39999467134475708,11.520008087158203,2.0000019073486328">
        </Bone>
      </Part>
    </Brick>
    <Brick refID="28" designID="87087">
      <Part refID="28" designID="87087" materials="192">
        <Bone refID="28" transformation="1,0,0,0,1,0,0,0,1,0.39999467134475708,0.64000672101974487,2.0000019073486328">
        </Bone>
      </Part>
    </Brick>
    <Brick refID="29" designID="3041">
      <Part refID="29" designID="3041" materials="26">
        <Bone refID="29" transformation="0,-1.0000001192092896,0,0,0,1.0000001192092896,-1.0000001192092896,0,0,-0.39999896287918091,2.8000037670135498,3.0399999618530273">
        </Bone>
      </Part>
    </Brick>
    <Brick refID="30" designID="4282">
      <Part refID="30" designID="4282" materials="26">
        <Bone refID="30" transformation="0,1.0000001192092896,0,0,0,1.0000001192092896,1.0000001192092896,0,0,0.39999645948410034,0.40000706911087036,2.720001220703125">
        </Bone>
      </Part>
    </Brick>
    <Brick refID="31" designID="3041">
      <Part refID="31" designID="3041" materials="26">
        <Bone refID="31" transformation="0,-1.0000001192092896,0,0,0,1.0000001192092896,-1.0000001192092896,0,0,-0.39999896287918091,6.0000033378601074,3.0400018692016602">
        </Bone>
      </Part>
    </Brick>
    <Brick refID="32" designID="3041">
      <Part refID="32" designID="3041" materials="26">
        <Bone refID="32" transformation="0,-1.0000001192092896,0,0,0,1.0000001192092896,-1.0000001192092896,0,0,-0.39999896287918091,9.2000017166137695,3.0400018692016602">
        </Bone>
      </Part>
    </Brick>
    <Brick refID="33" designID="4510">
      <Part refID="33" designID="4510" materials="192">
        <Bone refID="33" transformation="0,1,0,0,0,1,1,0,0,0.4000040590763092,0.40000778436660767,2.4000043869018555">
        </Bone>
      </Part>
    </Brick>
    <Brick refID="34" designID="4510">
      <Part refID="34" designID="4510" materials="192">
        <Bone refID="34" transformation="0,-1,0,0,0,1,-1,0,0,-0.39999896287918091,6.0000042915344238,2.4000043869018555">
        </Bone>
      </Part>
    </Brick>
    <Brick refID="35" designID="4510">
      <Part refID="35" designID="4510" materials="192">
        <Bone refID="35" transformation="0,1.0000001192092896,0,0,0,1.0000001192092896,1.0000001192092896,0,0,0.40000402927398682,6.7999982833862305,2.4000043869018555">
        </Bone>
      </Part>
    </Brick>
    <Brick refID="36" designID="4510">
      <Part refID="36" designID="4510" materials="192">
        <Bone refID="36" transformation="0,-1,0,0,0,1,-1,0,0,-0.39999896287918091,12.399998664855957,2.4000043869018555">
        </Bone>
      </Part>
    </Brick>
    <Brick refID="37" designID="3041">
      <Part refID="37" designID="3041" materials="26">
        <Bone refID="37" transformation="0,-1.0000001192092896,0,0,0,1.0000001192092896,-1.0000001192092896,0,0,-0.40000075101852417,12.400003433227539,3.0400018692016602">
        </Bone>
      </Part>
    </Brick>
    <Brick refID="38" designID="87087">
      <Part refID="38" designID="87087" materials="192">
        <Bone refID="38" transformation="1,0,0,0,1,0,0,0,1,0.39999467134475708,11.840006828308105,2.0000019073486328">
        </Bone>
      </Part>
    </Brick>
    <Brick refID="39" designID="4070">
      <Part refID="39" designID="4070" materials="192">
        <Bone refID="39" transformation="1,0,0,0,1,0,0,0,1,1.1999982595443726,13.440007209777832,0.40000534057617188">
        </Bone>
      </Part>
    </Brick>
    <Brick refID="40" designID="3795">
      <Part refID="40" designID="3795" materials="192">
        <Bone refID="40" transformation="-1,0,0,0,1,0,0,0,-1,2.0000014305114746,13.120006561279297,-0.39999580383300781">
        </Bone>
      </Part>
    </Brick>
    <Brick refID="41" designID="4070">
      <Part refID="41" designID="4070" materials="192">
        <Bone refID="41" transformation="1,0,0,0,1,0,0,0,1,-1.1999936103820801,13.440007209777832,0.40000534057617188">
        </Bone>
      </Part>
    </Brick>
    <Brick refID="42" designID="3937">
      <Part refID="42" designID="3937" materials="192">
        <Bone refID="42" transformation="0,-1.0000001192092896,0,0,0,1.0000001192092896,-1.0000001192092896,0,0,-1.1999959945678711,14.800006866455078,0.65186691284179688">
        </Bone>
      </Part>
    </Brick>
    <Brick refID="43" designID="3023">
      <Part refID="43" designID="3023" materials="192">
        <Bone refID="43" transformation="0,0,1,0,0.99999994039535522,0,-1,0,0,2.0000014305114746,12.800006866455078,-0.39999580383300781">
        </Bone>
      </Part>
    </Brick>
    <Brick refID="44" designID="3795">
      <Part refID="44" designID="3795" materials="192">
        <Bone refID="44" transformation="0,0,1,0,0.99999994039535522,0,-1,0,0,-0.3999982476234436,12.800006866455078,-1.9999980926513672">
        </Bone>
      </Part>
    </Brick>
    <Brick refID="45" designID="3022">
      <Part refID="45" designID="3022" materials="192">
        <Bone refID="45" transformation="0,0,1,0,0.99999994039535522,0,-1,0,0,-0.3999982476234436,13.120006561279297,-1.9999980926513672">
        </Bone>
      </Part>
    </Brick>
    <Brick refID="46" designID="3022">
      <Part refID="46" designID="3022" materials="192">
        <Bone refID="46" transformation="0,0,1,0,0.99999994039535522,0,-1,0,0,-0.3999982476234436,13.120006561279297,1.2000045776367187">
        </Bone>
      </Part>
    </Brick>
    <Brick refID="47" designID="3023">
      <Part refID="47" designID="3023" materials="192">
        <Bone refID="47" transformation="0,0,1,0,0.99999994039535522,0,-1,0,0,-1.9999985694885254,12.800006866455078,-0.39999580383300781">
        </Bone>
      </Part>
    </Brick>
    <Brick refID="48" designID="4070">
      <Part refID="48" designID="4070" materials="192">
        <Bone refID="48" transformation="-1,0,0,0,1,0,0,0,-1,-1.1999936103820801,13.440007209777832,-0.399993896484375">
        </Bone>
      </Part>
    </Brick>
    <Brick refID="49" designID="3937">
      <Part refID="49" designID="3937" materials="192">
        <Bone refID="49" transformation="0,1.0000001192092896,0,0,0,-1.0000001192092896,-1.0000001192092896,0,0,-1.1999936103820801,14.000006675720215,-0.65185737609863281">
        </Bone>
      </Part>
    </Brick>
    <Brick refID="50" designID="4070">
      <Part refID="50" designID="4070" materials="192">
        <Bone refID="50" transformation="-1,0,0,0,1,0,0,0,-1,1.2000020742416382,13.440007209777832,-0.399993896484375">
        </Bone>
      </Part>
    </Brick>
    <Brick refID="51" designID="3937">
      <Part refID="51" designID="3937" materials="192">
        <Bone refID="51" transformation="0,-1.0000001192092896,0,0,0,-1.0000001192092896,1.0000001192092896,0,0,1.1999982595443726,14.800007820129395,-0.65185928344726563">
        </Bone>
      </Part>
    </Brick>
    <Brick refID="52" designID="3937">
      <Part refID="52" designID="3937" materials="192">
        <Bone refID="52" transformation="0,1.0000001192092896,0,0,0,1.0000001192092896,1.0000001192092896,0,0,1.1999982595443726,14.000006675720215,0.65186691284179688">
        </Bone>
      </Part>
    </Brick>
    <Brick refID="53" designID="87079">
      <Part refID="53" designID="87079" materials="192">
        <Bone refID="53" transformation="0,0,1,0,0.99999994039535522,0,-1,0,0,-0.39999812841415405,13.440006256103516,-1.1999950408935547">
        </Bone>
      </Part>
    </Brick>
    <Brick refID="54" designID="3938">
      <Part refID="54" designID="3938" materials="192">
        <Bone refID="54" transformation="0,-1.0000001192092896,0,0.70710676908493042,0,0.70710688829421997,-0.70710688829421997,0,0.70710676908493042,1.1999987363815308,14.800006866455078,1.2118701934814453">
        </Bone>
      </Part>
    </Brick>
    <Brick refID="55" designID="3794">
      <Part refID="55" designID="3794" materials="192">
        <Bone refID="55" transformation="0,-1.0000001192092896,0,0.70710670948028564,0,0.7071068286895752,-0.7071068286895752,0,0.70710670948028564,1.4828423261642456,14.800006866455078,1.4946975708007813">
        </Bone>
      </Part>
    </Brick>
    <Brick refID="56" designID="3041">
      <Part refID="56" designID="3041" materials="26">
        <Bone refID="56" transformation="0,-1,0,0.70710664987564087,0,0.70710688829421997,-0.70710688829421997,0,0.70710664987564087,1.8788228034973145,15.600004196166992,2.4563770294189453">
        </Bone>
      </Part>
    </Brick>
    <Brick refID="57" designID="4282">
      <Part refID="57" designID="4282" materials="26">
        <Bone refID="57" transformation="0,1.0000001192092896,0,0.7071070671081543,0,0.7071068286895752,0.70710676908493042,0,-0.70710688829421997,2.2182309627532959,13.20000171661377,1.6644191741943359">
        </Bone>
      </Part>
    </Brick>
    <Brick refID="58" designID="3041">
      <Part refID="58" designID="3041" materials="26">
        <Bone refID="58" transformation="0,-1,0,0.70710664987564087,0,0.70710688829421997,-0.70710688829421997,0,0.70710664987564087,1.8788220882415771,18.799993515014648,2.4563751220703125">
        </Bone>
      </Part>
    </Brick>
    <Brick refID="59" designID="3041">
      <Part refID="59" designID="3041" materials="26">
        <Bone refID="59" transformation="0,-1,0,0.70710664987564087,0,0.70710688829421997,-0.70710688829421997,0,0.70710664987564087,1.8788220882415771,21.999996185302734,2.4563741683959961">
        </Bone>
      </Part>
    </Brick>
    <Brick refID="60" designID="4282">
      <Part refID="60" designID="4282" materials="192">
        <Bone refID="60" transformation="0,1.0000001192092896,0,0.7071070671081543,0,0.7071068286895752,0.70710676908493042,0,-0.70710688829421997,1.9919583797454834,13.20000171661377,1.438140869140625">
        </Bone>
      </Part>
    </Brick>
    <Brick refID="61" designID="3041">
      <Part refID="61" designID="3041" materials="26">
        <Bone refID="61" transformation="0,-1.0000001192092896,0,0.70710670948028564,0,0.70710694789886475,-0.70710694789886475,0,0.70710676908493042,1.8788223266601562,25.200006484985352,2.4563703536987305">
        </Bone>
      </Part>
    </Brick>
    <Brick refID="62" designID="3794">
      <Part refID="62" designID="3794" materials="192">
        <Bone refID="62" transformation="0,-1,0,0.7071070671081543,0,-0.70710647106170654,0.70710647106170654,0,0.7071070671081543,1.4828338623046875,14.800007820129395,-1.4946975708007813">
        </Bone>
      </Part>
    </Brick>
    <Brick refID="63" designID="3938">
      <Part refID="63" designID="3938" materials="192">
        <Bone refID="63" transformation="0,1.0000001192092896,0,0.70710736513137817,0,-0.70710653066635132,-0.70710653066635132,0,-0.70710718631744385,1.1999986171722412,14.000007629394531,-1.2118587493896484">
        </Bone>
      </Part>
    </Brick>
    <Brick refID="64" designID="3041">
      <Part refID="64" designID="3041" materials="26">
        <Bone refID="64" transformation="0,-1,0,0.7071070671081543,0,-0.70710653066635132,0.70710653066635132,0,0.70710700750350952,2.4445054531097412,15.600008010864258,-1.89068603515625">
        </Bone>
      </Part>
    </Brick>
    <Brick refID="65" designID="4282">
      <Part refID="65" designID="4282" materials="26">
        <Bone refID="65" transformation="0,0.99999994039535522,0,0.70710712671279907,0,-0.70710641145706177,-0.70710641145706177,0,-0.70710712671279907,1.6525428295135498,13.200008392333984,-2.2300930023193359">
        </Bone>
      </Part>
    </Brick>
    <Brick refID="66" designID="3041">
      <Part refID="66" designID="3041" materials="26">
        <Bone refID="66" transformation="0,-1,0,0.7071070671081543,0,-0.70710653066635132,0.70710653066635132,0,0.70710700750350952,2.4445047378540039,18.800004959106445,-1.8906879425048828">
        </Bone>
      </Part>
    </Brick>
    <Brick refID="67" designID="3041">
      <Part refID="67" designID="3041" materials="26">
        <Bone refID="67" transformation="0,-1,0,0.7071070671081543,0,-0.70710653066635132,0.70710653066635132,0,0.70710700750350952,2.4445047378540039,25.200006484985352,-1.8906917572021484">
        </Bone>
      </Part>
    </Brick>
    <Brick refID="68" designID="4282">
      <Part refID="68" designID="4282" materials="192">
        <Bone refID="68" transformation="0,1,0,0.70710629224777222,0,-0.70710724592208862,-0.70710724592208862,0,-0.70710635185241699,1.4262702465057373,13.200008392333984,-2.0038242340087891">
        </Bone>
      </Part>
    </Brick>
    <Brick refID="69" designID="3041">
      <Part refID="69" designID="3041" materials="26">
        <Bone refID="69" transformation="0,-1,0,0.7071070671081543,0,-0.70710653066635132,0.70710653066635132,0,0.70710700750350952,2.4445037841796875,22.000005722045898,-1.8906841278076172">
        </Bone>
      </Part>
    </Brick>
    <Brick refID="70" designID="87087">
      <Part refID="70" designID="87087" materials="192">
        <Bone refID="70" transformation="1,0,0,0,1,0,0,0,1,0.39999467134475708,13.440007209777832,2.0000019073486328">
        </Bone>
      </Part>
    </Brick>
    <Brick refID="71" designID="3068">
      <Part refID="71" designID="3068" materials="26,0" decoration="0">
        <Bone refID="71" transformation="1,0,0,0,1,0,0,0,1,1.1999988555908203,25.920001983642578,0.39999961853027344">
        </Bone>
      </Part>
    </Brick>
    <Brick refID="72" designID="2419">
      <Part refID="72" designID="2419" materials="26">
        <Bone refID="72" transformation="0,0,-1,0,0.99999994039535522,0,1,0,0,0.3999989926815033,25.600004196166992,2">
        </Bone>
      </Part>
    </Brick>
    <Brick refID="73" designID="3003">
      <Part refID="73" designID="3003" materials="26,0,0" decoration="0,0">
        <Bone refID="73" transformation="0,0,1,0,0.99999994039535522,0,-1,0,0,-0.39999645948410034,25.920003890991211,-0.39999198913574219">
        </Bone>
      </Part>
    </Brick>
    <Brick refID="74" designID="3003">
      <Part refID="74" designID="3003" materials="26,0,0" decoration="0,0">
        <Bone refID="74" transformation="0,0,1,0,0.99999994039535522,0,-1,0,0,-0.39999645948410034,26.880002975463867,-0.399993896484375">
        </Bone>
      </Part>
    </Brick>
    <Brick refID="75" designID="6143">
      <Part refID="75" designID="6143" materials="26">
        <Bone refID="75" transformation="0,0,1,0,0.99999994039535522,0,-1,0,0,-0.39999645948410034,27.840002059936523,-0.39999198913574219">
        </Bone>
      </Part>
    </Brick>
    <Brick refID="76" designID="30033">
      <Part refID="76" designID="30033" materials="192">
        <Bone refID="76" transformation="0,0,1,0,0.99999994039535522,0,-1,0,0,-0.39999383687973022,28.800004959106445,-0.399993896484375">
        </Bone>
      </Part>
    </Brick>
    <Brick refID="77" designID="2419">
      <Part refID="77" designID="2419" materials="26">
        <Bone refID="77" transformation="0,0,1,0,0.99999994039535522,0,-1,0,0,-0.39999634027481079,25.600004196166992,-1.9999923706054687">
        </Bone>
      </Part>
    </Brick>
    <Brick refID="78" designID="3022">
      <Part refID="78" designID="3022" materials="26">
        <Bone refID="78" transformation="0,0,1,0,0.99999994039535522,0,-1,0,0,-0.39999645948410034,25.280004501342773,-0.399993896484375">
        </Bone>
      </Part>
    </Brick>
    <Brick refID="79" designID="3024">
      <Part refID="79" designID="3024" materials="192">
        <Bone refID="79" transformation="0,0,1,0,0.99999994039535522,0,-1,0,0,0,24.960004806518555,0">
        </Bone>
      </Part>
    </Brick>
    <Brick refID="80" designID="3024">
      <Part refID="80" designID="3024" materials="192">
        <Bone refID="80" transformation="0,0,1,0,0.99999994039535522,0,-1,0,0,0,24.640005111694336,0">
        </Bone>
      </Part>
    </Brick>
    <Brick refID="81" designID="2453">
      <Part refID="81" designID="2453" materials="192">
        <Bone refID="81" transformation="0,0,1,0,0.99999994039535522,0,-1,0,0,0,19.840003967285156,0">
        </Bone>
      </Part>
    </Brick>
    <Brick refID="82" designID="3005">
      <Part refID="82" designID="3005" materials="192,0" decoration="0">
        <Bone refID="82" transformation="0,0,1,0,0.99999994039535522,0,-1,0,0,0,18.8800048828125,0">
        </Bone>
      </Part>
    </Brick>
    <Brick refID="83" designID="87580">
      <Part refID="83" designID="87580" materials="138">
        <Bone refID="83" transformation="0,0,1,0,0.99999994039535522,0,-1,0,0,-0.39999645948410034,18.560005187988281,-0.39999580383300781">
        </Bone>
      </Part>
    </Brick>
    <Brick refID="84" designID="2419">
      <Part refID="84" designID="2419" materials="138">
        <Bone refID="84" transformation="0,0,1,0,0.99999994039535522,0,-1,0,0,-0.3999982476234436,18.240005493164062,-1.9999942779541016">
        </Bone>
      </Part>
    </Brick>
    <Brick refID="85" designID="3068">
      <Part refID="85" designID="3068" materials="138,0" decoration="0">
        <Bone refID="85" transformation="0,0,1,0,0.99999994039535522,0,-1,0,0,-1.9999949932098389,18.560005187988281,-0.399993896484375">
        </Bone>
      </Part>
    </Brick>
    <Brick refID="86" designID="2431">
      <Part refID="86" designID="2431" materials="138,0" decoration="0">
        <Bone refID="86" transformation="-1,0,0,0,1,0,0,0,-1,1.2000001668930054,18.560005187988281,1.1999988555908203">
        </Bone>
      </Part>
    </Brick>
    <Brick refID="87" designID="2419">
      <Part refID="87" designID="2419" materials="138">
        <Bone refID="87" transformation="0,0,-1,0,0.99999994039535522,0,1,0,0,0.40000662207603455,18.240005493164062,1.9999942779541016">
        </Bone>
      </Part>
    </Brick>
    <Brick refID="88" designID="2431">
      <Part refID="88" designID="2431" materials="138,0" decoration="0">
        <Bone refID="88" transformation="-1,0,0,0,1,0,0,0,-1,1.2000001668930054,18.560005187988281,-1.1999988555908203">
        </Bone>
      </Part>
    </Brick>
    <Brick refID="89" designID="3068">
      <Part refID="89" designID="3068" materials="138,0" decoration="0">
        <Bone refID="89" transformation="0,0,1,0,0.99999994039535522,0,-1,0,0,1.2000000476837158,18.560005187988281,-0.39999961853027344">
        </Bone>
      </Part>
    </Brick>
    <Brick refID="90" designID="3068">
      <Part refID="90" designID="3068" materials="26,0" decoration="0">
        <Bone refID="90" transformation="1,0,0,0,1,0,0,0,1,-1.9999966621398926,25.920003890991211,0.4000091552734375">
        </Bone>
      </Part>
    </Brick>
    <Brick refID="91" designID="3068">
      <Part refID="91" designID="3068" materials="26,0" decoration="0">
        <Bone refID="91" transformation="1,0,0,0,1,0,0,0,1,-0.39999681711196899,25.920001983642578,2.0000095367431641">
        </Bone>
      </Part>
    </Brick>
    <Brick refID="92" designID="3068">
      <Part refID="92" designID="3068" materials="26,0" decoration="0">
        <Bone refID="92" transformation="1,0,0,0,1,0,0,0,1,-0.40000122785568237,25.920001983642578,-1.1999988555908203">
        </Bone>
      </Part>
    </Brick>
    <Brick refID="93" designID="3245">
      <Part refID="93" designID="3245" materials="192">
        <Bone refID="93" transformation="0,0,-1,0,0.99999994039535522,0,1,0,0,-1.9999988079071045,16.320005416870117,0.40000534057617188">
        </Bone>
      </Part>
    </Brick>
    <Brick refID="94" designID="3245">
      <Part refID="94" designID="3245" materials="192">
        <Bone refID="94" transformation="0,0,-1,0,0.99999994039535522,0,1,0,0,-1.9999988079071045,14.400006294250488,0.40000534057617188">
        </Bone>
      </Part>
    </Brick>
    <Brick refID="95" designID="3245">
      <Part refID="95" designID="3245" materials="192">
        <Bone refID="95" transformation="0,0,1,0,0.99999994039535522,0,-1,0,0,1.9999992847442627,16.320005416870117,-0.39999961853027344">
        </Bone>
      </Part>
    </Brick>
    <Brick refID="96" designID="3245">
      <Part refID="96" designID="3245" materials="192">
        <Bone refID="96" transformation="0,0,1,0,0.99999994039535522,0,-1,0,0,1.9999992847442627,14.400006294250488,-0.39999961853027344">
        </Bone>
      </Part>
    </Brick>
    <Brick refID="97" designID="6019">
      <Part refID="97" designID="6019" materials="192">
        <Bone refID="97" transformation="0,0,1,0.89101713895797729,0.45396968722343445,0,-0.45396968722343445,0.89101713895797729,0,1.3421897888183594,28.274604797363281,0">
        </Bone>
      </Part>
    </Brick>
    <Brick refID="98" designID="3024">
      <Part refID="98" designID="3024" materials="192">
        <Bone refID="98" transformation="0.453969806432724,-0.89101707935333252,0,0.89101707935333252,0.453969806432724,0,0,0,1,1.6273002624511719,28.419872283935547,0">
        </Bone>
      </Part>
    </Brick>
    <Brick refID="99" designID="33291">
      <Part refID="99" designID="33291" materials="192">
        <Bone refID="99" transformation="0,0,-1,0.89101713895797729,0.45396968722343445,0,0.45396968722343445,-0.89101713895797729,0,1.9124305248260498,28.565145492553711,0">
        </Bone>
      </Part>
    </Brick>
    <Brick refID="100" designID="6019">
      <Part refID="100" designID="6019" materials="192">
        <Bone refID="100" transformation="0,0,-1,-0.89101672172546387,0.45397049188613892,0,0.45397046208381653,0.89101672172546387,0,-1.3422005176544189,28.274608612060547,0">
        </Bone>
      </Part>
    </Brick>
    <Brick refID="101" designID="3024">
      <Part refID="101" designID="3024" materials="192">
        <Bone refID="101" transformation="-0.45397022366523743,-0.89101690053939819,0,-0.89101690053939819,0.45397034287452698,0,0,0,-1,-1.6273181438446045,28.41987419128418,0">
        </Bone>
      </Part>
    </Brick>
    <Brick refID="102" designID="33291">
      <Part refID="102" designID="33291" materials="192">
        <Bone refID="102" transformation="0,0,1,-0.89101678133010864,0.45397037267684937,0,-0.45397040247917175,-0.89101678133010864,0,-1.9124438762664795,28.565139770507813,0">
        </Bone>
      </Part>
    </Brick>
    <Brick refID="103" designID="3024">
      <Part refID="103" designID="3024" materials="192">
        <Bone refID="103" transformation="0.32100483775138855,-0.89101707935333252,-0.32100579142570496,0.63004404306411743,0.45397007465362549,-0.63004440069198608,0.70710724592208862,0,0.70710653066635132,1.150688648223877,28.419849395751953,-1.1506843566894531">
        </Bone>
      </Part>
    </Brick>
    <Brick refID="104" designID="33291">
      <Part refID="104" designID="33291" materials="192">
        <Bone refID="104" transformation="-0.70710718631744385,0,-0.70710659027099609,0.63004440069198608,0.45396986603736877,-0.63004457950592041,0.32100427150726318,-0.8910173773765564,-0.32100549340248108,1.352302074432373,28.565120697021484,-1.3522987365722656">
        </Bone>
      </Part>
    </Brick>
    <Brick refID="105" designID="6019">
      <Part refID="105" designID="6019" materials="192">
        <Bone refID="105" transformation="0.70710790157318115,0,0.70710587501525879,0.6300433874130249,0.45397037267684937,-0.63004481792449951,-0.32100480794906616,0.89101690053939819,0.32100620865821838,0.94908058643341064,28.274604797363281,-0.94907188415527344">
        </Bone>
      </Part>
    </Brick>
    <Brick refID="106" designID="6019">
      <Part refID="106" designID="6019" materials="192">
        <Bone refID="106" transformation="-0.70710760354995728,0,-0.70710599422454834,-0.63004350662231445,0.45397061109542847,0.63004457950592041,0.32100486755371094,0.89101684093475342,-0.32100632786750793,-0.94908314943313599,28.27461051940918,0.94907951354980469">
        </Bone>
      </Part>
    </Brick>
    <Brick refID="107" designID="3024">
      <Part refID="107" designID="3024" materials="192">
        <Bone refID="107" transformation="-0.32100605964660645,-0.89101666212081909,0.32100549340248108,-0.63004499673843384,0.45397087931632996,0.63004285097122192,-0.70710575580596924,0,-0.70710784196853638,-1.1506972312927246,28.419872283935547,1.15069580078125">
        </Bone>
      </Part>
    </Brick>
    <Brick refID="108" designID="33291">
      <Part refID="108" designID="33291" materials="192">
        <Bone refID="108" transformation="0.70710700750350952,0,0.70710676908493042,-0.63004398345947266,0.45397049188613892,0.63004416227340698,-0.32100558280944824,-0.89101690053939819,0.32100561261177063,-1.352308988571167,28.565135955810547,1.3523178100585937">
        </Bone>
      </Part>
    </Brick>
    <Brick refID="109" designID="6019">
      <Part refID="109" designID="6019" materials="192">
        <Bone refID="109" transformation="-1,0,0,0,0.45399940013885498,0.89100188016891479,0,0.89100188016891479,-0.45399948954582214,1.9609928131103516E-005,28.274600982666016,1.3422412872314453">
        </Bone>
      </Part>
    </Brick>
    <Brick refID="110" designID="3024">
      <Part refID="110" designID="3024" materials="192">
        <Bone refID="110" transformation="0,-0.89100557565689087,0.45399269461631775,0,0.45399284362792969,0.89100557565689087,-1.0000001192092896,0,0,1.1980533599853516E-005,28.419879913330078,1.6273632049560547">
        </Bone>
      </Part>
    </Brick>
    <Brick refID="111" designID="33291">
      <Part refID="111" designID="33291" materials="192">
        <Bone refID="111" transformation="1,0,1.0475595445313957E-005,0,0.45399424433708191,0.89100462198257446,-1.0475595445313957E-005,-0.89100462198257446,0.45399424433708191,0,28.565160751342773,1.9124813079833984">
        </Bone>
      </Part>
    </Brick>
    <Brick refID="112" designID="6019">
      <Part refID="112" designID="6019" materials="192">
        <Bone refID="112" transformation="0.70710760354995728,0,-0.70710611343383789,-0.63004320859909058,0.45397087931632996,-0.63004451990127563,0.32100555300712585,0.89101660251617432,0.321006178855896,-0.94908934831619263,28.274604797363281,-0.94907569885253906">
        </Bone>
      </Part>
    </Brick>
    <Brick refID="113" designID="3024">
      <Part refID="113" designID="3024" materials="192">
        <Bone refID="113" transformation="-0.321006178855896,-0.89101707935333252,-0.32100418210029602,-0.63004380464553833,0.45396998524665833,-0.63004463911056519,0.70710670948028564,0,-0.70710688829421997,-1.1506941318511963,28.419876098632813,-1.1506786346435547">
        </Bone>
      </Part>
    </Brick>
    <Brick refID="114" designID="33291">
      <Part refID="114" designID="33291" materials="192">
        <Bone refID="114" transformation="-0.7071075439453125,0,0.70710605382919312,-0.630043625831604,0.45397117733955383,-0.63004410266876221,-0.321004718542099,-0.89101660251617432,-0.3210071325302124,-1.3522999286651611,28.565143585205078,-1.3522891998291016">
        </Bone>
      </Part>
    </Brick>
    <Brick refID="115" designID="6019">
      <Part refID="115" designID="6019" materials="192">
        <Bone refID="115" transformation="-0.70710617303848267,0,0.70710748434066772,0.63003677129745483,0.45399072766304016,0.63003665208816528,-0.32102116942405701,0.8910064697265625,-0.32101860642433167,0.94909048080444336,28.274608612060547,0.9490966796875">
        </Bone>
      </Part>
    </Brick>
    <Brick refID="116" designID="3024">
      <Part refID="116" designID="3024" materials="192">
        <Bone refID="116" transformation="0.32101929187774658,-0.8910069465637207,0.32101917266845703,0.63003718852996826,0.45398974418640137,0.63003689050674438,-0.70710664987564087,0,0.70710700750350952,1.1507060527801514,28.419887542724609,1.1507110595703125">
        </Bone>
      </Part>
    </Brick>
    <Brick refID="117" designID="33291">
      <Part refID="117" designID="33291" materials="192">
        <Bone refID="117" transformation="0.70710611343383789,0,-0.7071075439453125,0.63003742694854736,0.45399051904678345,0.63003617525100708,0.32102015614509583,-0.89100658893585205,0.32101941108703613,1.3523120880126953,28.565164566040039,1.3523273468017578">
        </Bone>
      </Part>
    </Brick>
    <Brick refID="118" designID="6019">
      <Part refID="118" designID="6019" materials="192">
        <Bone refID="118" transformation="1,0,0,0,0.45397055149078369,-0.89101666212081909,0,0.89101666212081909,0.45397055149078369,0,28.274604797363281,-1.3421974182128906">
        </Bone>
      </Part>
    </Brick>
    <Brick refID="119" designID="3024">
      <Part refID="119" designID="3024" materials="192">
        <Bone refID="119" transformation="0,-0.89101701974868774,-0.45397013425827026,0,0.45397025346755981,-0.89101701974868774,1.0000001192092896,0,0,0,28.419868469238281,-1.6273136138916016">
        </Bone>
      </Part>
    </Brick>
    <Brick refID="120" designID="33291">
      <Part refID="120" designID="33291" materials="192">
        <Bone refID="120" transformation="-1,0,0,0,0.45397013425827026,-0.89101719856262207,0,-0.89101719856262207,-0.45396971702575684,0,28.565139770507813,-1.9124393463134766">
        </Bone>
      </Part>
    </Brick>
    <Brick refID="121" designID="3069">
      <Part refID="121" designID="3069" materials="138,0" decoration="0">
        <Bone refID="121" transformation="-1,0,0,0,1,0,0,0,-1,0.40023043751716614,18.560007095336914,-1.9999961853027344">
        </Bone>
      </Part>
    </Brick>
    <Brick refID="122" designID="3245">
      <Part refID="122" designID="3245" materials="192">
        <Bone refID="122" transformation="1,0,0,0,1,0,0,0,1,-0.39999765157699585,14.400007247924805,-1.9999980926513672">
        </Bone>
      </Part>
    </Brick>
    <Brick refID="123" designID="3245">
      <Part refID="123" designID="3245" materials="192">
        <Bone refID="123" transformation="1,0,0,0,1,0,0,0,1,-0.40000146627426147,16.32000732421875,-1.9999980926513672">
        </Bone>
      </Part>
    </Brick>
    <Brick refID="124" designID="3245">
      <Part refID="124" designID="3245" materials="192">
        <Bone refID="124" transformation="1,0,0,0,1,0,0,0,1,-0.40000158548355103,14.400007247924805,2.0000019073486328">
        </Bone>
      </Part>
    </Brick>
    <Brick refID="125" designID="3245">
      <Part refID="125" designID="3245" materials="192">
        <Bone refID="125" transformation="1,0,0,0,1,0,0,0,1,-0.40000158548355103,16.32000732421875,2.0000019073486328">
        </Bone>
      </Part>
    </Brick>
    <Brick refID="126" designID="3069">
      <Part refID="126" designID="3069" materials="138,0" decoration="0">
        <Bone refID="126" transformation="-1,0,0,0,1,0,0,0,-1,0.40023121237754822,18.560007095336914,2.0000057220458984">
        </Bone>
      </Part>
    </Brick>
    <Brick refID="127" designID="3300">
      <Part refID="127" designID="3300" materials="192">
        <Bone refID="127" transformation="-0.45396971702575684,0.89101719856262207,0,0.89101719856262207,0.45397013425827026,0,0,0,-1,3.494171142578125,27.575326919555664,-0.39999198913574219">
        </Bone>
      </Part>
    </Brick>
    <Brick refID="128" designID="54383">
      <Part refID="128" designID="54383" materials="192">
        <Bone refID="128" transformation="0.45397067070007324,-0.89101660251617432,0,0.89101660251617432,0.45397067070007324,0,0,0,1,2.4826743602752686,28.855712890625,-0.39999198913574219">
        </Bone>
      </Part>
    </Brick>
    <Brick refID="129" designID="3300">
      <Part refID="129" designID="3300" materials="192">
        <Bone refID="129" transformation="-0.45396935939788818,0.89101725816726685,0,0.89101725816726685,0.4539693295955658,0,0,0,-1,4.2205243110656738,26.149726867675781,-0.39999008178710938">
        </Bone>
      </Part>
    </Brick>
    <Brick refID="130" designID="32028">
      <Part refID="130" designID="32028" materials="192">
