<?xml version="1.0" encoding="UTF-8" standalone="no" ?>
<LXFML versionMajor="5" versionMinor="0">
  <Meta>
    <Application name="CCOP" versionMajor="0" versionMinor="0"/>
    <Brand name="LEGOUniverse"/>
    <BrickSet version="215"/>
  </Meta>
  <Bricks>
    <Brick refID="0" designID="30150">
      <Part refID="0" designID="30150" materials="38">
        <Bone refID="0" transformation="1,0,0,0,1,0,0,0,1,-1.2000000476837158,0.25682860612869263,0.80000001192092896">
        </Bone>
      </Part>
    </Brick>
    <Brick refID="1" designID="2562">
      <Part refID="1" designID="2562" materials="192">
        <Bone refID="1" transformation="0.99999994039535522,0,0,0,0,-1,0,1,0,-1.2000000476837158,0.99682861566543579,0.68999999761581421">
        </Bone>
      </Part>
    </Brick>
    <Brick refID="2" designID="2562">
      <Part refID="2" designID="2562" materials="192">
        <Bone refID="2" transformation="-0.89493435621261597,0,-0.44619777798652649,-0.44619777798652649,0,0.89493435621261597,0,1,0,1.1399999856948853,0.99682861566543579,-0.10000000149011612">
        </Bone>
      </Part>
    </Brick>
    <Brick refID="3" designID="2562">
      <Part refID="3" designID="2562" materials="192">
        <Bone refID="3" transformation="-0.90724700689315796,-0.070816017687320709,-0.41459366679191589,-0.40273153781890869,0.43051162362098694,0.80775469541549683,0.12128530442714691,0.89980298280715942,-0.41909980773925781,0.76450902223587036,1.0609016418457031,-0.19844020903110504">
        </Bone>
      </Part>
    </Brick>
    <Brick refID="4" designID="2562">
      <Part refID="4" designID="2562" materials="192">
        <Bone refID="4" transformation="0.88830685615539551,-0.45923829078674316,-0.0033398238010704517,0.44889014959335327,0.86670851707458496,0.21751780807971954,-0.096997864544391632,-0.1947217732667923,0.97605067491531372,-0.50059938430786133,0.86721247434616089,-0.72000002861022949">
        </Bone>
      </Part>
    </Brick>
    <Brick refID="5" designID="2562">
      <Part refID="5" designID="2562" materials="192">
        <Bone refID="5" transformation="0.075009137392044067,-0.082911431789398193,-0.99373006820678711,-0.99708259105682373,0.0078981006518006325,-0.075921103358268738,0.014143252745270729,0.99652570486068726,-0.082077056169509888,-0.28289046883583069,1.9144909381866455,0.73889702558517456">
        </Bone>
      </Part>
    </Brick>
  </Bricks>
  <RigidSystems>
    <RigidSystem>
      <Rigid refID="0" transformation="1,0,0,0,1,0,0,0,1,-1.2000000476837158,0,0.80000001192092896" boneRefs="0"/>
    </RigidSystem>
    <RigidSystem>
      <Rigid refID="1" transformation="0.99999994039535522,0,0,0,0,-1,0,1,0,-1.2000000476837158,0.74000000953674316,0.68999999761581421" boneRefs="1"/>
    </RigidSystem>
    <RigidSystem>
      <Rigid refID="2" transformation="-0.89493435621261597,0,-0.44619777798652649,-0.44619777798652649,0,0.89493435621261597,0,1,0,1.1399999856948853,0.74000000953674316,-0.10000000149011612" boneRefs="2"/>
    </RigidSystem>
    <RigidSystem>
      <Rigid refID="3" transformation="-0.90724700689315796,-0.070816017687320709,-0.41459366679191589,-0.40273153781890869,0.43051162362098694,0.80775469541549683,0.12128530442714691,0.89980298280715942,-0.41909980773925781,0.76450902223587036,0.80407309532165527,-0.19844020903110504" boneRefs="3"/>
    </RigidSystem>
    <RigidSystem>
      <Rigid refID="4" transformation="0.88830685615539551,-0.45923829078674316,-0.0033398238010704517,0.44889014959335327,0.86670851707458496,0.21751780807971954,-0.096997864544391632,-0.1947217732667923,0.97605067491531372,-0.50059938430786133,0.61038386821746826,-0.72000002861022949" boneRefs="4"/>
    </RigidSystem>
    <RigidSystem>
      <Rigid refID="5" transformation="0.075009137392044067,-0.082911431789398193,-0.99373006820678711,-0.99708259105682373,0.0078981006518006325,-0.075921103358268738,0.014143252745270729,0.99652570486068726,-0.082077056169509888,-0.28289046883583069,1.6576623916625977,0.73889702558517456" boneRefs="5"/>
    </RigidSystem>
  </RigidSystems>
  <GroupSystems>
    <GroupSystem>
    </GroupSystem>
  </GroupSystems>
</LXFML>
