<?xml version="1.0" encoding="UTF-8" standalone="no" ?>
<LXFML versionMajor="5" versionMinor="0">
  <Meta>
    <Application name="LEGO Universe" versionMajor="0" versionMinor="0"/>
    <Brand name="LEGOUniverse"/>
    <BrickSet version="330"/>
  </Meta>
  <Bricks>
    <Brick refID="0" designID="4274">
      <Part refID="0" designID="4274" materials="194">
        <Bone refID="0" transformation="-1,0,0,0,0,-1,0,-1,0,-0.39999943971633911,4.5961140131112188E-005,0.17999267578125">
        </Bone>
      </Part>
    </Brick>
    <Brick refID="1" designID="3070">
      <Part refID="1" designID="3070" materials="199,0" decoration="0">
        <Bone refID="1" transformation="-1,0,0,0,1,0,0,0,-1,-0.39999943971633911,1.1200460195541382,0.17999267578125">
        </Bone>
      </Part>
    </Brick>
    <Brick refID="2" designID="3623">
      <Part refID="2" designID="3623" materials="199">
        <Bone refID="2" transformation="-1,0,0,0,1,0,0,0,-1,0.39999967813491821,0.80004608631134033,0.17999267578125">
        </Bone>
      </Part>
    </Brick>
    <Brick refID="3" designID="3024">
      <Part refID="3" designID="3024" materials="199">
        <Bone refID="3" transformation="-1,0,0,0,1,0,0,0,-1,-0.40000730752944946,0.48004600405693054,-1.4200067520141602">
        </Bone>
      </Part>
    </Brick>
    <Brick refID="4" designID="3021">
      <Part refID="4" designID="3021" materials="199">
        <Bone refID="4" transformation="-1,0,0,0,1,0,0,0,-1,0.3999902606010437,0.80004608631134033,-1.4200066328048706">
        </Bone>
      </Part>
    </Brick>
    <Brick refID="5" designID="3024">
      <Part refID="5" designID="3024" materials="199">
        <Bone refID="5" transformation="-1,0,0,0,1,0,0,0,-1,-0.40001183748245239,1.1200461387634277,-0.62000733613967896">
        </Bone>
      </Part>
    </Brick>
    <Brick refID="6" designID="63864">
      <Part refID="6" designID="63864" materials="199">
        <Bone refID="6" transformation="0,0,-1,0,0.99999994039535522,0,1,0,0,-1.2000129222869873,1.1200461387634277,0.17999202013015747">
        </Bone>
      </Part>
    </Brick>
    <Brick refID="7" designID="63864">
      <Part refID="7" designID="63864" materials="199">
        <Bone refID="7" transformation="0,0,-1,0,0.99999994039535522,0,1,0,0,0.39999029040336609,1.1200461387634277,0.17999190092086792">
        </Bone>
      </Part>
    </Brick>
    <Brick refID="8" designID="3070">
      <Part refID="8" designID="3070" materials="199,0" decoration="0">
        <Bone refID="8" transformation="-1,0,0,0,1,0,0,0,-1,-0.40001088380813599,1.1200461387634277,-1.4200066328048706">
        </Bone>
      </Part>
    </Brick>
    <Brick refID="9" designID="3024">
      <Part refID="9" designID="3024" materials="199">
        <Bone refID="9" transformation="-0.9400818943977356,0,0.34094884991645813,0.34094884991645813,0,0.94008195400238037,0,1.0000001192092896,0,-0.7000463604927063,1.8400465250015259,-1.4472798109054565">
        </Bone>
      </Part>
    </Brick>
    <Brick refID="10" designID="4070">
      <Part refID="10" designID="4070" materials="199">
        <Bone refID="10" transformation="-0.9400818943977356,0,0.34094884991645813,0.34094884991645813,0,0.94008195400238037,0,1.0000001192092896,0,-0.59094220399856567,1.8400465250015259,-1.1464534997940063">
        </Bone>
      </Part>
    </Brick>
    <Brick refID="11" designID="50746">
      <Part refID="11" designID="50746" materials="199">
        <Bone refID="11" transformation="-0.9400818943977356,0,0.34094884991645813,0.34094884991645813,0,0.94008195400238037,0,1.0000001192092896,0,-0.26363164186477661,1.8400464057922363,-0.24397456645965576">
        </Bone>
      </Part>
    </Brick>
    <Brick refID="12" designID="2555">
      <Part refID="12" designID="2555" materials="199">
        <Bone refID="12" transformation="0.34094855189323425,0,0.94008195400238037,0,1,0,-0.94008195400238037,0,0.34094855189323425,-0.40001183748245239,2.0919082164764404,-0.62000828981399536">
        </Bone>
      </Part>
    </Brick>
    <Brick refID="13" designID="32124">
      <Part refID="13" designID="32124" materials="26">
        <Bone refID="13" transformation="0,0,1.0000001192092896,1.0000001192092896,0,0,0,1.0000001192092896,0,0.64000338315963745,0.40000522136688232,-2.2200040817260742">
        </Bone>
      </Part>
    </Brick>
    <Brick refID="14" designID="32124">
      <Part refID="14" designID="32124" materials="26">
        <Bone refID="14" transformation="0,0,1.0000001192092896,1.0000001192092896,0,0,0,1.0000001192092896,0,0.32000380754470825,0.40000525116920471,-2.220003604888916">
        </Bone>
      </Part>
    </Brick>
    <Brick refID="15" designID="32124">
      <Part refID="15" designID="32124" materials="26">
        <Bone refID="15" transformation="0,0,1.0000001192092896,1.0000001192092896,0,0,0,1.0000001192092896,0,0,0.40000522136688232,-2.220003604888916">
        </Bone>
      </Part>
    </Brick>
    <Brick refID="16" designID="6536">
      <Part refID="16" designID="6536" materials="199">
        <Bone refID="16" transformation="0,0,1,0,0.99999994039535522,0,-1,0,0,-0.80000001192092896,0.40000498294830322,-0.62000519037246704">
        </Bone>
      </Part>
    </Brick>
    <Brick refID="17" designID="4519">
      <Part refID="17" designID="4519" materials="26">
        <Bone refID="17" transformation="0,0,1,0,0.99999994039535522,0,-1,0,0,-1.5999982357025146,0.40000495314598083,-0.62000524997711182">
        </Bone>
      </Part>
    </Brick>
    <Brick refID="18" designID="32124">
      <Part refID="18" designID="32124" materials="26">
        <Bone refID="18" transformation="0,0,-1.0000001192092896,-1.0000001192092896,0,0,0,1.0000001192092896,0,-0.80000001192092896,0.40000495314598083,0.97999340295791626">
        </Bone>
      </Part>
    </Brick>
    <Brick refID="19" designID="32124">
      <Part refID="19" designID="32124" materials="26">
        <Bone refID="19" transformation="0,0,-1.0000001192092896,-1.0000001192092896,0,0,0,1.0000001192092896,0,-1.119997501373291,0.40000492334365845,0.97999328374862671">
        </Bone>
      </Part>
    </Brick>
    <Brick refID="20" designID="32124">
      <Part refID="20" designID="32124" materials="26">
        <Bone refID="20" transformation="0,0,-1.0000001192092896,-1.0000001192092896,0,0,0,1.0000001192092896,0,-1.4399971961975098,0.40000492334365845,0.97999328374862671">
        </Bone>
      </Part>
    </Brick>
    <Brick refID="21" designID="6190">
      <Part refID="21" designID="6190" materials="194">
        <Bone refID="21" transformation="0.94008201360702515,0,-0.34094893932342529,-0.30015271902084351,-0.47433352470397949,-0.82759660482406616,-0.16172358393669128,0.88034528493881226,-0.44591230154037476,-1.0318906307220459,2.849642276763916,-0.016255378723144531">
        </Bone>
      </Part>
    </Brick>
    <Brick refID="22" designID="4740">
      <Part refID="22" designID="4740" materials="194">
        <Bone refID="22" transformation="0.94008207321166992,0,-0.3409486711025238,-0.30015242099761963,-0.47433376312255859,-0.82759654521942139,-0.16172359883785248,0.88034504652023315,-0.44591256976127625,0.56828761100769043,3.0014290809631348,-0.29694300889968872">
        </Bone>
      </Part>
    </Brick>
    <Brick refID="23" designID="4740">
      <Part refID="23" designID="4740" materials="194">
        <Bone refID="23" transformation="0.94008207321166992,0,-0.3409486711025238,-0.30015242099761963,-0.47433376312255859,-0.82759654521942139,-0.16172359883785248,0.88034504652023315,-0.44591256976127625,-0.93584191799163818,3.0014290809631348,0.24857503175735474">
        </Bone>
      </Part>
    </Brick>
    <Brick refID="24" designID="6126">
      <Part refID="24" designID="6126" materials="126">
        <Bone refID="24" transformation="0.16172342002391815,-0.88034528493881226,0.44591239094734192,0.30015262961387634,0.47433358430862427,0.82759666442871094,-0.94008195400238037,0,0.34094879031181335,0.49084967374801636,2.8790509700775146,-0.51046276092529297">
        </Bone>
      </Part>
    </Brick>
    <Brick refID="25" designID="6126">
      <Part refID="25" designID="6126" materials="126">
        <Bone refID="25" transformation="-0.16172328591346741,0.88034552335739136,-0.44591224193572998,0.30015289783477783,0.47433358430862427,0.82759678363800049,0.94008201360702515,0,-0.34094884991645813,-1.0132806301116943,2.8790512084960938,0.035056114196777344">
        </Bone>
      </Part>
    </Brick>
  </Bricks>
  <RigidSystems>
    <RigidSystem>
      <Rigid refID="0" transformation="-1,0,0,0,0,-1,0,-1,0,-0.39999943971633911,4.5984983444213867E-005,0.97999268770217896" boneRefs="0"/>
      <Rigid refID="1" transformation="-1,0,0,0,1,0,0,0,-1,-0.39999943971633911,1.1200460195541382,0.97999268770217896" boneRefs="1,2,3,4,5,6,7,8,9,10,11,12"/>
      <Rigid refID="2" transformation="0,0,1.0000001192092896,1.0000001192092896,0,0,0,1.0000001192092896,0,0.64000338315963745,0.40000525116920471,-1.42000412940979" boneRefs="13,14,15,16,17,18,19,20"/>
      <Rigid refID="3" transformation="0.94008201360702515,0,-0.34094893932342529,-0.30015271902084351,-0.47433352470397949,-0.82759660482406616,-0.16172358393669128,0.88034528493881226,-0.44591230154037476,-1.0318906307220459,2.849642276763916,0.78374463319778442" boneRefs="21,22,23"/>
      <Rigid refID="4" transformation="0.16172342002391815,-0.88034528493881226,0.44591239094734192,0.30015262961387634,0.47433358430862427,0.82759666442871094,-0.94008195400238037,0,0.34094879031181335,0.49084967374801636,2.8790509700775146,0.28953725099563599" boneRefs="24"/>
      <Rigid refID="5" transformation="-0.16172328591346741,0.88034552335739136,-0.44591224193572998,0.30015289783477783,0.47433358430862427,0.82759678363800049,0.94008201360702515,0,-0.34094884991645813,-1.0132806301116943,2.8790512084960938,0.8350561261177063" boneRefs="25"/>
      <Joint type="hinge">
        <RigidRef rigidRef="1" a="0,1,0" z="0,0,1" t="0,-0.31999993324279785,0"/>
        <RigidRef rigidRef="0" a="0,0,-1" z="0,1,0" t="0,0,-0.80000001192092896"/>
      </Joint>
      <Joint type="hinge">
        <RigidRef rigidRef="2" a="0,0,1" z="1,0,0" t="2.399998664855957,-1.0400034189224243,0.40004062652587891"/>
        <RigidRef rigidRef="0" a="0,0,-1" z="0,-1,0" t="0,0,-0.80000001192092896"/>
      </Joint>
      <Joint type="hinge">
        <RigidRef rigidRef="3" a="-1,0,0" z="0,0,1" t="0.39986500144004822,0.40000000596046448,0"/>
        <RigidRef rigidRef="1" a="0.9400818943977356,0,-0.34094876050949097" z="0.16172352433204651,0.88034522533416748,0.44591230154037476" t="0.37604632973670959,1.5398627519607544,0.66362029314041138"/>
      </Joint>
      <Joint type="hinge">
        <RigidRef rigidRef="4" a="0,-1,0" z="1,0,0" t="0,0,0"/>
        <RigidRef rigidRef="3" a="0,1,0" z="0,0,-1" t="1.5999996662139893,-0.061999797821044922,0"/>
      </Joint>
      <Joint type="hinge">
        <RigidRef rigidRef="5" a="0,-1,0" z="1,0,0" t="0,0,0"/>
        <RigidRef rigidRef="3" a="0,1,0" z="0,0,1" t="0,-0.06200072169303894,0"/>
      </Joint>
    </RigidSystem>
  </RigidSystems>
  <GroupSystems>
    <GroupSystem>
    </GroupSystem>
  </GroupSystems>
</LXFML>
