<?xml version="1.0" encoding="UTF-8" standalone="no" ?>
<LXFML versionMajor="5" versionMinor="0">
  <Meta>
    <Application name="LEGO Universe" versionMajor="0" versionMinor="0"/>
    <Brand name="LEGOUniverse"/>
    <BrickSet version="238"/>
  </Meta>
  <Bricks>
    <Brick refID="0" designID="44567">
      <Part refID="0" designID="44567" materials="26">
        <Bone refID="0" transformation="-1,0,0,0,0.37520864605903625,-0.92694038152694702,0,-0.92694038152694702,-0.37520867586135864,0.24170207977294922,4.6030082702636719,0.37298166751861572">
        </Bone>
      </Part>
    </Brick>
    <Brick refID="1" designID="3022">
      <Part refID="1" designID="3022" materials="192">
        <Bone refID="1" transformation="-1,0,0,0,0.37520903348922729,-0.92694050073623657,0,-0.92694050073623657,-0.37520867586135864,0.24170207977294922,4.482940673828125,0.66960090398788452">
        </Bone>
      </Part>
    </Brick>
    <Brick refID="2" designID="3023">
      <Part refID="2" designID="3023" materials="26">
        <Bone refID="2" transformation="-1,0,0,0,0.37520903348922729,-0.92694050073623657,0,-0.92694050073623657,-0.37520867586135864,0.24170207977294922,5.3445620536804199,0.67314857244491577">
        </Bone>
      </Part>
    </Brick>
    <Brick refID="3" designID="4207">
      <Part refID="3" designID="4207" materials="192">
        <Bone refID="3" transformation="0,0.92694038152694702,0.37520861625671387,0,0.37520873546600342,-0.92694050073623657,-1.0000001192092896,0,0,-0.55829715728759766,1.1353766918182373,-1.7210965156555176">
        </Bone>
      </Part>
    </Brick>
    <Brick refID="4" designID="3022">
      <Part refID="4" designID="3022" materials="192">
        <Bone refID="4" transformation="-1,0,0,0,0.37520882487297058,-0.9269404411315918,0,-0.92694026231765747,-0.37520879507064819,0.24170348048210144,4.7230749130249023,0.076359294354915619">
        </Bone>
      </Part>
    </Brick>
    <Brick refID="5" designID="60471">
      <Part refID="5" designID="60471" materials="26">
        <Bone refID="5" transformation="1,0,0,0,-0.39013358950614929,-0.92075824737548828,0,0.92075824737548828,-0.39013358950614929,-0.55830192565917969,3.3146562576293945,0.38309252262115479">
        </Bone>
      </Part>
    </Brick>
    <Brick refID="6" designID="3068">
      <Part refID="6" designID="3068" materials="192,0" decoration="0">
        <Bone refID="6" transformation="-1,0,0,0,-0.39013323187828064,-0.92075866460800171,0,-0.92075872421264648,0.39013335108757019,0.24169892072677612,2.4532077312469482,0.40055534243583679">
        </Bone>
      </Part>
    </Brick>
    <Brick refID="7" designID="3023">
      <Part refID="7" designID="3023" materials="26">
        <Bone refID="7" transformation="-1,0,0,0,-0.39013323187828064,-0.92075866460800171,0,-0.92075872421264648,0.39013335108757019,0.24169796705245972,2.5780503749847412,0.69519978761672974">
        </Bone>
      </Part>
    </Brick>
    <Brick refID="8" designID="6636">
      <Part refID="8" designID="6636" materials="192,0" decoration="0">
        <Bone refID="8" transformation="0,0.92075848579406738,-0.39013364911079407,-1,0,0,0,0.39013364911079407,0.92075860500335693,-1.1166032552719116,0.52435684204101563,1.9999943971633911">
        </Bone>
      </Part>
    </Brick>
    <Brick refID="9" designID="2436">
      <Part refID="9" designID="2436" materials="26">
        <Bone refID="9" transformation="0,0.92075800895690918,-0.3901345431804657,0,-0.39013451337814331,-0.92075812816619873,-1.0000001192092896,0,0,-0.55830127000808716,2.7028937339782715,0.98984223604202271">
        </Bone>
      </Part>
    </Brick>
    <Brick refID="10" designID="3022">
      <Part refID="10" designID="3022" materials="192">
        <Bone refID="10" transformation="-1,0,0,0,-0.39013326168060303,-0.92075830698013306,0,-0.92075830698013306,0.39013341069221497,0.24169790744781494,2.8277366161346436,1.2844847440719604">
        </Bone>
      </Part>
    </Brick>
    <Brick refID="11" designID="6636">
      <Part refID="11" designID="6636" materials="192,0" decoration="0">
        <Bone refID="11" transformation="0,0.92075878381729126,-0.39013221859931946,1,0,0,0,-0.39013221859931946,-0.92075878381729126,0.79999887943267822,0.5243569016456604,1.9999951124191284">
        </Bone>
      </Part>
    </Brick>
    <Brick refID="12" designID="2436">
      <Part refID="12" designID="2436" materials="26">
        <Bone refID="12" transformation="0,-0.92075812816619873,0.3901340663433075,0,-0.39013394713401794,-0.92075800895690918,1.0000001192092896,0,0,0.24169981479644775,3.4395003318786621,0.67773598432540894">
        </Bone>
      </Part>
    </Brick>
  </Bricks>
  <RigidSystems>
    <RigidSystem>
      <Rigid refID="0" transformation="-1,0,0,0,0.37520864605903625,-0.92694038152694702,0,-0.92694038152694702,-0.37520867586135864,0.24170207977294922,4.6030077934265137,0.37298166751861572" boneRefs="0,1,2,3,4"/>
      <Rigid refID="1" transformation="1,0,0,0,-0.39013358950614929,-0.92075824737548828,0,0.92075824737548828,-0.39013358950614929,-0.55830192565917969,3.3146560192108154,0.38309252262115479" boneRefs="5,6,7,8,9,10,11,12"/>
      <Joint type="hinge">
        <RigidRef rigidRef="1" a="-1,0,0" z="0,0,1" t="0.40000000596046448,0.24799999594688416,0.80000001192092896"/>
        <RigidRef rigidRef="0" a="1,0,0" z="0,0,-1" t="0.40000000596046448,0.24799999594688416,0.80000001192092896"/>
      </Joint>
    </RigidSystem>
  </RigidSystems>
  <GroupSystems>
    <GroupSystem>
    </GroupSystem>
  </GroupSystems>
</LXFML>
