<?xml version="1.0" encoding="UTF-8" standalone="no" ?>
<LXFML versionMajor="5" versionMinor="0">
  <Meta>
    <Application name="CCOP" versionMajor="0" versionMinor="0"/>
    <Brand name="LEGOUniverse"/>
    <BrickSet version="215"/>
  </Meta>
  <Bricks>
    <Brick refID="0" designID="4460">
      <Part refID="0" designID="4460" materials="199">
        <Bone refID="0" transformation="1,0,0,0,1,0,0,0,1,-1.1999953985214233,0.32000130414962769,1.9999984502792358">
        </Bone>
      </Part>
    </Brick>
    <Brick refID="1" designID="3024">
      <Part refID="1" designID="3024" materials="199">
        <Bone refID="1" transformation="1,0,0,0,1,0,0,0,1,-1.1999953985214233,0,2.7999978065490723">
        </Bone>
      </Part>
    </Brick>
    <Brick refID="2" designID="30249">
      <Part refID="2" designID="30249" materials="199">
        <Bone refID="2" transformation="1,0,0,0,1,0,0,0,1,4.4000105857849121,0.32000088691711426,0.40000379085540771">
        </Bone>
      </Part>
    </Brick>
    <Brick refID="3" designID="3710">
      <Part refID="3" designID="3710" materials="199">
        <Bone refID="3" transformation="0,0,1,0,0.99999994039535522,0,-1,0,0,4.4000105857849121,0,2.000002384185791">
        </Bone>
      </Part>
    </Brick>
    <Brick refID="4" designID="2420">
      <Part refID="4" designID="2420" materials="199">
        <Bone refID="4" transformation="0,0,1,0,0.99999994039535522,0,-1,0,0,4.4000105857849121,0,0.39999997615814209">
        </Bone>
      </Part>
    </Brick>
    <Brick refID="5" designID="3710">
      <Part refID="5" designID="3710" materials="199">
        <Bone refID="5" transformation="-1,0,0,0,1,0,0,0,-1,2.8000121116638184,8.0000019073486328,1.199999213218689">
        </Bone>
      </Part>
    </Brick>
    <Brick refID="6" designID="30414">
      <Part refID="6" designID="30414" materials="199">
        <Bone refID="6" transformation="1,0,0,0,1,0,0,0,1,0.40001833438873291,7.0400018692016602,1.199999213218689">
        </Bone>
      </Part>
    </Brick>
    <Brick refID="7" designID="3710">
      <Part refID="7" designID="3710" materials="199">
        <Bone refID="7" transformation="1,0,0,0,1,0,0,0,1,0.40001833438873291,6.7200021743774414,1.199999213218689">
        </Bone>
      </Part>
    </Brick>
    <Brick refID="8" designID="3710">
      <Part refID="8" designID="3710" materials="199">
        <Bone refID="8" transformation="1,0,0,0,1,0,0,0,1,0.40001833438873291,6.4000015258789062,1.199999213218689">
        </Bone>
      </Part>
    </Brick>
    <Brick refID="9" designID="4151">
      <Part refID="9" designID="4151" materials="199">
        <Bone refID="9" transformation="0,0,1,0,0.99999994039535522,0,-1,0,0,-1.1999877691268921,6.0800013542175293,-4.3999996185302734">
        </Bone>
      </Part>
    </Brick>
    <Brick refID="10" designID="4287">
      <Part refID="10" designID="4287" materials="199">
        <Bone refID="10" transformation="-1,0,0,0,1,0,0,0,-1,4.4000182151794434,5.1200013160705566,0.39999628067016602">
        </Bone>
      </Part>
    </Brick>
    <Brick refID="11" designID="2357">
      <Part refID="11" designID="2357" materials="199">
        <Bone refID="11" transformation="0,0,1,0,1,0,-1,0,0,4.4000182151794434,6.4000015258789062,0.39999628067016602">
        </Bone>
      </Part>
    </Brick>
    <Brick refID="12" designID="2357">
      <Part refID="12" designID="2357" materials="199">
        <Bone refID="12" transformation="0,0,1,0,1,0,-1,0,0,4.400022029876709,7.3600015640258789,0.39999628067016602">
        </Bone>
      </Part>
    </Brick>
    <Brick refID="13" designID="3004">
      <Part refID="13" designID="3004" materials="199,0,0,0" decoration="0,0,0">
        <Bone refID="13" transformation="0,0,1,0,0.99999994039535522,0,-1,0,0,4.400022029876709,8.3200016021728516,0.39999628067016602">
        </Bone>
      </Part>
    </Brick>
    <Brick refID="14" designID="3040">
      <Part refID="14" designID="3040" materials="199">
        <Bone refID="14" transformation="1,0,0,0,1,0,0,0,1,4.4000258445739746,9.2800006866455078,0.39999628067016602">
        </Bone>
      </Part>
    </Brick>
    <Brick refID="15" designID="3710">
      <Part refID="15" designID="3710" materials="199">
        <Bone refID="15" transformation="0,0,1,0,0.99999994039535522,0,-1,0,0,-1.1999877691268921,6.400001049041748,-2.8000009059906006">
        </Bone>
      </Part>
    </Brick>
    <Brick refID="16" designID="3710">
      <Part refID="16" designID="3710" materials="199">
        <Bone refID="16" transformation="0,0,1,0,0.99999994039535522,0,-1,0,0,-1.1999877691268921,6.7200016975402832,-2.8000009059906006">
        </Bone>
      </Part>
    </Brick>
    <Brick refID="17" designID="30414">
      <Part refID="17" designID="30414" materials="199">
        <Bone refID="17" transformation="0,0,1,0,0.99999994039535522,0,-1,0,0,-1.1999877691268921,7.040001392364502,-2.8000009059906006">
        </Bone>
      </Part>
    </Brick>
    <Brick refID="18" designID="6180">
      <Part refID="18" designID="6180" materials="194,0" decoration="0">
        <Bone refID="18" transformation="0,0,1.0000001192092896,-1.0000001192092896,0,0,0,-1.0000001192092896,0,-1.5999892950057983,6.8000016212463379,-3.5999999046325684">
        </Bone>
      </Part>
    </Brick>
    <Brick refID="19" designID="3710">
      <Part refID="19" designID="3710" materials="199">
        <Bone refID="19" transformation="0,0,1,0,0.99999994039535522,0,-1,0,0,-1.1999877691268921,8.0000009536743164,-2.8000009059906006">
        </Bone>
      </Part>
    </Brick>
    <Brick refID="20" designID="2357">
      <Part refID="20" designID="2357" materials="199">
        <Bone refID="20" transformation="0,0,-1,0,1,0,1,0,0,-1.1999877691268921,6.4000020027160645,-3.6000003814697266">
        </Bone>
      </Part>
    </Brick>
    <Brick refID="21" designID="2357">
      <Part refID="21" designID="2357" materials="199">
        <Bone refID="21" transformation="0,0,-1,0,1,0,1,0,0,-1.1999877691268921,7.3600020408630371,-3.6000003814697266">
        </Bone>
      </Part>
    </Brick>
    <Brick refID="22" designID="3005">
      <Part refID="22" designID="3005" materials="199,0" decoration="0">
        <Bone refID="22" transformation="0,0,1,0,0.99999994039535522,0,-1,0,0,-0.39998471736907959,8.3200016021728516,-4.3999991416931152">
        </Bone>
      </Part>
    </Brick>
    <Brick refID="23" designID="3040">
      <Part refID="23" designID="3040" materials="199">
        <Bone refID="23" transformation="0,0,1,0,0.99999994039535522,0,-1,0,0,-0.39998471736907959,9.2800006866455078,-4.3999991416931152">
        </Bone>
      </Part>
    </Brick>
    <Brick refID="24" designID="2357">
      <Part refID="24" designID="2357" materials="199">
        <Bone refID="24" transformation="-1,0,0,0,1,0,0,0,-1,-0.39998471736907959,6.4000020027160645,1.199999213218689">
        </Bone>
      </Part>
    </Brick>
    <Brick refID="25" designID="2357">
      <Part refID="25" designID="2357" materials="199">
        <Bone refID="25" transformation="-1,0,0,0,1,0,0,0,-1,-0.39998471736907959,7.3600020408630371,1.199999213218689">
        </Bone>
      </Part>
    </Brick>
    <Brick refID="26" designID="3009">
      <Part refID="26" designID="3009" materials="199">
        <Bone refID="26" transformation="0,0,1,0,0.99999994039535522,0,-1,0,0,-1.1999877691268921,5.1200013160705566,-4.3999996185302734">
        </Bone>
      </Part>
    </Brick>
    <Brick refID="27" designID="3666">
      <Part refID="27" designID="3666" materials="199">
        <Bone refID="27" transformation="0,0,1,0,0.99999994039535522,0,-1,0,0,-1.1999801397323608,4.8000006675720215,-3.6000003814697266">
        </Bone>
      </Part>
    </Brick>
    <Brick refID="28" designID="30414">
      <Part refID="28" designID="30414" materials="199">
        <Bone refID="28" transformation="0,0,1,0,0.99999994039535522,0,-1,0,0,-1.1999801397323608,3.8400001525878906,-2.8000009059906006">
        </Bone>
      </Part>
    </Brick>
    <Brick refID="29" designID="6180">
      <Part refID="29" designID="6180" materials="194,0" decoration="0">
        <Bone refID="29" transformation="0,0,1.0000001192092896,-1.0000001192092896,0,0,0,-1.0000001192092896,0,-1.5999740362167358,3.6000003814697266,-3.5999999046325684">
        </Bone>
      </Part>
    </Brick>
    <Brick refID="30" designID="3666">
      <Part refID="30" designID="3666" materials="199">
        <Bone refID="30" transformation="0,0,1,0,0.99999994039535522,0,-1,0,0,-1.1999801397323608,3.5200009346008301,-3.6000003814697266">
        </Bone>
      </Part>
    </Brick>
    <Brick refID="31" designID="3009">
      <Part refID="31" designID="3009" materials="199">
        <Bone refID="31" transformation="0,0,1,0,0.99999994039535522,0,-1,0,0,-1.1999801397323608,2.5600008964538574,-3.6000003814697266">
        </Bone>
      </Part>
    </Brick>
    <Brick refID="32" designID="3009">
      <Part refID="32" designID="3009" materials="199">
        <Bone refID="32" transformation="0,0,1,0,0.99999994039535522,0,-1,0,0,-1.1999801397323608,1.600000262260437,-3.6000003814697266">
        </Bone>
      </Part>
    </Brick>
    <Brick refID="33" designID="30414">
      <Part refID="33" designID="30414" materials="199">
        <Bone refID="33" transformation="0,0,1,0,0.99999994039535522,0,-1,0,0,-1.1999801397323608,0.64000070095062256,-2.8000009059906006">
        </Bone>
      </Part>
    </Brick>
    <Brick refID="34" designID="6180">
      <Part refID="34" designID="6180" materials="194,0" decoration="0">
        <Bone refID="34" transformation="0,0,-1.0000001192092896,-1.0000001192092896,0,0,0,1.0000001192092896,0,-1.5999740362167358,2.8000006675720215,0.39999997615814209">
        </Bone>
      </Part>
    </Brick>
    <Brick refID="35" designID="3666">
      <Part refID="35" designID="3666" materials="199">
        <Bone refID="35" transformation="0,0,1,0,0.99999994039535522,0,-1,0,0,-1.1999801397323608,0.3200000524520874,-3.6000003814697266">
        </Bone>
      </Part>
    </Brick>
    <Brick refID="36" designID="3710">
      <Part refID="36" designID="3710" materials="199">
        <Bone refID="36" transformation="0,0,1,0,0.99999994039535522,0,-1,0,0,-1.1999801397323608,0,-2.8000009059906006">
        </Bone>
      </Part>
    </Brick>
    <Brick refID="37" designID="3005">
      <Part refID="37" designID="3005" materials="199,0" decoration="0">
        <Bone refID="37" transformation="1,0,0,0,1,0,0,0,1,-1.1999877691268921,5.1200013160705566,0.39999997615814209">
        </Bone>
      </Part>
    </Brick>
    <Brick refID="38" designID="4287">
      <Part refID="38" designID="4287" materials="199">
        <Bone refID="38" transformation="0,0,-1,0,0.99999994039535522,0,1,0,0,-0.39998471736907959,5.1200013160705566,-4.3999991416931152">
        </Bone>
      </Part>
    </Brick>
    <Brick refID="39" designID="3009">
      <Part refID="39" designID="3009" materials="199">
        <Bone refID="39" transformation="1,0,0,0,1,0,0,0,1,0.40001833438873291,5.1200013160705566,1.199999213218689">
        </Bone>
      </Part>
    </Brick>
    <Brick refID="40" designID="3666">
      <Part refID="40" designID="3666" materials="199">
        <Bone refID="40" transformation="1,0,0,0,1,0,0,0,1,-0.39998471736907959,4.8000006675720215,1.199999213218689">
        </Bone>
      </Part>
    </Brick>
    <Brick refID="41" designID="30414">
      <Part refID="41" designID="30414" materials="199">
        <Bone refID="41" transformation="1,0,0,0,1,0,0,0,1,0.40001070499420166,3.8400006294250488,1.199999213218689">
        </Bone>
      </Part>
    </Brick>
    <Brick refID="42" designID="6180">
      <Part refID="42" designID="6180" materials="194,0" decoration="0">
        <Bone refID="42" transformation="0.99999994039535522,0,0,0,0,1,0,-1,0,-0.39998471736907959,3.6000008583068848,1.6000007390975952">
        </Bone>
      </Part>
    </Brick>
    <Brick refID="43" designID="3666">
      <Part refID="43" designID="3666" materials="199">
        <Bone refID="43" transformation="1,0,0,0,1,0,0,0,1,-0.39998471736907959,3.5200009346008301,1.199999213218689">
        </Bone>
      </Part>
    </Brick>
    <Brick refID="44" designID="3009">
      <Part refID="44" designID="3009" materials="199">
        <Bone refID="44" transformation="1,0,0,0,1,0,0,0,1,-0.39998471736907959,2.5600008964538574,1.199999213218689">
        </Bone>
      </Part>
    </Brick>
    <Brick refID="45" designID="3009">
      <Part refID="45" designID="3009" materials="199">
        <Bone refID="45" transformation="1,0,0,0,1,0,0,0,1,-0.39998471736907959,1.6000007390975952,1.199999213218689">
        </Bone>
      </Part>
    </Brick>
    <Brick refID="46" designID="30414">
      <Part refID="46" designID="30414" materials="199">
        <Bone refID="46" transformation="1,0,0,0,1,0,0,0,1,0.40001070499420166,0.64000070095062256,1.199999213218689">
        </Bone>
      </Part>
    </Brick>
    <Brick refID="47" designID="3666">
      <Part refID="47" designID="3666" materials="199">
        <Bone refID="47" transformation="1,0,0,0,1,0,0,0,1,-0.39998471736907959,0.3200000524520874,1.199999213218689">
        </Bone>
      </Part>
    </Brick>
    <Brick refID="48" designID="3710">
      <Part refID="48" designID="3710" materials="199">
        <Bone refID="48" transformation="-1,0,0,0,1,0,0,0,-1,2.8000121116638184,0,1.1999953985214233">
        </Bone>
      </Part>
    </Brick>
    <Brick refID="49" designID="6180">
      <Part refID="49" designID="6180" materials="194,0" decoration="0">
        <Bone refID="49" transformation="-1,0,0,0,0,1.0000001192092896,0,1.0000001192092896,0,3.6000151634216309,2.8000006675720215,1.6000007390975952">
        </Bone>
      </Part>
    </Brick>
    <Brick refID="50" designID="3005">
      <Part refID="50" designID="3005" materials="199,0" decoration="0">
        <Bone refID="50" transformation="1,0,0,0,1,0,0,0,1,-0.39998471736907959,5.1200008392333984,1.199999213218689">
        </Bone>
      </Part>
    </Brick>
    <Brick refID="51" designID="6180">
      <Part refID="51" designID="6180" materials="194,0" decoration="0">
        <Bone refID="51" transformation="0.99999994039535522,0,0,0,0,1,0,-1,0,-0.39998471736907959,6.8000016212463379,1.6000007390975952">
        </Bone>
      </Part>
    </Brick>
    <Brick refID="52" designID="3009">
      <Part refID="52" designID="3009" materials="199">
        <Bone refID="52" transformation="1,0,0,0,1,0,0,0,1,-0.39997708797454834,8.3200016021728516,1.1999953985214233">
        </Bone>
      </Part>
    </Brick>
    <Brick refID="53" designID="3666">
      <Part refID="53" designID="3666" materials="199">
        <Bone refID="53" transformation="1,0,0,0,1,0,0,0,1,-0.39997708797454834,9.2800006866455078,1.199999213218689">
        </Bone>
      </Part>
    </Brick>
    <Brick refID="54" designID="6583">
      <Part refID="54" designID="6583" materials="194">
        <Bone refID="54" transformation="-1,0,0,0,1,0,0,0,-1,3.6000227928161621,9.6000003814697266,1.1999915838241577">
        </Bone>
      </Part>
    </Brick>
    <Brick refID="55" designID="74340">
      <Part refID="55" designID="3680" materials="199">
        <Bone refID="55" transformation="1,0,0,0,1,0,0,0,1,-1.1999801397323608,11.520001411437988,1.199999213218689">
        </Bone>
      </Part>
      <Part refID="56" designID="3679" materials="199">
        <Bone refID="56" transformation="-0.7071070671081543,0,0.70710670948028564,0,1,0,-0.70710664987564087,0,-0.70710700750350952,-0.80000174045562744,11.840001106262207,0.23424935340881348">
        </Bone>
      </Part>
    </Brick>
    <Brick refID="56" designID="3676">
      <Part refID="57" designID="3676" materials="199">
        <Bone refID="57" transformation="-1,0,0,0,1,0,0,0,-1,-1.1999877691268921,10.560001373291016,1.199999213218689">
        </Bone>
      </Part>
    </Brick>
    <Brick refID="57" designID="3005">
      <Part refID="58" designID="3005" materials="199,0" decoration="0">
        <Bone refID="58" transformation="1,0,0,0,1,0,0,0,1,-1.1999801397323608,9.600001335144043,1.199999213218689">
        </Bone>
      </Part>
    </Brick>
    <Brick refID="58" designID="3024">
      <Part refID="59" designID="3024" materials="199">
        <Bone refID="59" transformation="1,0,0,0,1,0,0,0,1,-1.1999801397323608,9.2800016403198242,1.199999213218689">
        </Bone>
      </Part>
    </Brick>
    <Brick refID="59" designID="3008">
      <Part refID="60" designID="3008" materials="199">
        <Bone refID="60" transformation="0,0,1,0,0.99999994039535522,0,-1,0,0,-1.1999801397323608,8.3200016021728516,-4.3999996185302734">
        </Bone>
      </Part>
    </Brick>
    <Brick refID="60" designID="3666">
      <Part refID="61" designID="3666" materials="199">
        <Bone refID="61" transformation="0,0,1,0,0.99999994039535522,0,-1,0,0,-1.1999877691268921,9.2800016403198242,-3.6000003814697266">
        </Bone>
      </Part>
    </Brick>
    <Brick refID="61" designID="6583">
      <Part refID="62" designID="6583" materials="194">
        <Bone refID="62" transformation="0,0,-1,0,0.99999994039535522,0,1,0,0,-1.1999801397323608,9.600001335144043,0.39999997615814209">
        </Bone>
      </Part>
    </Brick>
    <Brick refID="62" designID="87087">
      <Part refID="63" designID="87087" materials="199">
        <Bone refID="63" transformation="1,0,0,0,1,0,0,0,1,-0.39998471736907959,3.8400015830993652,1.199999213218689">
        </Bone>
      </Part>
    </Brick>
    <Brick refID="63" designID="87087">
      <Part refID="64" designID="87087" materials="199">
        <Bone refID="64" transformation="0,0,1,0,0.99999994039535522,0,-1,0,0,-1.1999877691268921,0.64000082015991211,0.39999997615814209">
        </Bone>
      </Part>
    </Brick>
    <Brick refID="64" designID="87087">
      <Part refID="65" designID="87087" materials="199">
        <Bone refID="65" transformation="0,0,1,0,0.99999994039535522,0,-1,0,0,-1.1999877691268921,3.8400006294250488,0.39999997615814209">
        </Bone>
      </Part>
    </Brick>
    <Brick refID="65" designID="87087">
      <Part refID="66" designID="87087" materials="199">
        <Bone refID="66" transformation="0,0,1,0,0.99999994039535522,0,-1,0,0,-1.1999877691268921,3.840001106262207,-3.600003719329834">
        </Bone>
      </Part>
    </Brick>
    <Brick refID="66" designID="87087">
      <Part refID="67" designID="87087" materials="199">
        <Bone refID="67" transformation="1,0,0,0,1,0,0,0,1,3.6000151634216309,3.840001106262207,1.199999213218689">
        </Bone>
      </Part>
    </Brick>
    <Brick refID="67" designID="87087">
      <Part refID="68" designID="87087" materials="199">
        <Bone refID="68" transformation="1,0,0,0,1,0,0,0,1,3.6000075340270996,0.64000105857849121,1.199999213218689">
        </Bone>
      </Part>
    </Brick>
    <Brick refID="68" designID="87087">
      <Part refID="69" designID="87087" materials="199">
        <Bone refID="69" transformation="1,0,0,0,1,0,0,0,1,-0.39998471736907959,0.64000105857849121,1.199999213218689">
        </Bone>
      </Part>
    </Brick>
    <Brick refID="69" designID="3710">
      <Part refID="70" designID="3710" materials="199">
        <Bone refID="70" transformation="-1,0,0,0,1,0,0,0,-1,-1.9999908208847046,0,-4.4000029563903809">
        </Bone>
      </Part>
    </Brick>
    <Brick refID="70" designID="30249">
      <Part refID="71" designID="30249" materials="199">
        <Bone refID="71" transformation="0,0,1,0,0.99999994039535522,0,-1,0,0,-0.39999234676361084,0.32000088691711426,-4.4000029563903809">
        </Bone>
      </Part>
    </Brick>
    <Brick refID="71" designID="2420">
      <Part refID="72" designID="2420" materials="199">
        <Bone refID="72" transformation="0,0,-1,0,0.99999994039535522,0,1,0,0,-1.1999877691268921,0,-3.600003719329834">
        </Bone>
      </Part>
    </Brick>
    <Brick refID="72" designID="87087">
      <Part refID="73" designID="87087" materials="199">
        <Bone refID="73" transformation="0,0,1,0,0.99999994039535522,0,-1,0,0,-1.1999877691268921,0.64000082015991211,-3.600003719329834">
        </Bone>
      </Part>
    </Brick>
    <Brick refID="73" designID="2420">
      <Part refID="74" designID="2420" materials="199">
        <Bone refID="74" transformation="-1,0,0,0,1,0,0,0,-1,-0.39999234676361084,0,1.199999213218689">
        </Bone>
      </Part>
    </Brick>
    <Brick refID="74" designID="3005">
      <Part refID="75" designID="3005" materials="199,0" decoration="0">
        <Bone refID="75" transformation="1,0,0,0,1,0,0,0,1,-1.1999877691268921,0.32000082731246948,1.1999953985214233">
        </Bone>
      </Part>
    </Brick>
    <Brick refID="75" designID="3005">
      <Part refID="76" designID="3005" materials="199,0" decoration="0">
        <Bone refID="76" transformation="1,0,0,0,1,0,0,0,1,-1.1999877691268921,1.2800012826919556,1.1999953985214233">
        </Bone>
      </Part>
    </Brick>
    <Brick refID="76" designID="3685">
      <Part refID="77" designID="3685" materials="199">
        <Bone refID="77" transformation="1,0,0,0,1,0,0,0,1,-1.1999877691268921,3.2000014781951904,1.1999953985214233">
        </Bone>
      </Part>
    </Brick>
    <Brick refID="77" designID="3005">
      <Part refID="78" designID="3005" materials="199,0" decoration="0">
        <Bone refID="78" transformation="1,0,0,0,1,0,0,0,1,-1.1999877691268921,2.2400014400482178,1.1999953985214233">
        </Bone>
      </Part>
    </Brick>
    <Brick refID="78" designID="3685">
      <Part refID="79" designID="3685" materials="199">
        <Bone refID="79" transformation="1,0,0,0,1,0,0,0,1,-1.9999908208847046,0.32000130414962769,1.9999984502792358">
        </Bone>
      </Part>
    </Brick>
    <Brick refID="79" designID="2420">
      <Part refID="80" designID="2420" materials="199">
        <Bone refID="80" transformation="-1,0,0,0,1,0,0,0,-1,-1.9999908208847046,0,2.7999978065490723">
        </Bone>
      </Part>
    </Brick>
    <Brick refID="80" designID="3665">
      <Part refID="81" designID="3665" materials="199">
        <Bone refID="81" transformation="0,0,1,0,0.99999994039535522,0,-1,0,0,4.4000144004821777,10.24000072479248,0.39998853206634521">
        </Bone>
      </Part>
    </Brick>
    <Brick refID="81" designID="6636">
      <Part refID="82" designID="6636" materials="199,0" decoration="0">
        <Bone refID="82" transformation="-1,0,0,0,1,0,0,0,-1,4.4000105857849121,11.200000762939453,0.39998471736907959">
        </Bone>
      </Part>
    </Brick>
    <Brick refID="82" designID="3665">
      <Part refID="83" designID="3665" materials="199">
        <Bone refID="83" transformation="1,0,0,0,1,0,0,0,1,-0.39999234676361084,10.24000072479248,-4.4000029563903809">
        </Bone>
      </Part>
    </Brick>
    <Brick refID="83" designID="6636">
      <Part refID="84" designID="6636" materials="199,0" decoration="0">
        <Bone refID="84" transformation="0,0,1,0,0.99999994039535522,0,-1,0,0,-0.39999234676361084,11.200000762939453,-4.4000029563903809">
        </Bone>
      </Part>
    </Brick>
    <Brick refID="84" designID="4460">
      <Part refID="85" designID="4460" materials="199">
        <Bone refID="85" transformation="0,0,1,0,0.99999994039535522,0,-1,0,0,-1.9999984502792358,0.32000130414962769,1.199999213218689">
        </Bone>
      </Part>
    </Brick>
    <Brick refID="85" designID="3024">
      <Part refID="86" designID="3024" materials="199">
        <Bone refID="86" transformation="1,0,0,0,1,0,0,0,1,-2.7999939918518066,0,1.199999213218689">
        </Bone>
      </Part>
    </Brick>
    <Brick refID="86" designID="2420">
      <Part refID="87" designID="2420" materials="199">
        <Bone refID="87" transformation="-1,0,0,0,1,0,0,0,-1,-1.1999953985214233,0,1.9999984502792358">
        </Bone>
      </Part>
    </Brick>
    <Brick refID="87" designID="2555">
      <Part refID="88" designID="2555" materials="199">
        <Bone refID="88" transformation="0.29790014028549194,0.90692389011383057,-0.29790014028549194,0.6412920355796814,-0.4212944507598877,-0.6412920355796814,-0.70710676908493042,0,-0.70710676908493042,-1.0549300909042358,14.399298667907715,1.6022323369979858">
        </Bone>
      </Part>
    </Brick>
    <Brick refID="88" designID="44375">
      <Part refID="89" designID="44375" materials="131">
        <Bone refID="89" transformation="0.70710605382919312,0,0.70710736513137817,0.64129269123077393,-0.42129406332969666,-0.64129161834716797,0.29790005087852478,0.90692406892776489,-0.29789963364601135,-1.8258281946182251,14.534130096435547,1.2417632341384888">
        </Bone>
      </Part>
    </Brick>
    <Brick refID="89" designID="2555">
      <Part refID="90" designID="2555" materials="199">
        <Bone refID="90" transformation="0.29790139198303223,0.90692418813705444,-0.29789844155311584,0.64129346609115601,-0.42129412293434143,-0.64129102230072021,-0.70710504055023193,0,-0.70710849761962891,-1.6206127405166626,14.399314880371094,1.0365477800369263">
        </Bone>
      </Part>
    </Brick>
    <Brick refID="90" designID="6141">
      <Part refID="91" designID="6141" materials="26">
        <Bone refID="91" transformation="0.70710635185241699,0,0.70710748434066772,0.64129281044006348,-0.42129403352737427,-0.64129167795181274,0.29790014028549194,0.90692418813705444,-0.29789960384368896,-1.8673547506332397,14.306174278259277,1.8489755392074585">
        </Bone>
      </Part>
    </Brick>
    <Brick refID="91" designID="3069">
      <Part refID="92" designID="3069" materials="199,0" decoration="0">
        <Bone refID="92" transformation="0.70710635185241699,0,0.70710748434066772,0.64129281044006348,-0.42129403352737427,-0.64129167795181274,0.29790014028549194,0.90692418813705444,-0.29789960384368896,-1.859092116355896,13.67377758026123,1.2747145891189575">
        </Bone>
      </Part>
    </Brick>
    <Brick refID="92" designID="4599">
      <Part refID="93" designID="4599" materials="131">
        <Bone refID="93" transformation="-0.7071080207824707,0,-0.70710569620132446,0.64129167795181274,-0.42129337787628174,-0.64129310846328735,-0.29789814352989197,-0.90692448616027832,0.29790076613426208,-2.4829936027526855,14.710616111755371,2.4646177291870117">
        </Bone>
      </Part>
    </Brick>
    <Brick refID="93" designID="2569">
      <Part refID="94" designID="2569" materials="131">
        <Bone refID="94" transformation="0.7071070671081543,0,-0.70710653066635132,0,1,0,0.70710653066635132,0,0.7071070671081543,-0.23431241512298584,13.760000228881836,0.79999768733978271">
        </Bone>
      </Part>
    </Brick>
    <Brick refID="94" designID="87087">
      <Part refID="95" designID="87087" materials="199">
        <Bone refID="95" transformation="0.70710647106170654,0,0.70710718631744385,0.70710718631744385,0,-0.70710641145706177,0,1,0,-0.63029325008392334,13.360000610351562,1.1959747076034546">
        </Bone>
      </Part>
    </Brick>
    <Brick refID="95" designID="60478">
      <Part refID="96" designID="60478" materials="199">
        <Bone refID="96" transformation="0,-0.99999994039535522,0,0.70710718631744385,0,-0.70710629224777222,0.70710629224777222,0,0.70710718631744385,-0.85657346248626709,13.360001564025879,1.4222511053085327">
        </Bone>
      </Part>
    </Brick>
    <Brick refID="96" designID="3068">
      <Part refID="97" designID="3068" materials="199,0" decoration="0">
        <Bone refID="97" transformation="0.70710635185241699,0,0.70710712671279907,0.70710718631744385,0,-0.70710647106170654,0,0.99999994039535522,0,-0.2908860445022583,13.360001564025879,-0.27480041980743408">
        </Bone>
      </Part>
    </Brick>
    <Brick refID="97" designID="3956">
      <Part refID="98" designID="3956" materials="199">
        <Bone refID="98" transformation="-0.70710617303848267,0,-0.70710748434066772,0,1,0,0.7071075439453125,0,-0.70710623264312744,-0.23431265354156494,11.840000152587891,0.7999347448348999">
        </Bone>
      </Part>
    </Brick>
    <Brick refID="98" designID="2357">
      <Part refID="99" designID="2357" materials="199">
        <Bone refID="99" transformation="0,-1.0000002384185791,0,0.70710736513137817,0,-0.70710641145706177,0.70710641145706177,0,0.70710742473602295,-1.1959825754165649,13.360000610351562,0.6302264928817749">
        </Bone>
      </Part>
    </Brick>
    <Brick refID="99" designID="60478">
      <Part refID="100" designID="60478" materials="199">
        <Bone refID="100" transformation="0,-1.0000001192092896,0,0.70710724592208862,0,-0.70710635185241699,0.70710635185241699,0,0.70710724592208862,-1.4222549200057983,13.360001564025879,0.85650265216827393">
        </Bone>
      </Part>
    </Brick>
  </Bricks>
  <RigidSystems>
    <RigidSystem>
      <Rigid refID="0" transformation="1,0,0,0,1,0,0,0,1,-2.7999954223632813,0.32000094652175903,3.5999984741210937" boneRefs="0,1"/>
      <Rigid refID="1" transformation="1,0,0,0,1,0,0,0,1,2.8000106811523438,0.32000052928924561,2.0000038146972656" boneRefs="2,3,4,5,6,7,8,9,10,11,12,13,14,15,16,17,18,19,20,21,22,23,24,25,26,27,28,29,30,31,32,33,34,35,36,37,38,39,40,41,42,43,44,45,46,47,48,49,50,51,52,53,54,55,57,58,59,60,61,62,63,64,65,66,67,68,69,70,71,72,73,74,75,76,77,78"/>
      <Rigid refID="2" transformation="1,0,0,0,1,0,0,0,1,-3.5999908447265625,0.32000094652175903,3.5999984741210937" boneRefs="79,80"/>
      <Rigid refID="3" transformation="0,0,1,0,0.99999994039535522,0,-1,0,0,2.8000144958496094,10.24000072479248,1.9999885559082031" boneRefs="81,82"/>
      <Rigid refID="4" transformation="1,0,0,0,1,0,0,0,1,-1.9999923706054687,10.24000072479248,-2.8000030517578125" boneRefs="83,84"/>
      <Rigid refID="5" transformation="0,0,1,0,0.99999994039535522,0,-1,0,0,-3.5999984741210937,0.32000094652175903,2.7999992370605469" boneRefs="85,86"/>
      <Rigid refID="6" transformation="-1,0,0,0,1,0,0,0,-1,-2.7999954223632813,0,3.5999984741210937" boneRefs="87"/>
      <Rigid refID="7" transformation="0.29790014028549194,0.90692389011383057,-0.29790014028549194,0.6412920355796814,-0.4212944507598877,-0.6412920355796814,-0.70710676908493042,0,-0.70710676908493042,-2.6549301147460937,14.399298667907715,3.2022323608398438" boneRefs="88,89,90,91,92,93"/>
      <Rigid refID="8" transformation="0.7071070671081543,0,-0.70710653066635132,0,1,0,0.70710653066635132,0,0.7071070671081543,-1.8343124389648437,13.760000228881836,2.3999977111816406" boneRefs="94"/>
      <Rigid refID="9" transformation="0.70710647106170654,0,0.70710718631744385,0.70710718631744385,0,-0.70710641145706177,0,1,0,-2.2302932739257813,13.360000610351562,2.7959747314453125" boneRefs="95"/>
      <Rigid refID="10" transformation="0,-0.99999994039535522,0,0.70710718631744385,0,-0.70710629224777222,0.70710629224777222,0,0.70710718631744385,-2.456573486328125,13.360001564025879,3.0222511291503906" boneRefs="96,97,98,56,99,100"/>
      <Joint type="hinge">
        <RigidRef rigidRef="0" a="0,1,0" z="0,0,1" t="0,2.880000114440918,0"/>
        <RigidRef rigidRef="1" a="0,1,0" z="0,0,1" t="-5.5999984741210937,2.8800005912780762,1.5999917984008789"/>
      </Joint>
      <Joint type="hinge">
        <RigidRef rigidRef="0" a="0,1,0" z="0,0,1" t="0,0,0"/>
        <RigidRef rigidRef="6" a="0,1,0" z="0,0,1" t="0,0.31999999284744263,0"/>
      </Joint>
      <Joint type="hinge">
        <RigidRef rigidRef="10" a="1.0000001192092896,0,0" z="0,-1.0000002384185791,0" t="1.7300233840942383,0.48004597425460815,-0.400042325258255"/>
        <RigidRef rigidRef="1" a="0,-1,0" z="-1,0,0" t="-5.1999907493591309,11.310000419616699,0.39999553561210632"/>
      </Joint>
      <Joint type="hinge">
        <RigidRef rigidRef="1" a="0,1,0" z="0,0,1" t="-6.399998664855957,2.8800005912780762,1.5999917984008789"/>
        <RigidRef rigidRef="2" a="0,1,0" z="0,0,1" t="0,2.880000114440918,0"/>
      </Joint>
      <Joint type="hinge">
        <RigidRef rigidRef="3" a="0,1,0" z="0,0,1" t="0,0,0"/>
        <RigidRef rigidRef="1" a="0,1,0" z="0,0,1" t="1.5308060028473847E-005,9.9200000762939453,0"/>
      </Joint>
      <Joint type="hinge">
        <RigidRef rigidRef="4" a="0,1,0" z="0,0,1" t="0,0,0"/>
        <RigidRef rigidRef="1" a="0,0.99999994039535522,0" z="-1,0,0" t="-4.7999954223632812,9.9200000762939453,-4.8000025749206543"/>
      </Joint>
      <Joint type="hinge">
        <RigidRef rigidRef="5" a="0,1,0" z="0,0,1" t="0,2.880000114440918,0"/>
        <RigidRef rigidRef="1" a="0,1,0" z="0,0,1" t="-6.399998664855957,2.8800005912780762,0.7999916672706604"/>
      </Joint>
      <Joint type="hinge">
        <RigidRef rigidRef="6" a="0,1,0" z="0,0,1" t="0.80000007152557373,0.31999999284744263,0"/>
        <RigidRef rigidRef="2" a="0,1,0" z="0,0,1" t="0,0,0"/>
      </Joint>
      <Joint type="hinge">
        <RigidRef rigidRef="6" a="0,1,0" z="0,0,1" t="0.80000007152557373,0.31999999284744263,0.80000007152557373"/>
        <RigidRef rigidRef="5" a="0,1,0" z="0,0,1" t="0,0,0"/>
      </Joint>
      <Joint type="hinge">
        <RigidRef rigidRef="10" a="0,0,-1" z="0,1,0" t="-0.80000001192092896,0.24759998917579651,-0.17299999296665192"/>
        <RigidRef rigidRef="7" a="0,0,1" z="0.42129442095756531,0.90692394971847534,0" t="0,0.56799435615539551,0.16000647842884064"/>
      </Joint>
      <Joint type="hinge">
        <RigidRef rigidRef="9" a="0,0,1" z="0,-1,0" t="0,0.55999994277954102,0.39999997615814209"/>
        <RigidRef rigidRef="8" a="0,1,0" z="0,0,1" t="0,0,0"/>
      </Joint>
      <Joint type="hinge">
        <RigidRef rigidRef="10" a="0,1,0" z="0,0,1" t="0,0.31999999284744263,0"/>
        <RigidRef rigidRef="9" a="0,1,0" z="0,0,1" t="0,0,0"/>
      </Joint>
    </RigidSystem>
  </RigidSystems>
  <GroupSystems>
    <GroupSystem>
    </GroupSystem>
  </GroupSystems>
</LXFML>
