<?xml version="1.0" encoding="UTF-8" standalone="no" ?>
<LXFML versionMajor="5" versionMinor="0">
  <Meta>
    <Application name="LEGO Universe" versionMajor="0" versionMinor="0"/>
    <Brand name="LEGOUniverse"/>
    <BrickSet version="238"/>
  </Meta>
  <Bricks>
    <Brick refID="0" designID="30165">
      <Part refID="0" designID="30165" materials="28">
        <Bone refID="0" transformation="1,0,0,0,1,0,0,0,1,-2.0000038146972656,3.3199999332427979,0">
        </Bone>
      </Part>
    </Brick>
    <Brick refID="1" designID="6141">
      <Part refID="1" designID="6141" materials="226">
        <Bone refID="1" transformation="1,0,0,0,1,0,0,0,1,-1.6000022888183594,3,-0.40000200271606445">
        </Bone>
      </Part>
    </Brick>
    <Brick refID="2" designID="6269">
      <Part refID="2" designID="6269" materials="297">
        <Bone refID="2" transformation="1,0,0,0,1,0,0,0,1,-1.6000022888183594,1.5999999046325684,-0.40000200271606445">
        </Bone>
      </Part>
    </Brick>
    <Brick refID="3" designID="3068">
      <Part refID="3" designID="3068" materials="26,0" decoration="0">
        <Bone refID="3" transformation="0.87074065208435059,0,0.49174243211746216,-0.49174243211746216,0,0.87074071168899536,0,-1,0,1.245941162109375,1.9999997615814209,-0.17306900024414063">
        </Bone>
      </Part>
    </Brick>
    <Brick refID="4" designID="3022">
      <Part refID="4" designID="3022" materials="26">
        <Bone refID="4" transformation="0.87074083089828491,0,0.4917425811290741,-0.49174255132675171,0,0.87074077129364014,0,-1.0000001192092896,0,1.4032974243164063,1.9999997615814209,-0.45170688629150391">
        </Bone>
      </Part>
    </Brick>
    <Brick refID="5" designID="4070">
      <Part refID="5" designID="4070" materials="26">
        <Bone refID="5" transformation="-0.87074053287506104,0,-0.49174284934997559,-0.49174284934997559,0,0.87074059247970581,0,1.0000001192092896,0,2.5719642639160156,2.0000002384185791,-0.89422321319580078">
        </Bone>
      </Part>
    </Brick>
    <Brick refID="6" designID="50746">
      <Part refID="6" designID="50746" materials="26">
        <Bone refID="6" transformation="-0.87074077129364014,0,-0.49174249172210693,0,0.99999994039535522,0,0.49174252152442932,0,-0.87074077129364014,2.2965869903564453,2.5718619823455811,-0.40660858154296875">
        </Bone>
      </Part>
    </Brick>
    <Brick refID="7" designID="3023">
      <Part refID="7" designID="3023" materials="26">
        <Bone refID="7" transformation="0.87074071168899536,0,0.49174284934997559,0,1,0,-0.49174284934997559,0,0.87074077129364014,1.5999946594238281,2.2518620491027832,-0.80000019073486328">
        </Bone>
      </Part>
    </Brick>
    <Brick refID="8" designID="50746">
      <Part refID="8" designID="50746" materials="26">
        <Bone refID="8" transformation="-0.87074065208435059,0,-0.49174270033836365,0,1,0,0.49174273014068604,0,-0.87074065208435059,1.5999946594238281,2.5718619823455811,-0.80000209808349609">
        </Bone>
      </Part>
    </Brick>
    <Brick refID="9" designID="4070">
      <Part refID="9" designID="4070" materials="26">
        <Bone refID="9" transformation="-0.87074095010757446,0,-0.49174240231513977,-0.49174240231513977,0,0.87074100971221924,0,1.0000001192092896,0,1.8753719329833984,2,-1.2876172065734863">
        </Bone>
      </Part>
    </Brick>
    <Brick refID="10" designID="87580">
      <Part refID="10" designID="87580" materials="192">
        <Bone refID="10" transformation="1.0000001192092896,0,0,0,1,0,0,0,1.0000001192092896,1.1999969482421875,1.2799999713897705,-0.40000200271606445">
        </Bone>
      </Part>
    </Brick>
    <Brick refID="11" designID="3020">
      <Part refID="11" designID="3020" materials="192">
        <Bone refID="11" transformation="0,0,1.0000001192092896,0,0.99999994039535522,0,-1.0000001192092896,0,0,1.1999969482421875,0.96000003814697266,-1.2000017166137695">
        </Bone>
      </Part>
    </Brick>
    <Brick refID="12" designID="6636">
      <Part refID="12" designID="6636" materials="192,0" decoration="0">
        <Bone refID="12" transformation="1.0000001192092896,0,0,0,1,0,0,0,1.0000001192092896,-2.0000038146972656,1.2799999713897705,1.1999974250793457">
        </Bone>
      </Part>
    </Brick>
    <Brick refID="13" designID="4070">
      <Part refID="13" designID="4070" materials="192">
        <Bone refID="13" transformation="1.0000001192092896,0,0,0,1,0,0,0,1.0000001192092896,1.9999961853027344,0,1.1999998092651367">
        </Bone>
      </Part>
    </Brick>
    <Brick refID="14" designID="3794">
      <Part refID="14" designID="3794" materials="192">
        <Bone refID="14" transformation="1.0000001192092896,0,0,0,0,1.0000001192092896,0,-1,0,1.1999969482421875,0.55999994277954102,1.4518618583679199">
        </Bone>
      </Part>
    </Brick>
    <Brick refID="15" designID="4070">
      <Part refID="15" designID="4070" materials="192">
        <Bone refID="15" transformation="1.0000001192092896,0,0,0,1,0,0,0,1.0000001192092896,1.1999969482421875,0,1.1999998092651367">
        </Bone>
      </Part>
    </Brick>
    <Brick refID="16" designID="3004">
      <Part refID="16" designID="3004" materials="192,0,0,0" decoration="0,0,0">
        <Bone refID="16" transformation="1.0000001192092896,0,0,0,1,0,0,0,1.0000001192092896,1.1999969482421875,0,0.39999914169311523">
        </Bone>
      </Part>
    </Brick>
    <Brick refID="17" designID="6636">
      <Part refID="17" designID="6636" materials="192,0" decoration="0">
        <Bone refID="17" transformation="1.0000001192092896,0,0,0,1,0,0,0,1.0000001192092896,-2.0000038146972656,1.2799999713897705,0.39999818801879883">
        </Bone>
      </Part>
    </Brick>
    <Brick refID="18" designID="3020">
      <Part refID="18" designID="3020" materials="192">
        <Bone refID="18" transformation="0,0,1.0000001192092896,0,0.99999994039535522,0,-1.0000001192092896,0,0,-2.0000038146972656,0.96000009775161743,-1.2000021934509277">
        </Bone>
      </Part>
    </Brick>
    <Brick refID="19" designID="4070">
      <Part refID="19" designID="4070" materials="192">
        <Bone refID="19" transformation="1.0000001192092896,0,0,0,1,0,0,0,1.0000001192092896,-1.2000045776367187,0,1.1999993324279785">
        </Bone>
      </Part>
    </Brick>
    <Brick refID="20" designID="3794">
      <Part refID="20" designID="3794" materials="192">
        <Bone refID="20" transformation="1.0000001192092896,0,0,0,0,1.0000001192092896,0,-1,0,-2.0000038146972656,0.56000000238418579,1.4518618583679199">
        </Bone>
      </Part>
    </Brick>
    <Brick refID="21" designID="4070">
      <Part refID="21" designID="4070" materials="192">
        <Bone refID="21" transformation="1.0000001192092896,0,0,0,1,0,0,0,1.0000001192092896,-2.0000038146972656,0,1.1999993324279785">
        </Bone>
      </Part>
    </Brick>
    <Brick refID="22" designID="3004">
      <Part refID="22" designID="3004" materials="192,0,0,0" decoration="0,0,0">
        <Bone refID="22" transformation="1.0000001192092896,0,0,0,1,0,0,0,1.0000001192092896,-2.0000038146972656,0,0.39999818801879883">
        </Bone>
      </Part>
    </Brick>
    <Brick refID="23" designID="3794">
      <Part refID="23" designID="3794" materials="192">
        <Bone refID="23" transformation="1.0000001192092896,0,0,0,1,0,0,0,1.0000001192092896,-2.0000038146972656,1.2799999713897705,-0.40000247955322266">
        </Bone>
      </Part>
    </Brick>
    <Brick refID="24" designID="44237">
      <Part refID="24" designID="44237" materials="192">
        <Bone refID="24" transformation="1.0000001192092896,0,0,0,1,0,0,0,1.0000001192092896,-2.0000038146972656,0,-0.40000247955322266">
        </Bone>
      </Part>
    </Brick>
    <Brick refID="25" designID="3069">
      <Part refID="25" designID="3069" materials="192,0" decoration="0">
        <Bone refID="25" transformation="1.0000001192092896,0,0,0,1,0,0,0,1.0000001192092896,-0.40022659301757813,1.2799999713897705,-0.40000152587890625">
        </Bone>
      </Part>
    </Brick>
    <Brick refID="26" designID="3022">
      <Part refID="26" designID="3022" materials="192">
        <Bone refID="26" transformation="1.0000001192092896,0,0,0,1,0,0,0,1.0000001192092896,-0.40000534057617188,0.96000009775161743,-0.40000200271606445">
        </Bone>
      </Part>
    </Brick>
    <Brick refID="27" designID="2431">
      <Part refID="27" designID="2431" materials="192,0" decoration="0">
        <Bone refID="27" transformation="1.0000001192092896,0,0,0,1,0,0,0,1.0000001192092896,-2.0000038146972656,1.2799999713897705,-1.2000021934509277">
        </Bone>
      </Part>
    </Brick>
  </Bricks>
  <RigidSystems>
    <RigidSystem>
      <Rigid refID="0" transformation="1,0,0,0,1,0,0,0,1,-35.600002288818359,3.3199999332427979,6.3999977111816406" boneRefs="0,1,2"/>
      <Rigid refID="1" transformation="0.87074065208435059,0,0.49174243211746216,-0.49174243211746216,0,0.87074071168899536,0,-1,0,-32.354057312011719,1.9999997615814209,6.226931095123291" boneRefs="3,4,5,6,7,8,9,10,11,12,13,14,15,16,17,18,19,20,21,22,23,24,25,26,27"/>
      <Joint type="hinge">
        <RigidRef rigidRef="1" a="0,0,-1" z="0.49174249172210693,0.87074077129364014,0" t="-2.5896725654602051,1.2018718719482422,0.39999973773956299"/>
        <RigidRef rigidRef="0" a="0,1,0" z="0,0,1" t="0.40000152587890625,-1.7200000286102295,-0.39999961853027344"/>
      </Joint>
    </RigidSystem>
  </RigidSystems>
  <GroupSystems>
    <GroupSystem>
    </GroupSystem>
  </GroupSystems>
</LXFML>
