<?xml version="1.0" encoding="UTF-8" standalone="no" ?>
<LXFML versionMajor="5" versionMinor="0">
  <Meta>
    <Application name="LEGO Universe" versionMajor="0" versionMinor="0"/>
    <Brand name="LEGOUniverse"/>
    <BrickSet version="434"/>
  </Meta>
  <Bricks>
    <Brick refID="0" designID="61406">
      <Part refID="0" designID="61406" materials="192,0" decoration="0">
        <Bone refID="0" transformation="-1,0,0,0,0,1.0000001192092896,0,1.0000001192092896,0,0.79999446868896484,14.572074890136719,2.3200016021728516">
        </Bone>
      </Part>
    </Brick>
    <Brick refID="1" designID="3044">
      <Part refID="1" designID="3044" materials="26">
        <Bone refID="1" transformation="0,1.0000001192092896,0,0,0,1.0000001192092896,1.0000001192092896,0,0,0.79999256134033203,14.572074890136719,2.6400022506713867">
        </Bone>
      </Part>
    </Brick>
    <Brick refID="2" designID="3022">
      <Part refID="2" designID="3022" materials="138">
        <Bone refID="2" transformation="0,1.0000001192092896,0,0,0,1.0000001192092896,1.0000001192092896,0,0,0.79999256134033203,13.772074699401855,2.0000028610229492">
        </Bone>
      </Part>
    </Brick>
    <Brick refID="3" designID="50746">
      <Part refID="3" designID="50746" materials="192">
        <Bone refID="3" transformation="0,1.0000001192092896,0,0,0,1.0000001192092896,1.0000001192092896,0,0,0.79999256134033203,13.772074699401855,2.6400022506713867">
        </Bone>
      </Part>
    </Brick>
    <Brick refID="4" designID="3023">
      <Part refID="4" designID="3023" materials="192">
        <Bone refID="4" transformation="0.99999994039535522,0,0,0,0,1,0,-1,0,-1.049041748046875E-005,13.772074699401855,2.320002555847168">
        </Bone>
      </Part>
    </Brick>
    <Brick refID="5" designID="50746">
      <Part refID="5" designID="50746" materials="192">
        <Bone refID="5" transformation="0,-1.0000001192092896,0,0,0,1.0000001192092896,-1.0000001192092896,0,0,-1.049041748046875E-005,13.772074699401855,2.6400022506713867">
        </Bone>
      </Part>
    </Brick>
    <Brick refID="6" designID="4150">
      <Part refID="6" designID="4150" materials="138,0" decoration="0">
        <Bone refID="6" transformation="0,0,1,0,0.99999994039535522,0,-1,0,0,0,14.7520751953125,-0.31199836730957031">
        </Bone>
      </Part>
    </Brick>
    <Brick refID="7" designID="6143">
      <Part refID="7" designID="6143" materials="192">
        <Bone refID="7" transformation="0,0,1,0,0.99999994039535522,0,-1,0,0,0,13.792075157165527,-0.31199836730957031">
        </Bone>
      </Part>
    </Brick>
    <Brick refID="8" designID="32062">
      <Part refID="8" designID="32062" materials="192">
        <Bone refID="8" transformation="0,0,1.0000001192092896,-1.0000001192092896,0,0,0,-1.0000001192092896,0,0.39999198913574219,13.119075775146484,0.088001251220703125">
        </Bone>
      </Part>
    </Brick>
    <Brick refID="9" designID="30033">
      <Part refID="9" designID="30033" materials="192">
        <Bone refID="9" transformation="0,0,1,0,0.99999994039535522,0,-1,0,0,0,13.472075462341309,-0.31199836730957031">
        </Bone>
      </Part>
    </Brick>
    <Brick refID="10" designID="3024">
      <Part refID="10" designID="3024" materials="138">
        <Bone refID="10" transformation="0,1,0,0,0,1,1,0,0,0.39999294281005859,14.572074890136719,1.3600006103515625">
        </Bone>
      </Part>
    </Brick>
    <Brick refID="11" designID="6019">
      <Part refID="11" designID="6019" materials="138">
        <Bone refID="11" transformation="0.99999994039535522,0,0,0,0,1,0,-1,0,0.39998817443847656,14.572075843811035,1.0400028228759766">
        </Bone>
      </Part>
    </Brick>
    <Brick refID="12" designID="3794">
      <Part refID="12" designID="3794" materials="138">
        <Bone refID="12" transformation="0,1.0000001192092896,0,0,0,1.0000001192092896,1.0000001192092896,0,0,0.39998817443847656,13.772080421447754,1.6800041198730469">
        </Bone>
      </Part>
    </Brick>
    <Brick refID="13" designID="30033">
      <Part refID="13" designID="30033" materials="192">
        <Bone refID="13" transformation="0,0,1.0000001192092896,0,-1,0,1.0000001192092896,0,0,0.79999351501464844,13.406075477600098,-0.31199836730957031">
        </Bone>
      </Part>
    </Brick>
    <Brick refID="14" designID="4150">
      <Part refID="14" designID="4150" materials="192,0" decoration="0">
        <Bone refID="14" transformation="-1,0,0,0,-1,0,0,0,1,0.79999351501464844,13.086075782775879,0.48800086975097656">
        </Bone>
      </Part>
    </Brick>
    <Brick refID="15" designID="6019">
      <Part refID="15" designID="6019" materials="192">
        <Bone refID="15" transformation="0,0,-1.0000001192092896,-0.99026817083358765,0.13917306065559387,0,0.13917301595211029,0.99026823043823242,0,-0.66576480865478516,12.279346466064453,0.088003158569335938">
        </Bone>
      </Part>
    </Brick>
    <Brick refID="16" designID="85970">
      <Part refID="16" designID="85970" materials="192">
        <Bone refID="16" transformation="0.13917239010334015,0.99026823043823242,0,-0.99026817083358765,0.13917239010334015,0,0,0,1,-2.3015832901000977,5.2384757995605469,0.088001251220703125">
        </Bone>
      </Part>
    </Brick>
    <Brick refID="17" designID="3623">
      <Part refID="17" designID="3623" materials="192">
        <Bone refID="17" transformation="-0.13917185366153717,-0.99026846885681152,0,-0.99026840925216675,0.1391722708940506,0,0,0,-1,-0.77710056304931641,11.487128257751465,0.088003158569335938">
        </Bone>
      </Part>
    </Brick>
    <Brick refID="18" designID="3666">
      <Part refID="18" designID="3666" materials="192">
        <Bone refID="18" transformation="0.13917239010334015,0.99026823043823242,0,-0.99026817083358765,0.13917239010334015,0,0,0,1,-1.6678094863891602,5.1494054794311523,0.088001251220703125">
        </Bone>
      </Part>
    </Brick>
    <Brick refID="19" designID="3710">
      <Part refID="19" designID="3710" materials="192">
        <Bone refID="19" transformation="0.13917239010334015,0.99026823043823242,0,-0.99026817083358765,0.13917239010334015,0,0,0,1,-1.9846973419189453,5.1939430236816406,0.088001251220703125">
        </Bone>
      </Part>
    </Brick>
    <Brick refID="20" designID="2431">
      <Part refID="20" designID="2431" materials="192,0" decoration="0">
        <Bone refID="20" transformation="0.13917239010334015,0.99026823043823242,0,-0.99026817083358765,0.13917239010334015,0,0,0,1,-2.8411417007446289,3.6985797882080078,0.088001251220703125">
        </Bone>
      </Part>
    </Brick>
    <Brick refID="21" designID="41763">
      <Part refID="21" designID="41763" materials="192">
        <Bone refID="21" transformation="-0.13917216658592224,-0.9902682900428772,0,-0.99026823043823242,0.1391722708940506,0,0,0,-1,-1.7791452407836914,4.3571872711181641,0.088001251220703125">
        </Bone>
      </Part>
    </Brick>
    <Brick refID="22" designID="50746">
      <Part refID="22" designID="50746" materials="1">
        <Bone refID="22" transformation="0,0,1.0000001192092896,-0.99026823043823242,0.13917252421379089,0,-0.13917247951030731,-0.9902682900428772,0,-3.9031391143798828,3.0399703979492187,0.088001251220703125">
        </Bone>
      </Part>
    </Brick>
    <Brick refID="23" designID="60477">
      <Part refID="23" designID="60477" materials="1">
        <Bone refID="23" transformation="0,0,1.0000001192092896,-0.99026823043823242,0.13917252421379089,0,-0.13917247951030731,-0.9902682900428772,0,-2.9524850845336914,2.9063653945922852,0.088002204895019531">
        </Bone>
      </Part>
    </Brick>
    <Brick refID="24" designID="6019">
      <Part refID="24" designID="6019" materials="192">
        <Bone refID="24" transformation="1,0,0,0,0.13917356729507446,-0.99026799201965332,0,0.9902680516242981,0.13917356729507446,0.39999294281005859,12.279345512390137,-0.97774696350097656">
        </Bone>
      </Part>
    </Brick>
    <Brick refID="25" designID="85970">
      <Part refID="25" designID="85970" materials="192">
        <Bone refID="25" transformation="0,0.99026811122894287,0.13917364180088043,0,0.13917374610900879,-0.9902680516242981,-1.0000001192092896,0,0,0.39999675750732422,5.2384958267211914,-2.6135654449462891">
        </Bone>
      </Part>
    </Brick>
    <Brick refID="26" designID="3623">
      <Part refID="26" designID="3623" materials="192">
        <Bone refID="26" transformation="0,-0.99026811122894287,-0.13917364180088043,0,0.13917374610900879,-0.9902680516242981,1.0000001192092896,0,0,0.39998912811279297,11.487133026123047,-1.0890846252441406">
        </Bone>
      </Part>
    </Brick>
    <Brick refID="27" designID="3710">
      <Part refID="27" designID="3710" materials="192">
        <Bone refID="27" transformation="0,0.99026811122894287,0.13917364180088043,0,0.13917374610900879,-0.9902680516242981,-1.0000001192092896,0,0,0.39999675750732422,5.1939554214477539,-2.2966804504394531">
        </Bone>
      </Part>
    </Brick>
    <Brick refID="28" designID="3666">
      <Part refID="28" designID="3666" materials="192">
        <Bone refID="28" transformation="0,0.99026811122894287,0.13917364180088043,0,0.13917374610900879,-0.9902680516242981,-1.0000001192092896,0,0,0.39999675750732422,5.1494235992431641,-1.97979736328125">
        </Bone>
      </Part>
    </Brick>
    <Brick refID="29" designID="2431">
      <Part refID="29" designID="2431" materials="192,0" decoration="0">
        <Bone refID="29" transformation="0,0.99026811122894287,0.13917364180088043,0,0.13917374610900879,-0.9902680516242981,-1.0000001192092896,0,0,0.39999675750732422,3.6985979080200195,-3.1531295776367187">
        </Bone>
      </Part>
    </Brick>
    <Brick refID="30" designID="41763">
      <Part refID="30" designID="41763" materials="192">
        <Bone refID="30" transformation="0,-0.99026811122894287,-0.13917364180088043,0,0.13917374610900879,-0.9902680516242981,1.0000001192092896,0,0,0.39999675750732422,4.3572092056274414,-2.0911369323730469">
        </Bone>
      </Part>
    </Brick>
    <Brick refID="31" designID="50746">
      <Part refID="31" designID="50746" materials="1">
        <Bone refID="31" transformation="-1,0,0,0,0.13917370140552521,-0.9902680516242981,0,-0.99026811122894287,-0.13917358219623566,0.39999675750732422,3.0399894714355469,-4.2151279449462891">
        </Bone>
      </Part>
    </Brick>
    <Brick refID="32" designID="60477">
      <Part refID="32" designID="60477" materials="1">
        <Bone refID="32" transformation="-1,0,0,0,0.1391729861497879,-0.99026799201965332,0,-0.9902680516242981,-0.13917310535907745,0.40000247955322266,2.9063816070556641,-3.2644615173339844">
        </Bone>
      </Part>
    </Brick>
    <Brick refID="33" designID="3024">
      <Part refID="33" designID="3024" materials="138">
        <Bone refID="33" transformation="0,1,0,0.70710641145706177,0,0.70710718631744385,0.70710718631744385,0,-0.70710641145706177,1.2994298934936523,14.572074890136719,0.98745155334472656">
        </Bone>
      </Part>
    </Brick>
    <Brick refID="34" designID="3794">
      <Part refID="34" designID="3794" materials="138">
        <Bone refID="34" transformation="0,1.0000001192092896,0,0.70710575580596924,0,0.70710796117782593,0.7071080207824707,0,-0.70710575580596924,1.5257015228271484,13.772073745727539,1.2137165069580078">
        </Bone>
      </Part>
    </Brick>
    <Brick refID="35" designID="6019">
      <Part refID="35" designID="6019" materials="138">
        <Bone refID="35" transformation="0.7071075439453125,0,-0.70710605382919312,0.70710611343383789,0,0.70710748434066772,0,-1,0,1.0731563568115234,14.572073936462402,0.76117706298828125">
        </Bone>
      </Part>
    </Brick>
    <Brick refID="36" designID="3024">
      <Part refID="36" designID="3024" materials="138">
        <Bone refID="36" transformation="0,1,0,1,0,0,0,0,-1,1.6719884872436523,14.572073936462402,0.087999343872070313">
        </Bone>
      </Part>
    </Brick>
    <Brick refID="37" designID="3794">
      <Part refID="37" designID="3794" materials="138">
        <Bone refID="37" transformation="0,1.0000001192092896,0,1.0000001192092896,0,0,0,0,-1,1.9919900894165039,13.772076606750488,0.087999343872070313">
        </Bone>
      </Part>
    </Brick>
    <Brick refID="38" designID="6019">
      <Part refID="38" designID="6019" materials="138">
        <Bone refID="38" transformation="0,0,-1.0000001192092896,1.0000001192092896,0,0,0,-1.0000001192092896,0,1.3519906997680664,14.572073936462402,0.088001251220703125">
        </Bone>
      </Part>
    </Brick>
    <Brick refID="39" designID="3024">
      <Part refID="39" designID="3024" materials="138">
        <Bone refID="39" transformation="0,0.99999994039535522,0,0.70710492134094238,0,-0.70710855722427368,-0.70710855722427368,0,-0.70710498094558716,1.2994298934936523,14.572075843811035,-0.81144905090332031">
        </Bone>
      </Part>
    </Brick>
    <Brick refID="40" designID="6019">
      <Part refID="40" designID="6019" materials="138">
        <Bone refID="40" transformation="-0.70710647106170654,0,-0.70710700750350952,0.70710700750350952,0,-0.70710647106170654,0,-0.99999994039535522,0,1.0731582641601562,14.572073936462402,-0.58516979217529297">
        </Bone>
      </Part>
    </Brick>
    <Brick refID="41" designID="3794">
      <Part refID="41" designID="3794" materials="138">
        <Bone refID="41" transformation="0,1,0,0.70710587501525879,0,-0.70710772275924683,-0.70710772275924683,0,-0.70710587501525879,1.5257034301757812,13.772075653076172,-1.0377063751220703">
        </Bone>
      </Part>
    </Brick>
    <Brick refID="42" designID="3024">
      <Part refID="42" designID="3024" materials="138">
        <Bone refID="42" transformation="0,1.0000001192092896,0,0,0,-1.0000001192092896,-1.0000001192092896,0,0,0.39999294281005859,14.572074890136719,-1.1840000152587891">
        </Bone>
      </Part>
    </Brick>
    <Brick refID="43" designID="6019">
      <Part refID="43" designID="6019" materials="138">
        <Bone refID="43" transformation="-1,0,0,0,0,-1.0000001192092896,0,-1.0000001192092896,0,0.399993896484375,14.572073936462402,-0.86399650573730469">
        </Bone>
      </Part>
    </Brick>
    <Brick refID="44" designID="3794">
      <Part refID="44" designID="3794" materials="138">
        <Bone refID="44" transformation="0,1,0,0,0,-1,-1,0,0,0.399993896484375,13.772080421447754,-1.503997802734375">
        </Bone>
      </Part>
    </Brick>
    <Brick refID="45" designID="3024">
      <Part refID="45" designID="3024" materials="138">
        <Bone refID="45" transformation="0,1,0,-0.70710629224777222,0,-0.7071073055267334,-0.7071073055267334,0,0.70710629224777222,-0.49944400787353516,14.572075843811035,-0.81142616271972656">
        </Bone>
      </Part>
    </Brick>
    <Brick refID="46" designID="6019">
      <Part refID="46" designID="6019" materials="138">
        <Bone refID="46" transformation="-0.70710694789886475,0,0.70710664987564087,-0.70710670948028564,0,-0.7071070671081543,0,-1,0,-0.27316474914550781,14.572075843811035,-0.58515357971191406">
        </Bone>
      </Part>
    </Brick>
    <Brick refID="47" designID="3794">
      <Part refID="47" designID="3794" materials="138">
        <Bone refID="47" transformation="0,1.0000001192092896,0,-0.70710635185241699,0,-0.7071073055267334,-0.7071073055267334,0,0.70710641145706177,-0.72571754455566406,13.772075653076172,-1.0377140045166016">
        </Bone>
      </Part>
    </Brick>
    <Brick refID="48" designID="3024">
      <Part refID="48" designID="3024" materials="138">
        <Bone refID="48" transformation="0,1,0,-1,0,0,0,0,0.99999994039535522,-0.87201023101806641,14.572074890136719,0.088003158569335938">
        </Bone>
      </Part>
    </Brick>
    <Brick refID="49" designID="6019">
      <Part refID="49" designID="6019" materials="138">
        <Bone refID="49" transformation="0,0,1.0000001192092896,-1.0000001192092896,0,0,0,-1.0000001192092896,0,-0.55200958251953125,14.572074890136719,0.088002204895019531">
        </Bone>
      </Part>
    </Brick>
    <Brick refID="50" designID="3794">
      <Part refID="50" designID="3794" materials="138">
        <Bone refID="50" transformation="0,1,0,-1,0,0,0,0,0.99999994039535522,-1.1920089721679687,13.772074699401855,0.088002204895019531">
        </Bone>
      </Part>
    </Brick>
    <Brick refID="51" designID="3024">
      <Part refID="51" designID="3024" materials="138">
        <Bone refID="51" transformation="0,1,0,-0.70710623264312744,0,0.70710736513137817,0.70710736513137817,0,0.70710617303848267,-0.49945163726806641,14.572074890136719,0.98744010925292969">
        </Bone>
      </Part>
    </Brick>
    <Brick refID="52" designID="6019">
      <Part refID="52" designID="6019" materials="138">
        <Bone refID="52" transformation="0.70710760354995728,0,0.70710623264312744,-0.70710623264312744,0,0.7071075439453125,0,-1.0000001192092896,0,-0.27317714691162109,14.572073936462402,0.76116466522216797">
        </Bone>
      </Part>
    </Brick>
    <Brick refID="53" designID="3794">
      <Part refID="53" designID="3794" materials="138">
        <Bone refID="53" transformation="0,0.99999994039535522,0,-0.70710641145706177,0,0.70710712671279907,0.70710712671279907,0,0.70710635185241699,-0.7257232666015625,13.772074699401855,1.213709831237793">
        </Bone>
      </Part>
    </Brick>
    <Brick refID="54" designID="6019">
      <Part refID="54" designID="6019" materials="192">
        <Bone refID="54" transformation="0,0,1,0.9902680516242981,0.13917341828346252,0,-0.13917337357997894,0.99026811122894287,0,1.4657430648803711,12.279346466064453,0.088003158569335938">
        </Bone>
      </Part>
    </Brick>
    <Brick refID="55" designID="85970">
      <Part refID="55" designID="85970" materials="192">
        <Bone refID="55" transformation="-0.13917014002799988,0.9902685284614563,0,0.99026846885681152,0.13917011022567749,0,0,0,-1,3.1015548706054687,5.2384710311889648,0.088001251220703125">
        </Bone>
      </Part>
    </Brick>
    <Brick refID="56" designID="3623">
      <Part refID="56" designID="3623" materials="192">
        <Bone refID="56" transformation="0.13917344808578491,-0.9902680516242981,0,0.99026799201965332,0.13917344808578491,0,0,0,1,1.5770740509033203,11.487131118774414,0.088003158569335938">
        </Bone>
      </Part>
    </Brick>
    <Brick refID="57" designID="3666">
      <Part refID="57" designID="3666" materials="192">
        <Bone refID="57" transformation="-0.13917014002799988,0.9902685284614563,0,0.99026846885681152,0.13917011022567749,0,0,0,-1,2.4677810668945312,5.1494016647338867,0.088001251220703125">
        </Bone>
      </Part>
    </Brick>
    <Brick refID="58" designID="3710">
      <Part refID="58" designID="3710" materials="192">
        <Bone refID="58" transformation="-0.13917014002799988,0.9902685284614563,0,0.99026846885681152,0.13917011022567749,0,0,0,-1,2.78466796875,5.1939363479614258,0.088001251220703125">
        </Bone>
      </Part>
    </Brick>
    <Brick refID="59" designID="2431">
      <Part refID="59" designID="2431" materials="192,0" decoration="0">
        <Bone refID="59" transformation="-0.13917014002799988,0.9902685284614563,0,0.99026846885681152,0.13917011022567749,0,0,0,-1,3.6411209106445312,3.6985750198364258,0.088001251220703125">
        </Bone>
      </Part>
    </Brick>
    <Brick refID="60" designID="41763">
      <Part refID="60" designID="41763" materials="192">
        <Bone refID="60" transformation="0.13917344808578491,-0.9902680516242981,0,0.99026799201965332,0.13917344808578491,0,0,0,1,2.5791168212890625,4.3571796417236328,0.088001251220703125">
        </Bone>
      </Part>
    </Brick>
    <Brick refID="61" designID="60477">
      <Part refID="61" designID="60477" materials="1">
        <Bone refID="61" transformation="0,0,-1.0000001192092896,0.99026840925216675,0.13917155563831329,0,0.13917148113250732,-0.99026846885681152,0,3.7524642944335938,2.9063558578491211,0.088003158569335938">
        </Bone>
      </Part>
    </Brick>
    <Brick refID="62" designID="50746">
      <Part refID="62" designID="50746" materials="1">
        <Bone refID="62" transformation="0,0,-1.0000001192092896,0.99026840925216675,0.13917165994644165,0,0.13917157053947449,-0.99026846885681152,0,4.7031097412109375,3.0399599075317383,0.088001251220703125">
        </Bone>
      </Part>
    </Brick>
    <Brick refID="63" designID="6019">
      <Part refID="63" designID="6019" materials="192">
        <Bone refID="63" transformation="-1,0,0,0,0.13917443156242371,0.99026799201965332,0,0.9902680516242981,-0.1391742080450058,0.39999294281005859,12.27934455871582,1.1537570953369141">
        </Bone>
      </Part>
    </Brick>
    <Brick refID="64" designID="85970">
      <Part refID="64" designID="85970" materials="192">
        <Bone refID="64" transformation="0,0.9902680516242981,-0.1391737312078476,0,0.13917374610900879,0.99026799201965332,1,0,0,0.40002536773681641,5.238494873046875,2.7895717620849609">
        </Bone>
      </Part>
    </Brick>
    <Brick refID="65" designID="3623">
      <Part refID="65" designID="3623" materials="192">
        <Bone refID="65" transformation="0,-0.9902680516242981,0.1391737312078476,0,0.13917374610900879,0.99026799201965332,-1,0,0,0.40000247955322266,11.487133026123047,1.2650909423828125">
        </Bone>
      </Part>
    </Brick>
    <Brick refID="66" designID="3666">
      <Part refID="66" designID="3666" materials="192">
        <Bone refID="66" transformation="0,0.9902680516242981,-0.1391737312078476,0,0.13917374610900879,0.99026799201965332,1,0,0,0.40002536773681641,5.1494226455688477,2.1558017730712891">
        </Bone>
      </Part>
    </Brick>
    <Brick refID="67" designID="3710">
      <Part refID="67" designID="3710" materials="192">
        <Bone refID="67" transformation="0,0.9902680516242981,-0.1391737312078476,0,0.13917374610900879,0.99026799201965332,1,0,0,0.40002536773681641,5.1939582824707031,2.472686767578125">
        </Bone>
      </Part>
    </Brick>
    <Brick refID="68" designID="2431">
      <Part refID="68" designID="2431" materials="192,0" decoration="0">
        <Bone refID="68" transformation="0,0.9902680516242981,-0.13917343318462372,0,0.13917341828346252,0.99026799201965332,1,0,0,0.40002536773681641,3.6986007690429687,3.3291378021240234">
        </Bone>
      </Part>
    </Brick>
    <Brick refID="69" designID="41763">
      <Part refID="69" designID="41763" materials="192">
        <Bone refID="69" transformation="0,-0.9902680516242981,0.1391737312078476,0,0.13917374610900879,0.99026799201965332,-1,0,0,0.40001773834228516,4.3572063446044922,2.2671413421630859">
        </Bone>
      </Part>
    </Brick>
    <Brick refID="70" designID="50746">
      <Part refID="70" designID="50746" materials="1">
        <Bone refID="70" transformation="1,0,0,0,0.13917334377765656,0.9902680516242981,0,-0.99026811122894287,0.13917334377765656,0.40002536773681641,3.0399942398071289,4.3911352157592773">
        </Bone>
      </Part>
    </Brick>
    <Brick refID="71" designID="60477">
      <Part refID="71" designID="60477" materials="1">
        <Bone refID="71" transformation="1,0,0,0,0.13917334377765656,0.9902680516242981,0,-0.99026811122894287,0.13917334377765656,0.40004444122314453,2.9063873291015625,3.4404773712158203">
        </Bone>
      </Part>
    </Brick>
    <Brick refID="72" designID="6005">
      <Part refID="72" designID="6005" materials="26">
        <Bone refID="72" transformation="0,0,-1.0000001192092896,-0.99026817083358765,0.13917316496372223,0,0.13917312026023865,0.99026817083358765,0,-0.083382606506347656,4.9267406463623047,1.6880016326904297">
        </Bone>
      </Part>
    </Brick>
    <Brick refID="73" designID="3024">
      <Part refID="73" designID="3024" materials="26">
        <Bone refID="73" transformation="0.1391727477312088,0.99026811122894287,0,-0.99026811122894287,0.1391727477312088,0,0,0,1,-1.0340433120727539,5.0603489875793457,0.088000297546386719">
        </Bone>
      </Part>
    </Brick>
    <Brick refID="74" designID="3024">
      <Part refID="74" designID="3024" materials="26">
        <Bone refID="74" transformation="0,0.9902680516242981,0.1391734778881073,0,0.13917349278926849,-0.9902680516242981,-1,0,0,0.39999675750732422,5.0603466033935547,-1.3460235595703125">
        </Bone>
      </Part>
    </Brick>
    <Brick refID="75" designID="6005">
      <Part refID="75" designID="6005" materials="26">
        <Bone refID="75" transformation="1,0,0,0,0.13917334377765656,-0.99026799201965332,0,0.99026799201965332,0.13917332887649536,-1.2000045776367187,4.9267401695251465,-0.39536952972412109">
        </Bone>
      </Part>
    </Brick>
    <Brick refID="76" designID="61406">
      <Part refID="76" designID="61406" materials="192,0" decoration="0">
        <Bone refID="76" transformation="-0.70710718631744385,0,0.70710641145706177,0.70710641145706177,0,0.7071073055267334,0,1.0000001192092896,0,2.2610921859741211,14.572073936462402,1.3834209442138672">
        </Bone>
      </Part>
    </Brick>
    <Brick refID="77" designID="3044">
      <Part refID="77" designID="3044" materials="26">
        <Bone refID="77" transformation="0,1.0000001192092896,0,0.70710784196853638,0,0.70710593461990356,0.70710593461990356,0,-0.70710772275924683,2.4873600006103516,14.572073936462402,1.6096992492675781">
        </Bone>
      </Part>
    </Brick>
    <Brick refID="78" designID="3022">
      <Part refID="78" designID="3022" materials="138">
        <Bone refID="78" transformation="0,1.0000001192092896,0,0.70710784196853638,0,0.70710593461990356,0.70710593461990356,0,-0.70710772275924683,2.0348138809204102,13.772071838378906,1.1571502685546875">
        </Bone>
      </Part>
    </Brick>
    <Brick refID="79" designID="50746">
      <Part refID="79" designID="50746" materials="192">
        <Bone refID="79" transformation="0,1.0000001192092896,0,0.70710784196853638,0,0.70710593461990356,0.70710593461990356,0,-0.70710772275924683,2.4873600006103516,13.772073745727539,1.6096992492675781">
        </Bone>
      </Part>
    </Brick>
    <Brick refID="80" designID="3023">
      <Part refID="80" designID="3023" materials="192">
        <Bone refID="80" transformation="0.70710670948028564,0,-0.70710676908493042,0.70710676908493042,0,0.70710670948028564,0,-1,0,1.6954059600830078,13.772072792053223,1.9491100311279297">
        </Bone>
      </Part>
    </Brick>
    <Brick refID="81" designID="50746">
      <Part refID="81" designID="50746" materials="192">
        <Bone refID="81" transformation="0,-1,0,0.70710599422454834,0,0.70710760354995728,-0.70710760354995728,0,0.70710593461990356,1.9216775894165039,13.772073745727539,2.1753835678100586">
        </Bone>
      </Part>
    </Brick>
    <Brick refID="82" designID="61406">
      <Part refID="82" designID="61406" materials="192,0" decoration="0">
        <Bone refID="82" transformation="0,0,1,1,0,0,0,1,0,2.6319866180419922,14.572075843811035,-0.31199836730957031">
        </Bone>
      </Part>
    </Brick>
    <Brick refID="83" designID="3044">
      <Part refID="83" designID="3044" materials="26">
        <Bone refID="83" transformation="0,1,0,1,0,0,0,0,-1,2.9519920349121094,14.572075843811035,-0.31199932098388672">
        </Bone>
      </Part>
    </Brick>
    <Brick refID="84" designID="3022">
      <Part refID="84" designID="3022" materials="138">
        <Bone refID="84" transformation="0,1,0,1,0,0,0,0,-1,2.3119926452636719,13.772073745727539,-0.31199932098388672">
        </Bone>
      </Part>
    </Brick>
    <Brick refID="85" designID="50746">
      <Part refID="85" designID="50746" materials="192">
        <Bone refID="85" transformation="0,-1,0,1,0,0,0,0,0.99999994039535522,2.9519920349121094,13.772075653076172,0.48800182342529297">
        </Bone>
      </Part>
    </Brick>
    <Brick refID="86" designID="3023">
      <Part refID="86" designID="3023" materials="192">
        <Bone refID="86" transformation="0,0,-1.0000001192092896,1,0,0,0,-1,0,2.6320114135742187,13.772075653076172,0.48800182342529297">
        </Bone>
      </Part>
    </Brick>
    <Brick refID="87" designID="50746">
      <Part refID="87" designID="50746" materials="192">
        <Bone refID="87" transformation="0,1,0,1,0,0,0,0,-1,2.9519920349121094,13.772075653076172,-0.31199932098388672">
        </Bone>
      </Part>
    </Brick>
    <Brick refID="88" designID="61406">
      <Part refID="88" designID="61406" materials="192,0" decoration="0">
        <Bone refID="88" transformation="0.70710742473602295,0,0.70710635185241699,0.70710635185241699,0,-0.70710736513137817,0,1.0000001192092896,0,1.6954107284545898,14.572075843811035,-1.7730998992919922">
        </Bone>
      </Part>
    </Brick>
    <Brick refID="89" designID="3044">
      <Part refID="89" designID="3044" materials="26">
        <Bone refID="89" transformation="0,1.0000001192092896,0,0.70710635185241699,0,-0.70710736513137817,-0.70710736513137817,0,-0.70710623264312744,1.9216823577880859,14.572075843811035,-1.9993782043457031">
        </Bone>
      </Part>
    </Brick>
    <Brick refID="90" designID="3022">
      <Part refID="90" designID="3022" materials="138">
        <Bone refID="90" transformation="0,1.0000001192092896,0,0.70710635185241699,0,-0.70710736513137817,-0.70710736513137817,0,-0.70710623264312744,1.4691295623779297,13.772072792053223,-1.5468292236328125">
        </Bone>
      </Part>
    </Brick>
    <Brick refID="91" designID="50746">
      <Part refID="91" designID="50746" materials="192">
        <Bone refID="91" transformation="0,-1,0,0.70710647106170654,0,-0.7071070671081543,0.7071070671081543,0,0.70710641145706177,2.4873638153076172,13.772076606750488,-1.4336929321289062">
        </Bone>
      </Part>
    </Brick>
    <Brick refID="92" designID="3023">
      <Part refID="92" designID="3023" materials="192">
        <Bone refID="92" transformation="-0.70710724592208862,0,-0.70710647106170654,0.70710641145706177,0,-0.70710718631744385,0,-1,0,2.2610902786254883,13.772076606750488,-1.2074165344238281">
        </Bone>
      </Part>
    </Brick>
    <Brick refID="93" designID="50746">
      <Part refID="93" designID="50746" materials="192">
        <Bone refID="93" transformation="0,1.0000001192092896,0,0.70710635185241699,0,-0.70710736513137817,-0.70710736513137817,0,-0.70710623264312744,1.9216823577880859,13.772076606750488,-1.9993782043457031">
        </Bone>
      </Part>
    </Brick>
    <Brick refID="94" designID="61406">
      <Part refID="94" designID="61406" materials="192,0" decoration="0">
        <Bone refID="94" transformation="1,0,0,0,0,-1,0,1,0,0,14.572075843811035,-2.1439952850341797">
        </Bone>
      </Part>
    </Brick>
    <Brick refID="95" designID="3044">
      <Part refID="95" designID="3044" materials="26">
        <Bone refID="95" transformation="0,1.0000001192092896,0,0,0,-1.0000001192092896,-1.0000001192092896,0,0,0,14.572075843811035,-2.4639949798583984">
        </Bone>
      </Part>
    </Brick>
    <Brick refID="96" designID="3022">
      <Part refID="96" designID="3022" materials="138">
        <Bone refID="96" transformation="0,1.0000001192092896,0,0,0,-1.0000001192092896,-1.0000001192092896,0,0,0,13.772075653076172,-1.8239955902099609">
        </Bone>
      </Part>
    </Brick>
    <Brick refID="97" designID="50746">
      <Part refID="97" designID="50746" materials="192">
        <Bone refID="97" transformation="0,-1.0000001192092896,0,0,0,-1.0000001192092896,1.0000001192092896,0,0,0.79999446868896484,13.772075653076172,-2.4639949798583984">
        </Bone>
      </Part>
    </Brick>
    <Brick refID="98" designID="3023">
      <Part refID="98" designID="3023" materials="192">
        <Bone refID="98" transformation="-1,0,0,0,0,-1.0000001192092896,0,-1.0000001192092896,0,0.79999446868896484,13.772075653076172,-2.1439952850341797">
        </Bone>
      </Part>
    </Brick>
    <Brick refID="99" designID="50746">
      <Part refID="99" designID="50746" materials="192">
        <Bone refID="99" transformation="0,1.0000001192092896,0,0,0,-1.0000001192092896,-1.0000001192092896,0,0,0,13.772075653076172,-2.4639949798583984">
        </Bone>
      </Part>
    </Brick>
    <Brick refID="100" designID="61406">
      <Part refID="100" designID="61406" materials="192,0" decoration="0">
        <Bone refID="100" transformation="-0.70710718631744385,0,-0.70710641145706177,-0.70710641145706177,0,0.70710718631744385,0,1,0,-0.89542484283447266,14.572074890136719,1.9491062164306641">
        </Bone>
      </Part>
    </Brick>
    <Brick refID="101" designID="3044">
      <Part refID="101" designID="3044" materials="26">
        <Bone refID="101" transformation="0,1,0,-0.70710647106170654,0,0.7071073055267334,0.7071073055267334,0,0.70710647106170654,-1.1217002868652344,14.572074890136719,2.175384521484375">
        </Bone>
      </Part>
    </Brick>
    <Brick refID="102" designID="3022">
      <Part refID="102" designID="3022" materials="138">
        <Bone refID="102" transformation="0,1,0,-0.70710647106170654,0,0.7071073055267334,0.7071073055267334,0,0.70710647106170654,-0.66915512084960938,13.772074699401855,1.7228355407714844">
        </Bone>
      </Part>
    </Brick>
    <Brick refID="103" designID="50746">
      <Part refID="103" designID="50746" materials="192">
        <Bone refID="103" transformation="0,1,0,-0.70710647106170654,0,0.7071073055267334,0.7071073055267334,0,0.70710647106170654,-1.1217002868652344,13.772074699401855,2.1753826141357422">
        </Bone>
      </Part>
    </Brick>
    <Brick refID="104" designID="3023">
      <Part refID="104" designID="3023" materials="192">
        <Bone refID="104" transformation="0.70710742473602295,0,0.70710629224777222,-0.70710629224777222,0,0.70710742473602295,0,-1,0,-1.4611101150512695,13.772074699401855,1.3834238052368164">
        </Bone>
      </Part>
    </Brick>
    <Brick refID="105" designID="50746">
      <Part refID="105" designID="50746" materials="192">
        <Bone refID="105" transformation="0,-1,0,-0.70710623264312744,0,0.70710736513137817,-0.70710736513137817,0,-0.70710623264312744,-1.6873893737792969,13.772074699401855,1.6096973419189453">
        </Bone>
      </Part>
    </Brick>
    <Brick refID="106" designID="61406">
      <Part refID="106" designID="61406" materials="192,0" decoration="0">
        <Bone refID="106" transformation="0,0,-1,-1,0,0,0,1,0,-1.8320093154907227,14.572074890136719,0.48800086975097656">
        </Bone>
      </Part>
    </Brick>
    <Brick refID="107" designID="3044">
      <Part refID="107" designID="3044" materials="26">
        <Bone refID="107" transformation="0,1,0,-1,0,0,0,0,0.99999994039535522,-2.1520061492919922,14.572074890136719,0.48800182342529297">
        </Bone>
      </Part>
    </Brick>
    <Brick refID="108" designID="3022">
      <Part refID="108" designID="3022" materials="138">
        <Bone refID="108" transformation="0,1,0,-1,0,0,0,0,0.99999994039535522,-1.5120067596435547,13.772074699401855,0.48800182342529297">
        </Bone>
      </Part>
    </Brick>
    <Brick refID="109" designID="3023">
      <Part refID="109" designID="3023" materials="192">
        <Bone refID="109" transformation="0,0,1.0000001192092896,-1.0000001192092896,0,0,0,-1.0000001192092896,0,-1.8319911956787109,13.772074699401855,-0.31199741363525391">
        </Bone>
      </Part>
    </Brick>
    <Brick refID="110" designID="50746">
      <Part refID="110" designID="50746" materials="192">
        <Bone refID="110" transformation="0,1,0,-1,0,0,0,0,0.99999994039535522,-2.1520061492919922,13.772074699401855,0.48800182342529297">
        </Bone>
      </Part>
    </Brick>
    <Brick refID="111" designID="50746">
      <Part refID="111" designID="50746" materials="192">
        <Bone refID="111" transformation="0,-1,0,-1,0,0,0,0,-1,-2.1520061492919922,13.772074699401855,-0.31199741363525391">
        </Bone>
      </Part>
    </Brick>
    <Brick refID="112" designID="61406">
      <Part refID="112" designID="61406" materials="192,0" decoration="0">
        <Bone refID="112" transformation="0.7071075439453125,0,-0.70710617303848267,-0.70710617303848267,0,-0.7071075439453125,0,1.0000001192092896,0,-1.4611139297485352,14.572075843811035,-1.2074184417724609">
        </Bone>
      </Part>
    </Brick>
    <Brick refID="113" designID="3044">
      <Part refID="113" designID="3044" materials="26">
        <Bone refID="113" transformation="0,1,0,-0.70710617303848267,0,-0.70710742473602295,-0.70710742473602295,0,0.70710623264312744,-1.6873855590820313,14.572075843811035,-1.4337024688720703">
        </Bone>
      </Part>
    </Brick>
    <Brick refID="114" designID="3022">
      <Part refID="114" designID="3022" materials="138">
        <Bone refID="114" transformation="0,1,0,-0.70710617303848267,0,-0.70710742473602295,-0.70710742473602295,0,0.70710623264312744,-1.2348413467407227,13.772075653076172,-0.98115348815917969">
        </Bone>
      </Part>
    </Brick>
    <Brick refID="115" designID="3023">
      <Part refID="115" designID="3023" materials="192">
        <Bone refID="115" transformation="-0.7071073055267334,0,0.70710629224777222,-0.70710629224777222,0,-0.7071073055267334,0,-1,0,-0.89542484283447266,13.772075653076172,-1.7731056213378906">
        </Bone>
      </Part>
    </Brick>
    <Brick refID="116" designID="50746">
      <Part refID="116" designID="50746" materials="192">
        <Bone refID="116" transformation="0,-1,0,-0.70710587501525879,0,-0.70710772275924683,0.70710772275924683,0,-0.70710587501525879,-1.1216974258422852,13.772075653076172,-1.9993877410888672">
        </Bone>
      </Part>
    </Brick>
    <Brick refID="117" designID="50746">
      <Part refID="117" designID="50746" materials="192">
        <Bone refID="117" transformation="0,1,0,-0.70710617303848267,0,-0.70710742473602295,-0.70710742473602295,0,0.70710623264312744,-1.6873855590820313,13.772075653076172,-1.4337024688720703">
        </Bone>
      </Part>
    </Brick>
    <Brick refID="118" designID="3024">
      <Part refID="118" designID="3024" materials="26">
        <Bone refID="118" transformation="-0.13917295634746552,0.99026811122894287,0,0.99026811122894287,0.1391729861497879,0,0,0,-1,1.8340215682983398,5.0603466033935547,0.087999343872070313">
        </Bone>
      </Part>
    </Brick>
    <Brick refID="119" designID="6005">
      <Part refID="119" designID="6005" materials="26">
        <Bone refID="119" transformation="0,0,1,0.99026811122894287,0.13917295634746552,0,-0.13917297124862671,0.99026811122894287,0,0.88335895538330078,4.9267411231994629,-1.5120010375976562">
        </Bone>
      </Part>
    </Brick>
    <Brick refID="120" designID="6005">
      <Part refID="120" designID="6005" materials="26">
        <Bone refID="120" transformation="-1,0,0,0,0.13917352259159088,0.9902680516242981,0,0.9902680516242981,-0.13917341828346252,1.9999914169311523,4.9267392158508301,0.57137107849121094">
        </Bone>
      </Part>
    </Brick>
    <Brick refID="121" designID="3024">
      <Part refID="121" designID="3024" materials="26">
        <Bone refID="121" transformation="0,0.99026799201965332,-0.13917326927185059,0,0.13917331397533417,0.99026799201965332,1,0,0,0.39999485015869141,5.0603446960449219,1.5220298767089844">
        </Bone>
      </Part>
    </Brick>
  </Bricks>
  <RigidSystems>
    <RigidSystem>
      <Rigid refID="0" transformation="-1,0,0,0,0,1.0000001192092896,0,1.0000001192092896,0,14.399994850158691,14.572072982788086,-12.879999160766602" boneRefs="0,1,2,3,4,5"/>
      <Rigid refID="1" transformation="0,0,1,0,0.99999994039535522,0,-1,0,0,13.599991798400879,14.752073287963867,-15.511999130249023" boneRefs="6,7,8,9,10,11,12,13,14,15,16,17,18,19,20,21,22,23,24,25,26,27,28,29,30,31,32,33,34,35,36,37,38,39,40,41,42,43,44,45,46,47,48,49,50,51,52,53,54,55,56,57,58,59,60,61,62,63,64,65,66,67,68,69,70,71"/>
