<?xml version="1.0" encoding="UTF-8" standalone="no" ?>
<LXFML versionMajor="5" versionMinor="0">
  <Meta>
    <Application name="LEGO Universe" versionMajor="0" versionMinor="0"/>
    <Brand name="LEGOUniverse"/>
    <BrickSet version="330"/>
  </Meta>
  <Bricks>
    <Brick refID="0" designID="3069">
      <Part refID="0" designID="3069" materials="24,0" decoration="0">
        <Bone refID="0" transformation="0.99999994039535522,0,0,0,0,1,0,-1,0,0.64294660091400146,19.41798210144043,1.2799896001815796">
        </Bone>
      </Part>
    </Brick>
    <Brick refID="1" designID="3623">
      <Part refID="1" designID="3623" materials="24">
        <Bone refID="1" transformation="0,1.0000001192092896,0,0,0,1.0000001192092896,1.0000001192092896,0,0,1.4431747198104858,17.817983627319336,0.95998990535736084">
        </Bone>
      </Part>
    </Brick>
    <Brick refID="2" designID="2420">
      <Part refID="2" designID="2420" materials="24">
        <Bone refID="2" transformation="0,-1.0000001192092896,0,0,0,1.0000001192092896,-1.0000001192092896,0,0,0.64316785335540771,19.417980194091797,0.95998990535736084">
        </Bone>
      </Part>
    </Brick>
    <Brick refID="3" designID="3069">
      <Part refID="3" designID="3069" materials="24,0" decoration="0">
        <Bone refID="3" transformation="0,-1.0000001192092896,0,0,0,1.0000001192092896,-1.0000001192092896,0,0,-0.15683138370513916,18.618204116821289,1.2799819707870483">
        </Bone>
      </Part>
    </Brick>
    <Brick refID="4" designID="3623">
      <Part refID="4" designID="3623" materials="24">
        <Bone refID="4" transformation="0,1.0000001192092896,0,0,0,1.0000001192092896,1.0000001192092896,0,0,-0.15682375431060791,16.217983245849609,0.95998227596282959">
        </Bone>
      </Part>
    </Brick>
    <Brick refID="5" designID="73983">
      <Part refID="5" designID="2429" materials="192">
        <Bone refID="5" transformation="0.90630686283111572,0.4226205050945282,0,0,0,1.0000001192092896,0.4226205050945282,-0.90630686283111572,0,-4.2134413719177246,15.673356056213379,0.31999814510345459">
        </Bone>
      </Part>
      <Part refID="6" designID="2430" materials="192">
        <Bone refID="6" transformation="0.99999994039535522,0,0,0,0,1,0,-1,0,-2.5568156242370605,16.217979431152344,0.31999814510345459">
        </Bone>
      </Part>
    </Brick>
    <Brick refID="6" designID="3460">
      <Part refID="7" designID="3460" materials="192">
        <Bone refID="7" transformation="-0.90630614757537842,-0.42262187600135803,0,0,0,1.0000001192092896,-0.42262187600135803,0.90630620718002319,0,-3.4883971214294434,16.011457443237305,0.63999807834625244">
        </Bone>
      </Part>
    </Brick>
    <Brick refID="7" designID="2420">
      <Part refID="8" designID="2420" materials="24">
        <Bone refID="8" transformation="0.42262056469917297,-0.90630686283111572,0,0,0,1,-0.90630686283111572,-0.42262056469917297,0,-7.4517216682434082,15.046024322509766,1.2799974679946899">
        </Bone>
      </Part>
    </Brick>
    <Brick refID="8" designID="3623">
      <Part refID="9" designID="3623" materials="24">
        <Bone refID="9" transformation="-0.90630632638931274,-0.42262157797813416,0,0,0,1,-0.42262157797813416,0.90630632638931274,0,-7.1136255264282227,14.320976257324219,0.96000564098358154">
        </Bone>
      </Part>
    </Brick>
    <Brick refID="9" designID="3070">
      <Part refID="10" designID="3070" materials="24,0" decoration="0">
        <Bone refID="10" transformation="-0.90630614757537842,-0.42262187600135803,0,0,0,1.0000001192092896,-0.42262187600135803,0.90630620718002319,0,-8.5637140274047852,13.644784927368164,1.2799974679946899">
        </Bone>
      </Part>
    </Brick>
    <Brick refID="10" designID="3666">
      <Part refID="11" designID="3666" materials="192">
        <Bone refID="11" transformation="-1,0,0,0,0,1,0,1,0,1.4431768655776978,16.217988967895508,0.63999807834625244">
        </Bone>
      </Part>
    </Brick>
    <Brick refID="11" designID="73983">
      <Part refID="12" designID="2429" materials="192">
        <Bone refID="12" transformation="0.99999994039535522,0,0,0,0,1,0,-1,0,0.64317500591278076,16.217985153198242,0.31999826431274414">
        </Bone>
      </Part>
      <Part refID="13" designID="2430" materials="192">
        <Bone refID="13" transformation="0.90630912780761719,-0.42261561751365662,0,0,0,1.0000001192092896,-0.42261561751365662,-0.90630912780761719,0,2.3747506141662598,16.011465072631836,0.32000195980072021">
        </Bone>
      </Part>
    </Brick>
    <Brick refID="12" designID="3024">
      <Part refID="14" designID="3024" materials="192">
        <Bone refID="14" transformation="-1,0,0,0,0,1,0,1,0,-2.5568196773529053,16.217979431152344,0.959999680519104">
        </Bone>
      </Part>
    </Brick>
    <Brick refID="13" designID="3710">
      <Part refID="15" designID="3710" materials="24">
        <Bone refID="15" transformation="0,1.0000001192092896,0,0,0,1.0000001192092896,1.0000001192092896,0,0,-2.5568158626556396,16.217981338500977,1.2799955606460571">
        </Bone>
      </Part>
    </Brick>
    <Brick refID="14" designID="2420">
      <Part refID="16" designID="2420" materials="24">
        <Bone refID="16" transformation="0,1.0000001192092896,0,0,0,1.0000001192092896,1.0000001192092896,0,0,-2.5568158626556396,17.017980575561523,0.95999777317047119">
        </Bone>
      </Part>
    </Brick>
    <Brick refID="15" designID="3070">
      <Part refID="17" designID="3070" materials="24,0" decoration="0">
        <Bone refID="17" transformation="-1,0,0,0,0,1,0,1,0,-1.7568185329437256,17.81797981262207,1.2799974679946899">
        </Bone>
      </Part>
    </Brick>
    <Brick refID="16" designID="3023">
      <Part refID="18" designID="3023" materials="192">
        <Bone refID="18" transformation="-1,0,0,0,0,1,0,1,0,-0.15682601928710938,16.217985153198242,0.31999826431274414">
        </Bone>
      </Part>
    </Brick>
    <Brick refID="17" designID="3460">
      <Part refID="19" designID="3460" materials="192">
        <Bone refID="19" transformation="0.90630900859832764,-0.42261582612991333,0,0,0,1,-0.42261582612991333,-0.90630894899368286,0,2.3747549057006836,16.011465072631836,0.64000189304351807">
        </Bone>
      </Part>
    </Brick>
    <Brick refID="18" designID="3024">
      <Part refID="20" designID="3024" materials="24">
        <Bone refID="20" transformation="-0.90630948543548584,0.42261463403701782,0,0,0,1.0000001192092896,0.42261466383934021,0.90630972385406494,0,5.9999885559082031,14.321004867553711,0.96000158786773682">
        </Bone>
      </Part>
    </Brick>
    <Brick refID="19" designID="3623">
      <Part refID="21" designID="3623" materials="24">
        <Bone refID="21" transformation="-0.90630894899368286,0.42261582612991333,0,0,0,1,0.42261582612991333,0.90630894899368286,0,7.4500832557678223,13.644824028015137,1.2799993753433228">
        </Bone>
      </Part>
    </Brick>
    <Brick refID="20" designID="3024">
      <Part refID="22" designID="3024" materials="24">
        <Bone refID="22" transformation="-0.90630948543548584,0.42261463403701782,0,0,0,1.0000001192092896,0.42261466383934021,0.90630972385406494,0,7.4500842094421387,13.644821166992188,0.96000158786773682">
        </Bone>
      </Part>
    </Brick>
    <Brick refID="21" designID="3024">
      <Part refID="23" designID="3024" materials="192">
        <Bone refID="23" transformation="-1,0,0,0,0,1,0,1,0,5.9999966621398926,14.321001052856445,0.32000219821929932">
        </Bone>
      </Part>
    </Brick>
    <Brick refID="22" designID="3024">
      <Part refID="24" designID="3024" materials="192">
        <Bone refID="24" transformation="-1,0,0,0,0,1,0,1,0,5.9999985694885254,14.321002960205078,0">
        </Bone>
      </Part>
    </Brick>
    <Brick refID="23" designID="87087">
      <Part refID="25" designID="87087" materials="192">
        <Bone refID="25" transformation="1,0,0,0,1,0,0,0,1,6.0000004768371582,13.761002540588379,-0.39999723434448242">
        </Bone>
      </Part>
    </Brick>
    <Brick refID="24" designID="3794">
      <Part refID="26" designID="3794" materials="192">
        <Bone refID="26" transformation="0,1.0000001192092896,0,0,0,1.0000001192092896,1.0000001192092896,0,0,-0.55682337284088135,15.817985534667969,0">
        </Bone>
      </Part>
    </Brick>
    <Brick refID="25" designID="3460">
      <Part refID="27" designID="3460" materials="192">
        <Bone refID="27" transformation="0,1.0000001192092896,0,0,0,1.0000001192092896,1.0000001192092896,0,0,-0.55682277679443359,11.017991065979004,-0.32000720500946045">
        </Bone>
      </Part>
    </Brick>
    <Brick refID="26" designID="3024">
      <Part refID="28" designID="3024" materials="192">
        <Bone refID="28" transformation="0.99999994039535522,0,0,0,0,1,0,-1,0,-0.55682277679443359,11.017990112304688,0">
        </Bone>
      </Part>
    </Brick>
    <Brick refID="27" designID="3623">
      <Part refID="29" designID="3623" materials="24">
        <Bone refID="29" transformation="0,1.0000001192092896,0,0,0,1.0000001192092896,1.0000001192092896,0,0,-0.55680179595947266,9.4179954528808594,0.31999027729034424">
        </Bone>
      </Part>
    </Brick>
    <Brick refID="28" designID="3794">
      <Part refID="30" designID="3794" materials="192">
        <Bone refID="30" transformation="0,-1.0000001192092896,0,0,0,1.0000001192092896,-1.0000001192092896,0,0,-0.55682277679443359,15.017986297607422,0">
        </Bone>
      </Part>
    </Brick>
    <Brick refID="29" designID="3069">
      <Part refID="31" designID="3069" materials="192,0" decoration="0">
        <Bone refID="31" transformation="0,1,0,0,0,1,1,0,0,-0.55682277679443359,12.617766380310059,0">
        </Bone>
      </Part>
    </Brick>
    <Brick refID="30" designID="3069">
      <Part refID="32" designID="3069" materials="24,0" decoration="0">
        <Bone refID="32" transformation="0,-1.0000001192092896,0,0,0,1.0000001192092896,-1.0000001192092896,0,0,-0.55680239200592041,11.818205833435059,0.63999402523040771">
        </Bone>
      </Part>
    </Brick>
    <Brick refID="31" designID="3666">
      <Part refID="33" designID="3666" materials="192">
        <Bone refID="33" transformation="-1,0,0,0,0,1.0000001192092896,0,1.0000001192092896,0,4.243187427520752,11.817996978759766,0">
        </Bone>
      </Part>
    </Brick>
    <Brick refID="32" designID="2420">
      <Part refID="34" designID="2420" materials="24">
        <Bone refID="34" transformation="0,-1,0,0,0,1,-1,0,0,0.2431875467300415,12.617984771728516,0.31999170780181885">
        </Bone>
      </Part>
    </Brick>
    <Brick refID="33" designID="3068">
      <Part refID="35" designID="3068" materials="24,0" decoration="0">
        <Bone refID="35" transformation="-1,0,0,0,0,1.0000001192092896,0,1.0000001192092896,0,1.0431867837905884,12.617996215820312,0.63998138904571533">
        </Bone>
      </Part>
    </Brick>
    <Brick refID="34" designID="3710">
      <Part refID="36" designID="3710" materials="24">
        <Bone refID="36" transformation="0,1.0000001192092896,0,0,0,1.0000001192092896,1.0000001192092896,0,0,1.0431979894638062,9.4179983139038086,0.31998288631439209">
        </Bone>
      </Part>
    </Brick>
    <Brick refID="35" designID="3710">
      <Part refID="37" designID="3710" materials="24">
        <Bone refID="37" transformation="0,1.0000001192092896,0,0,0,1.0000001192092896,1.0000001192092896,0,0,4.2431912422180176,9.4180078506469727,0.31998288631439209">
        </Bone>
      </Part>
    </Brick>
    <Brick refID="36" designID="3069">
      <Part refID="38" designID="3069" materials="24,0" decoration="0">
        <Bone refID="38" transformation="-1,0,0,0,0,1.0000001192092896,0,1.0000001192092896,0,5.0434117317199707,11.01800537109375,0.63998258113861084">
        </Bone>
      </Part>
    </Brick>
    <Brick refID="37" designID="2420">
      <Part refID="39" designID="2420" materials="24">
        <Bone refID="39" transformation="0,-1.0000001192092896,0,0,0,1.0000001192092896,-1.0000001192092896,0,0,5.8431878089904785,11.818002700805664,0.31998288631439209">
        </Bone>
      </Part>
    </Brick>
    <Brick refID="38" designID="3069">
      <Part refID="40" designID="3069" materials="24,0" decoration="0">
        <Bone refID="40" transformation="0,-1.0000001192092896,0,0,0,1.0000001192092896,-1.0000001192092896,0,0,5.8431859016418457,12.618224143981934,0.63998258113861084">
        </Bone>
      </Part>
    </Brick>
    <Brick refID="39" designID="3623">
      <Part refID="41" designID="3623" materials="24">
        <Bone refID="41" transformation="-1,0,0,0,0,1.0000001192092896,0,1.0000001192092896,0,5.8431859016418457,12.618002891540527,0.31998288631439209">
        </Bone>
      </Part>
    </Brick>
    <Brick refID="40" designID="3069">
      <Part refID="42" designID="3069" materials="24,0" decoration="0">
        <Bone refID="42" transformation="0,-1.0000001192092896,0,0,0,1.0000001192092896,-1.0000001192092896,0,0,4.2431855201721191,12.618224143981934,0.63998258113861084">
        </Bone>
      </Part>
    </Brick>
    <Brick refID="41" designID="3623">
      <Part refID="43" designID="3623" materials="24">
        <Bone refID="43" transformation="0.99999994039535522,0,0,0,0,1,0,-1,0,1.0431884527206421,12.617990493774414,0.31998288631439209">
        </Bone>
      </Part>
    </Brick>
    <Brick refID="42" designID="3069">
      <Part refID="44" designID="3069" materials="24,0" decoration="0">
        <Bone refID="44" transformation="0,-1.0000001192092896,0,0,0,1.0000001192092896,-1.0000001192092896,0,0,2.6431832313537598,12.618223190307617,0.63998258113861084">
        </Bone>
      </Part>
    </Brick>
    <Brick refID="43" designID="3710">
      <Part refID="45" designID="3710" materials="24">
        <Bone refID="45" transformation="0,1.0000001192092896,0,0,0,1.0000001192092896,1.0000001192092896,0,0,2.6431984901428223,9.4180021286010742,0.31998288631439209">
        </Bone>
      </Part>
    </Brick>
    <Brick refID="44" designID="2420">
      <Part refID="46" designID="2420" materials="24">
        <Bone refID="46" transformation="0,-1.0000001192092896,0,0,0,1.0000001192092896,-1.0000001192092896,0,0,-2.9568023681640625,12.617980003356934,0.31999564170837402">
        </Bone>
      </Part>
    </Brick>
    <Brick refID="45" designID="3460">
      <Part refID="47" designID="3460" materials="192">
        <Bone refID="47" transformation="-1,0,0,0,0,1.0000001192092896,0,1.0000001192092896,0,-0.5568004846572876,11.817987442016602,-1.0371208190917969E-005">
        </Bone>
      </Part>
    </Brick>
    <Brick refID="46" designID="3069">
      <Part refID="48" designID="3069" materials="24,0" decoration="0">
        <Bone refID="48" transformation="0.99999994039535522,0,0,0,0,1,0,-1,0,-2.9570274353027344,12.617979049682617,0.63999330997467041">
        </Bone>
      </Part>
    </Brick>
    <Brick refID="47" designID="3623">
      <Part refID="49" designID="3623" materials="24">
        <Bone refID="49" transformation="0,1.0000001192092896,0,0,0,1.0000001192092896,1.0000001192092896,0,0,-2.156796932220459,11.017982482910156,0.31999623775482178">
        </Bone>
      </Part>
    </Brick>
    <Brick refID="48" designID="3069">
      <Part refID="50" designID="3069" materials="24,0" decoration="0">
        <Bone refID="50" transformation="0,-1.0000001192092896,0,0,0,1.0000001192092896,-1.0000001192092896,0,0,-3.756803035736084,11.818206787109375,0.63999021053314209">
        </Bone>
      </Part>
    </Brick>
    <Brick refID="49" designID="3623">
      <Part refID="51" designID="3623" materials="24">
        <Bone refID="51" transformation="0,1.0000001192092896,0,0,0,1.0000001192092896,1.0000001192092896,0,0,-3.7567954063415527,9.4179868698120117,0.31999051570892334">
        </Bone>
      </Part>
    </Brick>
    <Brick refID="50" designID="63864">
      <Part refID="52" designID="63864" materials="24">
        <Bone refID="52" transformation="-1,0,0,0,0,1.0000001192092896,0,1.0000001192092896,0,-2.156796932220459,10.217985153198242,0.63999021053314209">
        </Bone>
      </Part>
    </Brick>
    <Brick refID="51" designID="3023">
      <Part refID="53" designID="3023" materials="24">
        <Bone refID="53" transformation="0,1.0000001192092896,0,0,0,1.0000001192092896,1.0000001192092896,0,0,-2.1568007469177246,9.4179906845092773,0.31999051570892334">
        </Bone>
      </Part>
    </Brick>
    <Brick refID="52" designID="3069">
      <Part refID="54" designID="3069" materials="24,0" decoration="0">
        <Bone refID="54" transformation="-1,0,0,0,0,1.0000001192092896,0,1.0000001192092896,0,-5.3565802574157715,12.617975234985352,0.63998639583587646">
        </Bone>
      </Part>
    </Brick>
    <Brick refID="53" designID="2420">
      <Part refID="55" designID="2420" materials="24">
        <Bone refID="55" transformation="0,1,0,0,0,1,1,0,0,-6.1568045616149902,11.81796932220459,0.3199845552444458">
        </Bone>
      </Part>
    </Brick>
    <Brick refID="54" designID="2420">
      <Part refID="56" designID="2420" materials="24">
        <Bone refID="56" transformation="0,1.0000001192092896,0,0,0,1.0000001192092896,1.0000001192092896,0,0,-6.9567923545837402,11.017974853515625,0.63998639583587646">
        </Bone>
      </Part>
    </Brick>
    <Brick refID="55" designID="3023">
      <Part refID="57" designID="3023" materials="24">
        <Bone refID="57" transformation="0,1.0000001192092896,0,0,0,1.0000001192092896,1.0000001192092896,0,0,-6.9567923545837402,10.217972755432129,0.31998670101165771">
        </Bone>
      </Part>
    </Brick>
    <Brick refID="56" designID="3069">
      <Part refID="58" designID="3069" materials="24,0" decoration="0">
        <Bone refID="58" transformation="-1,0,0,0,0,1.0000001192092896,0,1.0000001192092896,0,-6.1565718650817871,10.217975616455078,0.63999021053314209">
        </Bone>
      </Part>
    </Brick>
    <Brick refID="57" designID="2420">
      <Part refID="59" designID="2420" materials="24">
        <Bone refID="59" transformation="-1,0,0,0,0,1.0000001192092896,0,1.0000001192092896,0,-5.3567976951599121,9.4179840087890625,0.31999051570892334">
        </Bone>
      </Part>
    </Brick>
    <Brick refID="58" designID="3069">
      <Part refID="60" designID="3069" materials="24,0" decoration="0">
        <Bone refID="60" transformation="-1,0,0,0,0,1.0000001192092896,0,1.0000001192092896,0,-5.3565707206726074,9.4179849624633789,0.6399916410446167">
        </Bone>
      </Part>
    </Brick>
    <Brick refID="59" designID="3023">
      <Part refID="61" designID="3023" materials="24">
        <Bone refID="61" transformation="0.42261582612991333,0.90630906820297241,0,0,0,1.0000001192092896,0.90630906820297241,-0.42261576652526855,0,6.7250313758850098,13.982918739318848,0.95999753475189209">
        </Bone>
      </Part>
    </Brick>
    <Brick refID="60" designID="3623">
      <Part refID="62" designID="3623" materials="24">
        <Bone refID="62" transformation="0.42261582612991333,0.90630906820297241,0,0,0,1.0000001192092896,0.90630906820297241,-0.42261576652526855,0,7.4012188911437988,15.433009147644043,0.95999753475189209">
        </Bone>
      </Part>
    </Brick>
    <Brick refID="61" designID="63864">
      <Part refID="63" designID="63864" materials="24">
        <Bone refID="63" transformation="0.42261573672294617,0.90630906820297241,0,0,0,1,0.90630906820297241,-0.42261576652526855,0,7.0631289482116699,14.70796012878418,1.2799979448318481">
        </Bone>
      </Part>
    </Brick>
    <Brick refID="62" designID="3024">
      <Part refID="64" designID="3024" materials="24">
        <Bone refID="64" transformation="-0.90630900859832764,0.42261573672294617,0,0,0,1,0.42261573672294617,0.90630900859832764,0,7.3523526191711426,17.221193313598633,0.96000134944915771">
        </Bone>
      </Part>
    </Brick>
    <Brick refID="63" designID="3623">
      <Part refID="65" designID="3623" materials="24">
        <Bone refID="65" transformation="-0.90631037950515747,0.42261254787445068,0,0,0,1,0.42261254787445068,0.90631037950515747,0,8.8024482727050781,16.545009613037109,1.279999852180481">
        </Bone>
      </Part>
    </Brick>
    <Brick refID="64" designID="3024">
      <Part refID="66" designID="3024" materials="24">
        <Bone refID="66" transformation="-0.90630894899368286,0.42261570692062378,0,0,0,1,0.42261570692062378,0.90630894899368286,0,8.8024473190307617,16.545007705688477,0.96000206470489502">
        </Bone>
      </Part>
    </Brick>
    <Brick refID="65" designID="2357">
      <Part refID="67" designID="2357" materials="192">
        <Bone refID="67" transformation="1,0,0,0,1,0,0,0,1,5.9999985694885254,13.76099967956543,-1.2000004053115845">
        </Bone>
      </Part>
    </Brick>
    <Brick refID="66" designID="4150">
      <Part refID="68" designID="4150" materials="192,0" decoration="0">
        <Bone refID="68" transformation="-1,0,0,0,1,0,0,0,-1,6.7999997138977051,14.720999717712402,-1.2000023126602173">
        </Bone>
      </Part>
    </Brick>
    <Brick refID="67" designID="75347">
      <Part refID="69" designID="75347" materials="192">
        <Bone refID="69" transformation="-1,0,0,0,1,0,0,0,-1,6.7999997138977051,3.2010006904602051,-1.2000023126602173">
        </Bone>
      </Part>
    </Brick>
    <Brick refID="68" designID="3005">
      <Part refID="70" designID="3005" materials="194,0" decoration="0">
        <Bone refID="70" transformation="-1,0,0,0,1,0,0,0,-1,6.0000004768371582,2.2410006523132324,-1.1999984979629517">
        </Bone>
      </Part>
    </Brick>
    <Brick refID="69" designID="3005">
      <Part refID="71" designID="3005" materials="194,0" decoration="0">
        <Bone refID="71" transformation="-1,0,0,0,1,0,0,0,-1,6.0000004768371582,1.2810007333755493,-1.2000023126602173">
        </Bone>
      </Part>
    </Brick>
    <Brick refID="70" designID="3045">
      <Part refID="72" designID="3045" materials="194">
        <Bone refID="72" transformation="0,0,1,0,0.99999994039535522,0,-1,0,0,6.0000004768371582,0.32100069522857666,-1.2000023126602173">
        </Bone>
      </Part>
    </Brick>
    <Brick refID="71" designID="3623">
      <Part refID="73" designID="3623" materials="36">
        <Bone refID="73" transformation="-1,0,0,0,1,0,0,0,-1,6.7999997138977051,0.0010009999386966228,-1.2000023126602173">
        </Bone>
      </Part>
    </Brick>
    <Brick refID="72" designID="3710">
      <Part refID="74" designID="3710" materials="36">
        <Bone refID="74" transformation="-1,0,0,0,1,0,0,0,-1,7.5999999046325684,0.0010009999386966228,-2.0000014305114746">
        </Bone>
      </Part>
    </Brick>
    <Brick refID="73" designID="3685">
      <Part refID="75" designID="3685" materials="194">
        <Bone refID="75" transformation="-1,0,0,0,1,0,0,0,-1,6.7999997138977051,0.32100069522857666,-1.2000023126602173">
        </Bone>
      </Part>
    </Brick>
    <Brick refID="74" designID="3005">
      <Part refID="76" designID="3005" materials="194,0" decoration="0">
        <Bone refID="76" transformation="-1,0,0,0,1,0,0,0,-1,6.7999997138977051,2.2410006523132324,-0.39999926090240479">
        </Bone>
      </Part>
    </Brick>
    <Brick refID="75" designID="3005">
      <Part refID="77" designID="3005" materials="194,0" decoration="0">
        <Bone refID="77" transformation="-1,0,0,0,1,0,0,0,-1,6.7999997138977051,1.2810007333755493,-0.40000307559967041">
        </Bone>
      </Part>
    </Brick>
    <Brick refID="76" designID="3045">
      <Part refID="78" designID="3045" materials="194">
        <Bone refID="78" transformation="0,0,-1,0,0.99999994039535522,0,1,0,0,6.7999997138977051,0.32100069522857666,-0.40000307559967041">
        </Bone>
      </Part>
    </Brick>
    <Brick refID="77" designID="2450">
      <Part refID="79" designID="2450" materials="36">
        <Bone refID="79" transformation="0,0,-1,0,0.99999994039535522,0,1,0,0,7.5999999046325684,0.0010009999386966228,0.39999997615814209">
        </Bone>
      </Part>
    </Brick>
    <Brick refID="78" designID="6064">
      <Part refID="80" designID="6064" materials="37">
        <Bone refID="80" transformation="1,0,0,0,1,0,0,0,1,8.4000005722045898,0.32100069522857666,1.199999213218689">
        </Bone>
      </Part>
    </Brick>
    <Brick refID="79" designID="3023">
      <Part refID="81" designID="3023" materials="36">
        <Bone refID="81" transformation="-1,0,0,0,1,0,0,0,-1,9.2000026702880859,0.0010009999386966228,1.199999213218689">
        </Bone>
      </Part>
    </Brick>
    <Brick refID="80" designID="60481">
      <Part refID="82" designID="60481" materials="194">
        <Bone refID="82" transformation="0,0,1,0,0.99999994039535522,0,-1,0,0,6.0000004768371582,1.2809991836547852,-0.39999926090240479">
        </Bone>
      </Part>
    </Brick>
    <Brick refID="81" designID="50746">
      <Part refID="83" designID="50746" materials="194">
        <Bone refID="83" transformation="0,0,1,0,0.99999994039535522,0,-1,0,0,6.000002384185791,1.2809990644454956,0.39999997615814209">
        </Bone>
      </Part>
    </Brick>
    <Brick refID="82" designID="3004">
      <Part refID="84" designID="3004" materials="194,0,0,0" decoration="0,0,0">
        <Bone refID="84" transformation="0,0,-1,0,0.99999994039535522,0,1,0,0,6.000002384185791,0.32099908590316772,0.39999997615814209">
        </Bone>
      </Part>
    </Brick>
    <Brick refID="83" designID="50746">
      <Part refID="85" designID="50746" materials="194">
        <Bone refID="85" transformation="0,0,1,0,0.99999994039535522,0,-1,0,0,4.4000020027160645,0.32099908590316772,-0.39999926090240479">
        </Bone>
      </Part>
    </Brick>
    <Brick refID="84" designID="60479">
      <Part refID="86" designID="60479" materials="36">
        <Bone refID="86" transformation="-1,0,0,0,1,0,0,0,-1,6.8000016212463379,0.00099908187985420227,-0.39999926090240479">
        </Bone>
      </Part>
    </Brick>
    <Brick refID="85" designID="3069">
      <Part refID="87" designID="3069" materials="36,0" decoration="0">
        <Bone refID="87" transformation="-1,0,0,0,1,0,0,0,-1,-1.9997764825820923,0.32099908590316772,-0.39999926090240479">
        </Bone>
      </Part>
    </Brick>
    <Brick refID="86" designID="3003">
      <Part refID="88" designID="3003" materials="194,0,0" decoration="0,0">
        <Bone refID="88" transformation="-1,0,0,0,1,0,0,0,-1,-6.8000006675720215,1.2809990644454956,-2.0000014305114746">
        </Bone>
      </Part>
    </Brick>
    <Brick refID="87" designID="2357">
      <Part refID="89" designID="2357" materials="194">
        <Bone refID="89" transformation="0,0,-1,0,1,0,1,0,0,-7.5999960899353027,0.32099908590316772,-1.2000004053115845">
        </Bone>
      </Part>
    </Brick>
    <Brick refID="88" designID="3045">
      <Part refID="90" designID="3045" materials="194">
        <Bone refID="90" transformation="-1,0,0,0,1,0,0,0,-1,-7.5999999046325684,2.2409989833831787,-1.2000004053115845">
        </Bone>
      </Part>
    </Brick>
    <Brick refID="89" designID="3022">
      <Part refID="91" designID="3022" materials="36">
        <Bone refID="91" transformation="-1,0,0,0,1,0,0,0,-1,-7.5999999046325684,0.00099909259006381035,-2.0000014305114746">
        </Bone>
      </Part>
    </Brick>
    <Brick refID="90" designID="3685">
      <Part refID="92" designID="3685" materials="194">
        <Bone refID="92" transformation="0,0,1,0,0.99999994039535522,0,-1,0,0,-8.3999996185302734,0.32099908590316772,-1.2000023126602173">
        </Bone>
      </Part>
    </Brick>
    <Brick refID="91" designID="3623">
      <Part refID="93" designID="3623" materials="36">
        <Bone refID="93" transformation="0,0,-1,0,0.99999994039535522,0,1,0,0,-9.1999931335449219,0.00099909259006381035,-0.4000011682510376">
        </Bone>
      </Part>
    </Brick>
    <Brick refID="92" designID="3040">
      <Part refID="94" designID="3040" materials="194,0" decoration="0">
        <Bone refID="94" transformation="0,0,-1,0,0.99999994039535522,0,1,0,0,-6.7999968528747559,0.32099908590316772,-1.2000004053115845">
        </Bone>
      </Part>
    </Brick>
    <Brick refID="93" designID="2420">
      <Part refID="95" designID="2420" materials="36">
        <Bone refID="95" transformation="-1,0,0,0,1,0,0,0,-1,-6.0000033378601074,0.00099908187985420227,-1.2000004053115845">
        </Bone>
      </Part>
    </Brick>
    <Brick refID="94" designID="75347">
      <Part refID="96" designID="75347" materials="192">
        <Bone refID="96" transformation="-1,0,0,0,1,0,0,0,-1,-7.5999999046325684,3.2009990215301514,-1.2000023126602173">
        </Bone>
      </Part>
    </Brick>
    <Brick refID="95" designID="2357">
      <Part refID="97" designID="2357" materials="192">
        <Bone refID="97" transformation="0,0,-1,0,1,0,1,0,0,-8.3999958038330078,13.76099967956543,-0.4000011682510376">
        </Bone>
      </Part>
    </Brick>
    <Brick refID="96" designID="4150">
      <Part refID="98" designID="4150" materials="192,0" decoration="0">
        <Bone refID="98" transformation="-1,0,0,0,1,0,0,0,-1,-7.5999999046325684,14.720999717712402,-1.2000023126602173">
        </Bone>
      </Part>
    </Brick>
    <Brick refID="97" designID="3065">
      <Part refID="99" designID="3065" materials="194">
        <Bone refID="99" transformation="0,0,-1,0,0.99999994039535522,0,1,0,0,-8.3999958038330078,0.32099908590316772,0.4000018835067749">
        </Bone>
      </Part>
    </Brick>
    <Brick refID="98" designID="3685">
      <Part refID="100" designID="3685" materials="194">
        <Bone refID="100" transformation="0,0,-1,0,0.99999994039535522,0,1,0,0,-7.5999979972839355,0.32099908590316772,-0.40000128746032715">
        </Bone>
      </Part>
    </Brick>
    <Brick refID="99" designID="3460">
      <Part refID="101" designID="3460" materials="36">
        <Bone refID="101" transformation="-1,0,0,0,1,0,0,0,-1,-2.7999987602233887,0.00099908187985420227,-0.39999938011169434">
        </Bone>
      </Part>
    </Brick>
    <Brick refID="100" designID="3710">
      <Part refID="102" designID="3710" materials="36">
        <Bone refID="102" transformation="-1,0,0,0,1,0,0,0,-1,-6.8000025749206543,0,0.39999985694885254">
        </Bone>
      </Part>
    </Brick>
    <Brick refID="101" designID="3040">
      <Part refID="103" designID="3040" materials="194,0" decoration="0">
        <Bone refID="103" transformation="1,0,0,0,1,0,0,0,1,-9.1999969482421875,0.32099902629852295,-0.4000011682510376">
        </Bone>
      </Part>
    </Brick>
    <Brick refID="102" designID="3040">
      <Part refID="104" designID="3040" materials="194,0" decoration="0">
        <Bone refID="104" transformation="0,0,1,0,0.99999994039535522,0,-1,0,0,-8.3999996185302734,1.2809990644454956,-0.39999735355377197">
        </Bone>
      </Part>
    </Brick>
    <Brick refID="103" designID="3040">
      <Part refID="105" designID="3040" materials="194,0" decoration="0">
        <Bone refID="105" transformation="1,0,0,0,1,0,0,0,1,-8.3999958038330078,2.2409989833831787,-0.4000011682510376">
        </Bone>
      </Part>
    </Brick>
    <Brick refID="104" designID="30176">
      <Part refID="106" designID="30176" materials="37">
        <Bone refID="106" transformation="0.35204961895942688,0,-0.93598133325576782,0,1,0,0.93598133325576782,0,0.35204961895942688,-8.3999996185302734,1.2809990644454956,0.40000760555267334">
        </Bone>
      </Part>
    </Brick>
    <Brick refID="105" designID="87087">
      <Part refID="107" designID="87087" materials="192">
        <Bone refID="107" transformation="1,0,0,0,1,0,0,0,1,-7.5999999046325684,13.76099967956543,-0.39999926090240479">
        </Bone>
      </Part>
    </Brick>
    <Brick refID="106" designID="3024">
      <Part refID="108" designID="3024" materials="192">
        <Bone refID="108" transformation="-1,0,0,0,0,1.0000001192092896,0,1.0000001192092896,0,-7.6000018119812012,14.320999145507812,0">
        </Bone>
      </Part>
    </Brick>
    <Brick refID="107" designID="3070">
      <Part refID="109" designID="3070" materials="192,0" decoration="0">
        <Bone refID="109" transformation="0.99999994039535522,0,0,0,0,1,0,-1,0,-7.5999979972839355,14.321000099182129,0.3200000524520874">
        </Bone>
      </Part>
    </Brick>
    <Brick refID="108" designID="3040">
      <Part refID="110" designID="3040" materials="194,0" decoration="0">
        <Bone refID="110" transformation="1,0,0,0,1,0,0,0,1,5.2000012397766113,0.32099908590316772,-0.39999926090240479">
        </Bone>
      </Part>
    </Brick>
    <Brick refID="109" designID="3623">
      <Part refID="111" designID="3623" materials="36">
        <Bone refID="111" transformation="-1,0,0,0,1,0,0,0,-1,6.8000016212463379,0.00099909259006381035,0.39999997615814209">
        </Bone>
      </Part>
    </Brick>
    <Brick refID="110" designID="2431">
      <Part refID="112" designID="2431" materials="24,0" decoration="0">
        <Bone refID="112" transformation="0.42261594533920288,0.90630882978439331,0,0,0,1,0.90630882978439331,-0.42261597514152527,0,3.0997986793518066,15.673381805419922,1.2800048589706421">
        </Bone>
      </Part>
    </Brick>
    <Brick refID="111" designID="3623">
      <Part refID="113" designID="3623" materials="24">
        <Bone refID="113" transformation="0.42261555790901184,0.90630912780761719,0,0,0,1,0.90630912780761719,-0.42261555790901184,0,3.0998005867004395,15.67337703704834,0.96000421047210693">
        </Bone>
      </Part>
    </Brick>
    <Brick refID="112" designID="63864">
      <Part refID="114" designID="63864" materials="24">
        <Bone refID="114" transformation="-0.90630900859832764,0.42261573672294617,0,0,0,1,0.42261573672294617,0.90630900859832764,0,5.9022660255432129,17.897375106811523,1.2800124883651733">
        </Bone>
      </Part>
    </Brick>
    <Brick refID="113" designID="2420">
      <Part refID="115" designID="2420" materials="24">
        <Bone refID="115" transformation="0.42261508107185364,0.90630924701690674,0,0,0,1.0000001192092896,0.90630924701690674,-0.42261505126953125,0,4.1140751838684082,17.848516464233398,0.96001350879669189">
        </Bone>
      </Part>
    </Brick>
    <Brick refID="114" designID="88072">
      <Part refID="116" designID="88072" materials="24">
        <Bone refID="116" transformation="-0.90631037950515747,0.42261254787445068,0,0,0,1,0.42261254787445068,0.90631037950515747,0,5.1772184371948242,18.235469818115234,0.64001381397247314">
        </Bone>
      </Part>
    </Brick>
    <Brick refID="115" designID="60478">
      <Part refID="117" designID="60478" materials="26">
        <Bone refID="117" transformation="0.28129878640174866,-0.95962023735046387,0,0.95962023735046387,0.28129878640174866,0,0,0,1,4.9487347602844238,20.749429702758789,1.4400123357772827">
        </Bone>
      </Part>
    </Brick>
    <Brick refID="116" designID="4733">
      <Part refID="118" designID="4733" materials="26">
        <Bone refID="118" transformation="0,0,1.0000001192092896,0.95962023735046387,0.28129911422729492,0,-0.28129905462265015,0.95962029695510864,0,5.2558140754699707,20.839447021484375,1.4400109052658081">
        </Bone>
      </Part>
    </Brick>
    <Brick refID="117" designID="50746">
      <Part refID="119" designID="50746" materials="26">
        <Bone refID="119" transformation="0,0,1.0000001192092896,-0.28129968047142029,0.95962023735046387,0,-0.95962011814117432,-0.28129968047142029,0,5.6806802749633789,21.380821228027344,1.4400032758712769">
        </Bone>
      </Part>
    </Brick>
    <Brick refID="118" designID="3069">
      <Part refID="120" designID="3069" materials="26,0" decoration="0">
        <Bone refID="120" transformation="-0.79162603616714478,0.61100590229034424,0,0,0,1,0.61100590229034424,0.79162609577178955,0,6.4266791343688965,20.508031845092773,2.1600141525268555">
        </Bone>
      </Part>
    </Brick>
    <Brick refID="119" designID="44301">
      <Part refID="121" designID="44301" materials="26">
        <Bone refID="121" transformation="-0.7916264533996582,0.61100530624389648,0,0,0,0.99999994039535522,0.61100530624389648,0.7916264533996582,0,6.4265027046203613,20.508169174194336,1.8400245904922485">
        </Bone>
      </Part>
    </Brick>
    <Brick refID="120" designID="4070">
      <Part refID="122" designID="4070" materials="26">
        <Bone refID="122" transformation="0,0,-1,0.95962011814117432,0.28129923343658447,0,0.28129923343658447,-0.95962011814117432,0,5.4808506965637207,20.071754455566406,1.4400089979171753">
        </Bone>
      </Part>
    </Brick>
    <Brick refID="121" designID="63864">
      <Part refID="123" designID="63864" materials="26">
        <Bone refID="123" transformation="0.28129878640174866,-0.95962023735046387,0,0.95962023735046387,0.28129878640174866,0,0,0,1,6.1770462989807129,21.1094970703125,1.4400185346603394">
        </Bone>
      </Part>
    </Brick>
    <Brick refID="122" designID="4070">
      <Part refID="124" designID="4070" materials="26">
        <Bone refID="124" transformation="0,0,-1,0.28129822015762329,-0.95962035655975342,0,-0.95962041616439819,-0.28129822015762329,0,6.0890893936157227,19.987588882446289,1.4400089979171753">
        </Bone>
      </Part>
    </Brick>
    <Brick refID="123" designID="2555">
      <Part refID="125" designID="2555" materials="5">
        <Bone refID="125" transformation="0.2812996506690979,-0.95962011814117432,0,-0.95962017774581909,-0.28129944205284119,0,0,0,-1,5.697847843170166,19.289342880249023,1.4400109052658081">
        </Bone>
      </Part>
    </Brick>
    <Brick refID="124" designID="3024">
      <Part refID="126" designID="3024" materials="26">
        <Bone refID="126" transformation="0.28129959106445313,-0.95961999893188477,0,-0.95962017774581909,-0.2812994122505188,0,0,0,-1,6.0049266815185547,19.379354476928711,1.4400123357772827">
        </Bone>
      </Part>
    </Brick>
    <Brick refID="125" designID="3069">
      <Part refID="127" designID="3069" materials="26,0" decoration="0">
        <Bone refID="127" transformation="-0.7916262149810791,0.61100572347640991,0,0,0,-1,-0.61100572347640991,-0.7916262149810791,0,6.4266772270202637,20.508035659790039,0.72001349925994873">
        </Bone>
      </Part>
    </Brick>
    <Brick refID="126" designID="44301">
      <Part refID="128" designID="44301" materials="26">
        <Bone refID="128" transformation="-0.79162734746932983,0.61100441217422485,0,0,0,-1.0000001192092896,-0.61100441217422485,-0.79162734746932983,0,6.4264979362487793,20.508172988891602,1.0400220155715942">
        </Bone>
      </Part>
    </Brick>
    <Brick refID="127" designID="50746">
      <Part refID="129" designID="50746" materials="26">
        <Bone refID="129" transformation="0,0,1,0.28129822015762329,-0.95962035655975342,0,0.95962041616439819,0.28129822015762329,0,6.3591351509094238,19.066352844238281,1.4400166273117065">
        </Bone>
      </Part>
    </Brick>
    <Brick refID="128" designID="53989">
      <Part refID="130" designID="53989" materials="5">
        <Bone refID="130" transformation="0,0,-1.0000001192092896,0.9252467155456543,-0.37936615943908691,0,-0.37936630845069885,-0.9252467155456543,0,4.961296558380127,21.586772918701172,1.4270004034042358">
        </Bone>
      </Part>
    </Brick>
    <Brick refID="129" designID="64847">
      <Part refID="131" designID="64847" materials="199">
        <Bone refID="131" transformation="0.18673749268054962,-0.076565586030483246,0.97942167520523071,-0.90620642900466919,0.37155985832214355,0.20182463526725769,-0.37936660647392273,-0.92524641752243042,0,3.7909703254699707,20.41734504699707,1.4270118474960327">
        </Bone>
      </Part>
    </Brick>
    <Brick refID="130" designID="3023">
      <Part refID="132" designID="3023" materials="24">
