<?xml version="1.0" encoding="UTF-8" standalone="no" ?>
<LXFML versionMajor="5" versionMinor="0">
  <Meta>
    <Application name="LEGO Universe" versionMajor="0" versionMinor="0"/>
    <Brand name="LEGOUniverse"/>
    <BrickSet version="318"/>
  </Meta>
  <Bricks>
    <Brick refID="0" designID="58176">
      <Part refID="0" designID="58176" materials="41">
        <Bone refID="0" transformation="0.65958660840988159,-0.75162869691848755,0,0,0,1.0000001192092896,-0.75162869691848755,-0.65958660840988159,0,-1.6345062255859375,5.9630918502807617,1.5999984741210938">
        </Bone>
      </Part>
    </Brick>
    <Brick refID="1" designID="87087">
      <Part refID="1" designID="87087" materials="191">
        <Bone refID="1" transformation="0.75162863731384277,0.65958666801452637,0,-0.65958666801452637,0.75162869691848755,0,0,0,1.0000001192092896,-1.26513671875,5.542180061340332,1.1999988555908203">
        </Bone>
      </Part>
    </Brick>
    <Brick refID="2" designID="3070">
      <Part refID="2" designID="3070" materials="191,0" decoration="0">
        <Bone refID="2" transformation="0,0,1,-0.65958625078201294,0.75162887573242188,0,-0.75162887573242188,-0.65958625078201294,0,-1.8087480068206787,6.7680997848510742,1.1999988555908203">
        </Bone>
      </Part>
    </Brick>
    <Brick refID="3" designID="3794">
      <Part refID="3" designID="3794" materials="191">
        <Bone refID="3" transformation="-0.75162839889526367,-0.65958678722381592,0,-0.65958678722381592,0.75162839889526367,0,0,0,-1,-1.2970292568206787,6.791412353515625,1.1999988555908203">
        </Bone>
      </Part>
    </Brick>
    <Brick refID="4" designID="4081">
      <Part refID="4" designID="4081" materials="191">
        <Bone refID="4" transformation="0,0,-1,-0.65958666801452637,0.75162851810455322,0,0.75162851810455322,0.65958666801452637,0,-1.0859620571136475,6.5508909225463867,1.1999988555908203">
        </Bone>
      </Part>
    </Brick>
    <Brick refID="5" designID="4740">
      <Part refID="5" designID="4740" materials="41">
        <Bone refID="5" transformation="0.75162816047668457,0.65958702564239502,0,0,0,1,0.65958702564239502,-0.75162822008132935,0,-0.64537984132766724,7.2617092132568359,1.6799983978271484">
        </Bone>
      </Part>
    </Brick>
    <Brick refID="6" designID="3024">
      <Part refID="6" designID="3024" materials="191">
        <Bone refID="6" transformation="0.65958660840988159,-0.75162851810455322,0,0,0,1,-0.75162851810455322,-0.65958660840988159,0,-0.64537984132766724,7.2617092132568359,1.3599987030029297">
        </Bone>
      </Part>
    </Brick>
    <Brick refID="7" designID="3024">
      <Part refID="7" designID="3024" materials="191">
        <Bone refID="7" transformation="0,0,1,-0.65958625078201294,0.75162887573242188,0,-0.75162887573242188,-0.65958625078201294,0,-0.87490075826644897,6.3103704452514648,1.1999988555908203">
        </Bone>
      </Part>
    </Brick>
    <Brick refID="8" designID="3024">
      <Part refID="8" designID="3024" materials="191">
        <Bone refID="8" transformation="0,0,1,-0.65958625078201294,0.75162887573242188,0,-0.75162887573242188,-0.65958625078201294,0,-0.66382771730422974,6.0698480606079102,1.1999988555908203">
        </Bone>
      </Part>
    </Brick>
    <Brick refID="9" designID="6134">
      <Part refID="9" designID="6134" materials="106">
        <Bone refID="9" transformation="0,0,1,-0.65958631038665771,0.7516288161277771,0,-0.7516288161277771,-0.65958631038665771,0,-0.030622363090515137,5.3482847213745117,0.39999955892562866">
        </Bone>
      </Part>
    </Brick>
    <Brick refID="10" designID="6141">
      <Part refID="10" designID="6141" materials="106">
        <Bone refID="10" transformation="0,0,1,-0.65958625078201294,0.75162887573242188,0,-0.75162887573242188,-0.65958625078201294,0,-1.4761979579925537,5.7826995849609375,0.39999955892562866">
        </Bone>
      </Part>
    </Brick>
    <Brick refID="11" designID="4081">
      <Part refID="11" designID="4081" materials="191">
        <Bone refID="11" transformation="-0.751628577709198,-0.65958654880523682,0,-0.65958660840988159,0.751628577709198,0,0,0,-1,-1.2651306390762329,5.5421781539916992,0.39999955892562866">
        </Bone>
      </Part>
    </Brick>
    <Brick refID="12" designID="6141">
      <Part refID="12" designID="6141" materials="106">
        <Bone refID="12" transformation="0,0,1,-0.751628577709198,-0.65958660840988159,0,0.65958660840988159,-0.751628577709198,0,-1.5461099147796631,5.6197929382324219,-0.40000158548355103">
        </Bone>
      </Part>
    </Brick>
    <Brick refID="13" designID="3937">
      <Part refID="13" designID="3937" materials="106">
        <Bone refID="13" transformation="0,0,1,0,1,0,-1,0,0,-0.39999771118164063,5.2091970443725586,0.39999955892562866">
        </Bone>
      </Part>
    </Brick>
    <Brick refID="14" designID="2540">
      <Part refID="14" designID="2540" materials="191">
        <Bone refID="14" transformation="1,0,0,0,0.99999994039535522,0,0,0,1,-0.39999771118164063,4.8891963958740234,1.1999988555908203">
        </Bone>
      </Part>
    </Brick>
    <Brick refID="15" designID="4740">
      <Part refID="15" designID="4740" materials="41">
        <Bone refID="15" transformation="1.0000001192092896,0,0,0,0.1227327361702919,0.992439866065979,0,-0.992439866065979,0.12273265421390533,-0.06999969482421875,5.9792594909667969,2.2908496856689453">
        </Bone>
      </Part>
    </Brick>
    <Brick refID="16" designID="3024">
      <Part refID="16" designID="3024" materials="191">
        <Bone refID="16" transformation="0,-0.99243956804275513,0.12273241579532623,0,0.12273242324590683,0.99243980646133423,-1,0,0,-0.06999969482421875,5.9399862289428711,1.9732687473297119">
        </Bone>
      </Part>
    </Brick>
    <Brick refID="17" designID="61252">
      <Part refID="17" designID="61252" materials="191">
        <Bone refID="17" transformation="1,0,0,0,0.12273241579532623,0.992439866065979,0,-0.992439866065979,0.12273240089416504,-0.06999969482421875,5.9007120132446289,1.6556875705718994">
        </Bone>
      </Part>
    </Brick>
    <Brick refID="18" designID="60897">
      <Part refID="18" designID="60897" materials="191">
        <Bone refID="18" transformation="0,-0.022624874487519264,0.99974411725997925,1.0000001192092896,0,0,0,0.99974411725997925,0.022624874487519264,-0.77000045776367188,4.3374013900756836,1.9818992614746094">
        </Bone>
      </Part>
    </Brick>
    <Brick refID="19" designID="30162">
      <Part refID="19" designID="30162" materials="191">
        <Bone refID="19" transformation="0,0.022633271291851997,-0.99974358081817627,1,0,0,0,-0.99974364042282104,-0.022633271291851997,-0.45000243186950684,4.3374004364013672,1.9818997383117676">
        </Bone>
      </Part>
    </Brick>
    <Brick refID="20" designID="53451">
      <Part refID="20" designID="53451" materials="38">
        <Bone refID="20" transformation="-0.94395965337753296,-0.3299764096736908,-0.007467381190508604,0,-0.022624712437391281,0.99974387884140015,-0.33006113767623901,0.94371801614761353,0.021356970071792603,-0.29000246524810791,4.0901985168457031,2.518444299697876">
        </Bone>
      </Part>
    </Brick>
    <Brick refID="21" designID="53451">
      <Part refID="21" designID="53451" materials="38">
        <Bone refID="21" transformation="-0.48157584667205811,-0.87618005275726318,-0.019828284159302711,0,-0.022624600678682327,0.99974381923675537,-0.87640446424484253,0.48145243525505066,0.010895516723394394,-0.29000246524810791,4.5600786209106445,2.5290777683258057">
        </Bone>
      </Part>
    </Brick>
    <Brick refID="22" designID="53451">
      <Part refID="22" designID="53451" materials="38">
        <Bone refID="22" transformation="0.83998578786849976,-0.54260796308517456,-0.0006739181699231267,0,-0.0012420132989063859,0.9999992847442627,-0.54260849952697754,-0.83998513221740723,-0.00104329246096313,0.2900010347366333,4.5715227127075195,2.5412936210632324">
        </Bone>
      </Part>
    </Brick>
    <Brick refID="23" designID="30162">
      <Part refID="23" designID="30162" materials="191">
        <Bone refID="23" transformation="-0.0012421875726431608,0.0012420633574947715,-0.99999845027923584,-0.9999992847442627,0,0.0012421869905665517,0,0.9999992847442627,0.0012420639395713806,0.45000088214874268,4.3371973037719727,1.9990041255950928">
        </Bone>
      </Part>
    </Brick>
    <Brick refID="24" designID="53451">
      <Part refID="24" designID="53451" materials="38">
        <Bone refID="24" transformation="0.88214081525802612,0.47098568081855774,0.0005851069581694901,0,-0.0012421668507158756,0.9999992847442627,0.47098582983016968,-0.88214004039764404,-0.0010959830833598971,0.29000091552734375,4.1015233993530273,2.5407121181488037">
        </Bone>
      </Part>
    </Brick>
    <Brick refID="25" designID="60897">
      <Part refID="25" designID="60897" materials="191">
        <Bone refID="25" transformation="-0.001242184080183506,0.0012420600978657603,-0.99999845027923584,-0.9999992847442627,0,0.0012421837309375405,0,0.9999992847442627,0.0012420605635270476,0.77000033855438232,4.3371973037719727,1.9990043640136719">
        </Bone>
      </Part>
    </Brick>
    <Brick refID="26" designID="3937">
      <Part refID="26" designID="3937" materials="106">
        <Bone refID="26" transformation="0,0,-1,0,1,0,1,0,0,0.4000014066696167,5.2091970443725586,1.1999988555908203">
        </Bone>
      </Part>
    </Brick>
    <Brick refID="27" designID="58176">
      <Part refID="27" designID="58176" materials="41">
        <Bone refID="27" transformation="0.75162869691848755,-0.65958648920059204,0,0,0,1,-0.65958654880523682,-0.75162869691848755,0,1.0332030057907104,6.4907608032226563,1.5999984741210938">
        </Bone>
      </Part>
    </Brick>
    <Brick refID="28" designID="87087">
      <Part refID="28" designID="87087" materials="191">
        <Bone refID="28" transformation="0.75162863731384277,-0.65958666801452637,0,0.65958666801452637,0.75162869691848755,0,0,0,1.0000001192092896,0.66383349895477295,6.0698490142822266,1.1999988555908203">
        </Bone>
      </Part>
    </Brick>
    <Brick refID="29" designID="3024">
      <Part refID="29" designID="3024" materials="191">
        <Bone refID="29" transformation="0,0,1,0.65958684682846069,0.75162845849990845,0,-0.75162839889526367,0.65958678722381592,0,0.062534570693969727,6.5975189208984375,1.1999988555908203">
        </Bone>
      </Part>
    </Brick>
    <Brick refID="30" designID="3024">
      <Part refID="30" designID="3024" materials="191">
        <Bone refID="30" transformation="0,0,1,0.65958678722381592,0.7516283392906189,0,-0.75162827968597412,0.65958672761917114,0,-0.14853262901306152,6.3569984436035156,1.1999988555908203">
        </Bone>
      </Part>
    </Brick>
    <Brick refID="31" designID="6091">
      <Part refID="31" designID="6091" materials="191">
        <Bone refID="31" transformation="0,0,-1,0.65958642959594727,0.75162845849990845,0,0.751628577709198,-0.65958642959594727,0,1.2970386743545532,6.791412353515625,1.1999988555908203">
        </Bone>
      </Part>
    </Brick>
    <Brick refID="32" designID="3070">
      <Part refID="32" designID="3070" materials="191,0" decoration="0">
        <Bone refID="32" transformation="0,0,1,0.65958672761917114,0.75162839889526367,0,-0.7516283392906189,0.65958666801452637,0,1.5081061124801636,7.0319337844848633,1.1999988555908203">
        </Bone>
      </Part>
    </Brick>
    <Brick refID="33" designID="6134">
      <Part refID="33" designID="6134" materials="106">
        <Bone refID="33" transformation="0,0,-1,0.65958660840988159,0.75162899494171143,0,0.75162863731384277,-0.65958660840988159,0,0.03063201904296875,5.3482856750488281,1.1999988555908203">
        </Bone>
      </Part>
    </Brick>
    <Brick refID="34" designID="4070">
      <Part refID="34" designID="4070" materials="191">
        <Bone refID="34" transformation="0.75162851810455322,-0.65958672761917114,0,0.65958678722381592,0.751628577709198,0,0,0,1.0000001192092896,1.2651358842849731,5.5421829223632813,1.1999988555908203">
        </Bone>
      </Part>
    </Brick>
    <Brick refID="35" designID="58176">
      <Part refID="35" designID="58176" materials="41">
        <Bone refID="35" transformation="0.75162863731384277,-0.65958660840988159,0,0,0,1.0000001192092896,-0.65958672761917114,-0.75162863731384277,0,1.6345051527023315,5.9630947113037109,1.4518604278564453">
        </Bone>
      </Part>
    </Brick>
    <Brick refID="36" designID="50746">
      <Part refID="36" designID="50746" materials="191">
        <Bone refID="36" transformation="0,0,-1,0.65958678722381592,0.75162851810455322,0,0.75162839889526367,-0.65958678722381592,0,1.8983410596847534,6.2637462615966797,1.1999988555908203">
        </Bone>
      </Part>
    </Brick>
    <Brick refID="37" designID="6141">
      <Part refID="37" designID="6141" materials="106">
        <Bone refID="37" transformation="0,0,1,0.65958613157272339,0.75162893533706665,0,-0.75162893533706665,0.65958619117736816,0,1.47620689868927,5.7827033996582031,0.39999955892562866">
        </Bone>
      </Part>
    </Brick>
    <Brick refID="38" designID="4081">
      <Part refID="38" designID="4081" materials="191">
        <Bone refID="38" transformation="-0.75162863731384277,0.65958696603775024,0,0.65958696603775024,0.75162851810455322,0,0,0,-1,1.265135645866394,5.5421819686889648,0.39999955892562866">
        </Bone>
      </Part>
    </Brick>
    <Brick refID="39" designID="6141">
      <Part refID="39" designID="6141" materials="106">
        <Bone refID="39" transformation="0,0,1,0.75162810087203979,-0.65958714485168457,0,0.65958708524703979,0.75162810087203979,0,1.5461188554763794,5.6197977066040039,-0.40000158548355103">
        </Bone>
      </Part>
    </Brick>
    <Brick refID="40" designID="3023">
      <Part refID="40" designID="3023" materials="191">
        <Bone refID="40" transformation="-1,0,0,0,0.99999994039535522,0,0,0,-1,0.4000014066696167,6.1691970825195312,-0.39999961853027344">
        </Bone>
      </Part>
    </Brick>
    <Brick refID="41" designID="47753">
      <Part refID="41" designID="47753" materials="191">
        <Bone refID="41" transformation="0,0,-1,0,1,0,1,0,0,1.2000006437301636,6.1691970825195312,0.39999955892562866">
        </Bone>
      </Part>
    </Brick>
    <Brick refID="42" designID="3023">
      <Part refID="42" designID="3023" materials="191">
        <Bone refID="42" transformation="-1,0,0,0,0.99999994039535522,0,0,0,-1,0.4000014066696167,6.48919677734375,0.39999955892562866">
        </Bone>
      </Part>
    </Brick>
    <Brick refID="43" designID="3003">
      <Part refID="43" designID="3003" materials="106,0,0" decoration="0,0">
        <Bone refID="43" transformation="0,0,1,0,1,0,-1,0,0,-0.39999783039093018,5.2091960906982422,-1.2000007629394531">
        </Bone>
      </Part>
    </Brick>
    <Brick refID="44" designID="41770">
      <Part refID="44" designID="41770" materials="191">
        <Bone refID="44" transformation="0,0,1,0,1,0,-1,0,0,-0.39999783039093018,4.8891963958740234,-2.0000019073486328">
        </Bone>
      </Part>
    </Brick>
    <Brick refID="45" designID="6143">
      <Part refID="45" designID="6143" materials="191">
        <Bone refID="45" transformation="0,0,1,0,1,0,-1,0,0,-0.39999783039093018,3.9291965961456299,-0.40000152587890625">
        </Bone>
      </Part>
    </Brick>
    <Brick refID="46" designID="48183">
      <Part refID="46" designID="48183" materials="191">
        <Bone refID="46" transformation="0,0,-1,0,1,0,1,0,0,1.2000006437301636,5.8491964340209961,-1.2000007629394531">
        </Bone>
      </Part>
    </Brick>
    <Brick refID="47" designID="30033">
      <Part refID="47" designID="30033" materials="191">
        <Bone refID="47" transformation="0,0,-1,0,1,0,1,0,0,0.4000014066696167,3.609196662902832,0.39999955892562866">
        </Bone>
      </Part>
    </Brick>
    <Brick refID="48" designID="41769">
      <Part refID="48" designID="41769" materials="191">
        <Bone refID="48" transformation="0,0,1,0,1,0,-1,0,0,0.4000014066696167,4.8891963958740234,-2.0000019073486328">
        </Bone>
      </Part>
    </Brick>
    <Brick refID="49" designID="51739">
      <Part refID="49" designID="51739" materials="106">
        <Bone refID="49" transformation="-1,0,0,0,0.99999994039535522,0,0,0,-1,1.2000006437301636,5.5291967391967773,-2.0000019073486328">
        </Bone>
      </Part>
    </Brick>
    <Brick refID="50" designID="48183">
      <Part refID="50" designID="48183" materials="191">
        <Bone refID="50" transformation="0,0,-1,0,1,0,1,0,0,1.2000006437301636,5.2091960906982422,-1.2000007629394531">
        </Bone>
      </Part>
    </Brick>
    <Brick refID="51" designID="61252">
      <Part refID="51" designID="61252" materials="191">
        <Bone refID="51" transformation="0.70710772275924683,0,-0.70710587501525879,0.34081682562828064,0.87617784738540649,0.34081777930259705,0.61955034732818604,-0.48198845982551575,0.6195518970489502,-1.4286880493164062,4.0774955749511719,-1.4286937713623047">
        </Bone>
      </Part>
    </Brick>
    <Brick refID="52" designID="61252">
      <Part refID="52" designID="61252" materials="191">
        <Bone refID="52" transformation="-0.7071075439453125,0,0.70710593461990356,0.34081664681434631,0.87617772817611694,0.34081751108169556,-0.61955058574676514,0.48198810219764709,-0.61955183744430542,-1.537750244140625,3.7971184253692627,-1.5377540588378906">
        </Bone>
      </Part>
    </Brick>
    <Brick refID="53" designID="60478">
      <Part refID="53" designID="60478" materials="191">
        <Bone refID="53" transformation="-0.22137860953807831,-0.97518807649612427,0,-0.97518807649612427,0.22137874364852905,0,0,0,-1.0000001192092896,-2.7299079895019531,3.4217033386230469,0.092998504638671875">
        </Bone>
      </Part>
    </Brick>
    <Brick refID="54" designID="61678">
      <Part refID="54" designID="61678" materials="191">
        <Bone refID="54" transformation="0.22137866914272308,0.97518777847290039,0,-0.97518777847290039,0.22137874364852905,0,0,0,1.0000001192092896,-4.1973962783813477,1.2937753200531006,0.092998504638671875">
        </Bone>
      </Part>
    </Brick>
    <Brick refID="55" designID="49668">
      <Part refID="55" designID="49668" materials="106">
        <Bone refID="55" transformation="0,0,1,-0.97518771886825562,0.22137850522994995,0,-0.22137854993343353,-0.97518771886825562,0,-3.8853392601013184,1.2229344844818115,0.092998504638671875">
        </Bone>
      </Part>
    </Brick>
    <Brick refID="56" designID="61252">
      <Part refID="56" designID="61252" materials="191">
        <Bone refID="56" transformation="0,0,1,0.40043419599533081,0.91632544994354248,0,-0.91632544994354248,0.40043419599533081,0,-2.1605110168457031,3.7090709209442139,0.079998016357421875">
        </Bone>
      </Part>
    </Brick>
    <Brick refID="57" designID="61252">
      <Part refID="57" designID="61252" materials="191">
        <Bone refID="57" transformation="0,0,-1,0.40043482184410095,0.91632544994354248,0,0.91632533073425293,-0.40043482184410095,0,-2.0323677062988281,4.0022964477539062,0.079998016357421875">
        </Bone>
      </Part>
    </Brick>
    <Brick refID="58" designID="60478">
      <Part refID="58" designID="60478" materials="191">
        <Bone refID="58" transformation="0,-1.0000001192092896,0,-0.70710635185241699,0,0.7071073055267334,-0.70710736513137817,0,-0.70710635185241699,-1.7645988464355469,3.6000006198883057,1.7829818725585937">
        </Bone>
      </Part>
    </Brick>
    <Brick refID="59" designID="61678">
      <Part refID="59" designID="61678" materials="191">
        <Bone refID="59" transformation="0,0.99999994039535522,0,-0.70710629224777222,0,0.70710724592208862,0.7071073055267334,0,0.70710629224777222,-2.4434206485748291,1.2000007629394531,2.4618062973022461">
        </Bone>
      </Part>
    </Brick>
    <Brick refID="60" designID="49668">
      <Part refID="60" designID="49668" materials="106">
        <Bone refID="60" transformation="0.70710718631744385,0,0.70710635185241699,-0.70710635185241699,0,0.70710718631744385,0,-1,0,-2.2171480655670166,1.2000007629394531,2.2355337142944336">
        </Bone>
      </Part>
    </Brick>
    <Brick refID="61" designID="61252">
      <Part refID="61" designID="61252" materials="191">
        <Bone refID="61" transformation="0.70710724592208862,0,0.70710635185241699,0.34081697463989258,0.87617772817611694,-0.34081733226776123,-0.61955076456069946,0.48198819160461426,0.61955165863037109,-1.5377501249313354,3.7971184253692627,1.5377521514892578">
        </Bone>
      </Part>
    </Brick>
    <Brick refID="62" designID="61252">
      <Part refID="62" designID="61252" materials="191">
        <Bone refID="62" transformation="-0.70710724592208862,0,-0.70710635185241699,0.34081688523292542,0.87617784738540649,-0.34081709384918213,0.61955076456069946,-0.48198798298835754,-0.61955171823501587,-1.4286918640136719,4.0774955749511719,1.4286899566650391">
        </Bone>
      </Part>
    </Brick>
    <Brick refID="63" designID="61252">
      <Part refID="63" designID="61252" materials="191">
        <Bone refID="63" transformation="0.70710766315460205,0,-0.70710593461990356,-0.56708258390426636,0.59735566377639771,-0.56708383560180664,0.42239350080490112,0.80197668075561523,0.42239463329315186,1.5085448026657104,4.2114810943603516,1.5085468292236328">
        </Bone>
      </Part>
    </Brick>
    <Brick refID="64" designID="61252">
      <Part refID="64" designID="61252" materials="191">
        <Bone refID="64" transformation="-0.70710772275924683,0,0.70710587501525879,-0.56708252429962158,0.5973551869392395,-0.56708389520645142,-0.42239338159561157,-0.80197679996490479,-0.42239457368850708,1.3270796537399292,4.4026346206665039,1.3270797729492187">
        </Bone>
      </Part>
    </Brick>
    <Brick refID="65" designID="60478">
      <Part refID="65" designID="60478" materials="191">
        <Bone refID="65" transformation="0.29327639937400818,-0.90993279218673706,0.29327711462974548,0.64341884851455688,0.41475600004196167,0.64342039823532104,-0.70710772275924683,0,0.70710599422454834,1.7903288602828979,4.1705665588378906,1.7719459533691406">
        </Bone>
      </Part>
    </Brick>
    <Brick refID="66" designID="61678">
      <Part refID="66" designID="61678" materials="191">
        <Bone refID="66" transformation="-0.29327648878097534,0.90993273258209229,-0.29327720403671265,0.64341890811920166,0.41475620865821838,0.64342039823532104,0.70710760354995728,0,-0.70710611343383789,3.1118731498718262,2.384892463684082,3.093494176864624">
        </Bone>
      </Part>
    </Brick>
    <Brick refID="67" designID="49668">
      <Part refID="67" designID="49668" materials="106">
        <Bone refID="67" transformation="0.70710760354995728,0,-0.70710611343383789,0.64341890811920166,0.41475594043731689,0.64342033863067627,0.29327636957168579,-0.90993285179138184,0.29327696561813354,2.9059791564941406,2.2521705627441406,2.8875997066497803">
        </Bone>
      </Part>
    </Brick>
    <Brick refID="68" designID="60478">
      <Part refID="68" designID="60478" materials="191">
        <Bone refID="68" transformation="0,-1.0000001192092896,0,-0.70710605382919312,0,-0.70710760354995728,0.7071075439453125,0,-0.70710605382919312,-1.7829818725585937,3.6000006198883057,-1.7646007537841797">
        </Bone>
      </Part>
    </Brick>
    <Brick refID="69" designID="61678">
      <Part refID="69" designID="61678" materials="191">
        <Bone refID="69" transformation="0,1.0000001192092896,0,-0.70710581541061401,0,-0.70710736513137817,-0.70710742473602295,0,0.70710581541061401,-2.4618020057678223,1.2000007629394531,-2.4434254169464111">
        </Bone>
      </Part>
    </Brick>
    <Brick refID="70" designID="49668">
      <Part refID="70" designID="49668" materials="106">
        <Bone refID="70" transformation="-0.70710736513137817,0,0.70710581541061401,-0.70710581541061401,0,-0.70710736513137817,0,-1.0000001192092896,0,-2.2355294227600098,1.2000007629394531,-2.217149019241333">
        </Bone>
      </Part>
    </Brick>
    <Brick refID="71" designID="61252">
      <Part refID="71" designID="61252" materials="191">
        <Bone refID="71" transformation="0,0,1,-0.48198804259300232,0.87617778778076172,0,-0.87617778778076172,-0.48198804259300232,0,2.020477294921875,4.0774955749511719,0">
        </Bone>
      </Part>
    </Brick>
    <Brick refID="72" designID="61252">
      <Part refID="72" designID="61252" materials="191">
        <Bone refID="72" transformation="0,0,-1,-0.48198816180229187,0.87617784738540649,0,0.87617772817611694,0.48198816180229187,0,2.174713134765625,3.7971184253692627,0">
        </Bone>
      </Part>
    </Brick>
    <Brick refID="73" designID="61252">
      <Part refID="73" designID="61252" materials="191">
        <Bone refID="73" transformation="0.70710718631744385,0,0.70710641145706177,-0.34081673622131348,0.87617784738540649,0.34081724286079407,-0.61955100297927856,-0.48198801279067993,0.61955153942108154,1.4286917448043823,4.0774955749511719,-1.4286918640136719">
        </Bone>
      </Part>
    </Brick>
    <Brick refID="74" designID="61252">
      <Part refID="74" designID="61252" materials="191">
        <Bone refID="74" transformation="-0.70710724592208862,0,-0.70710629224777222,-0.34081685543060303,0.87617760896682739,0.34081739187240601,0.61955082416534424,0.48198816180229187,-0.61955159902572632,1.5377539396286011,3.7971184253692627,-1.5377540588378906">
        </Bone>
      </Part>
    </Brick>
    <Brick refID="75" designID="60478">
      <Part refID="75" designID="60478" materials="191">
        <Bone refID="75" transformation="0,-1.0000001192092896,0,1.0000001192092896,0,0,0,0,1.0000001192092896,2.5085220336914062,3.6000006198883057,-0.012998580932617188">
        </Bone>
      </Part>
    </Brick>
    <Brick refID="76" designID="61678">
      <Part refID="76" designID="61678" materials="191">
        <Bone refID="76" transformation="0,1.0000001192092896,0,1.0000001192092896,0,0,0,0,-1.0000001192092896,3.4685211181640625,1.2000007629394531,-0.012998580932617188">
        </Bone>
      </Part>
    </Brick>
    <Brick refID="77" designID="49668">
      <Part refID="77" designID="49668" materials="106">
        <Bone refID="77" transformation="0,0,-1,1.0000001192092896,0,0,0,-1.0000001192092896,0,3.1485214233398438,1.2000007629394531,-0.012998580932617188">
        </Bone>
      </Part>
    </Brick>
    <Brick refID="78" designID="60478">
      <Part refID="78" designID="60478" materials="191">
        <Bone refID="78" transformation="0,-1,0,0.70710623264312744,0,-0.70710742473602295,0.70710736513137817,0,0.70710623264312744,1.7645987272262573,3.6000006198883057,-1.7829837799072266">
        </Bone>
      </Part>
    </Brick>
    <Brick refID="79" designID="61678">
      <Part refID="79" designID="61678" materials="191">
        <Bone refID="79" transformation="0,1.0000001192092896,0,0.70710635185241699,0,-0.7071073055267334,-0.70710736513137817,0,-0.70710635185241699,2.4434194564819336,1.1999995708465576,-2.4618058204650879">
        </Bone>
      </Part>
    </Brick>
    <Brick refID="80" designID="49668">
      <Part refID="80" designID="49668" materials="106">
        <Bone refID="80" transformation="-0.70710712671279907,0,-0.70710641145706177,0.70710641145706177,0,-0.70710712671279907,0,-1,0,2.2171468734741211,1.2000000476837158,-2.2355332374572754">
        </Bone>
      </Part>
    </Brick>
  </Bricks>
  <RigidSystems>
    <RigidSystem>
      <Rigid refID="0" transformation="0.65958660840988159,-0.75162869691848755,0,0,0,1.0000001192092896,-0.75162869691848755,-0.65958660840988159,0,-0.03450620174407959,5.9630923271179199,2.3999984264373779" boneRefs="0"/>
      <Rigid refID="1" transformation="0.75162863731384277,0.65958666801452637,0,-0.65958666801452637,0.75162869691848755,0,0,0,1.0000001192092896,0.33486330509185791,5.542180061340332,1.9999988079071045" boneRefs="1"/>
      <Rigid refID="2" transformation="0,0,1,-0.65958625078201294,0.75162887573242188,0,-0.75162887573242188,-0.65958625078201294,0,-0.2087479829788208,6.7680997848510742,1.9999988079071045" boneRefs="2,3,4,5,6,7,8,9,10,11,12"/>
      <Rigid refID="3" transformation="0,0,1,0,1,0,-1,0,0,1.2000023126602173,5.2091975212097168,1.1999995708465576" boneRefs="13"/>
      <Rigid refID="4" transformation="1,0,0,0,0.99999994039535522,0,0,0,1,1.2000023126602173,4.8891968727111816,1.9999988079071045" boneRefs="14"/>
      <Rigid refID="5" transformation="1.0000001192092896,0,0,0,0.1227327361702919,0.992439866065979,0,-0.992439866065979,0.12273265421390533,1.5300003290176392,5.9792599678039551,3.0908496379852295" boneRefs="15,16,17"/>
      <Rigid refID="6" transformation="0,-0.022624874487519264,0.99974411725997925,1.0000001192092896,0,0,0,0.99974411725997925,0.022624874487519264,0.82999956607818604,4.3374013900756836,2.7818992137908936" boneRefs="18,19,20,21"/>
      <Rigid refID="7" transformation="0.83998578786849976,-0.54260796308517456,-0.0006739181699231267,0,-0.0012420132989063859,0.9999992847442627,-0.54260849952697754,-0.83998513221740723,-0.00104329246096313,1.8900010585784912,4.5715231895446777,3.3412935733795166" boneRefs="22,23,24,25"/>
      <Rigid refID="8" transformation="0,0,-1,0,1,0,1,0,0,2.0000014305114746,5.2091975212097168,1.9999988079071045" boneRefs="26"/>
      <Rigid refID="9" transformation="0.75162869691848755,-0.65958648920059204,0,0,0,1,-0.65958654880523682,-0.75162869691848755,0,2.6332030296325684,6.4907612800598145,2.3999984264373779" boneRefs="27"/>
      <Rigid refID="10" transformation="0.75162863731384277,-0.65958666801452637,0,0.65958666801452637,0.75162869691848755,0,0,0,1.0000001192092896,2.2638335227966309,6.0698490142822266,1.9999988079071045" boneRefs="28"/>
      <Rigid refID="11" transformation="0,0,1,0.65958684682846069,0.75162845849990845,0,-0.75162839889526367,0.65958678722381592,0,1.6625345945358276,6.5975189208984375,1.9999988079071045" boneRefs="29,30,31,32"/>
      <Rigid refID="12" transformation="0,0,-1,0.65958660840988159,0.75162899494171143,0,0.75162863731384277,-0.65958660840988159,0,1.6306320428848267,5.3482856750488281,1.9999988079071045" boneRefs="33,34,35,36,37,38,39"/>
      <Rigid refID="13" transformation="-1,0,0,0,0.99999994039535522,0,0,0,-1,2.0000014305114746,6.1691975593566895,0.40000039339065552" boneRefs="40,41,42,43,44,45,46,47,48,49,50"/>
      <Rigid refID="14" transformation="0.70710772275924683,0,-0.70710587501525879,0.34081682562828064,0.87617784738540649,0.34081777930259705,0.61955034732818604,-0.48198845982551575,0.6195518970489502,0.17131197452545166,4.0774960517883301,-0.62869375944137573" boneRefs="51"/>
      <Rigid refID="15" transformation="-0.7071075439453125,0,0.70710593461990356,0.34081664681434631,0.87617772817611694,0.34081751108169556,-0.61955058574676514,0.48198810219764709,-0.61955183744430542,0.062249742448329926,3.7971186637878418,-0.73775410652160645" boneRefs="52"/>
      <Rigid refID="16" transformation="-0.22137860953807831,-0.97518807649612427,0,-0.97518807649612427,0.22137874364852905,0,0,0,-1.0000001192092896,-1.1299079656600952,3.421703577041626,0.89299851655960083" boneRefs="53,54,55"/>
      <Rigid refID="17" transformation="0,0,1,0.40043419599533081,0.91632544994354248,0,-0.91632544994354248,0.40043419599533081,0,-0.56051099300384521,3.709071159362793,0.87999802827835083" boneRefs="56"/>
      <Rigid refID="18" transformation="0,0,-1,0.40043482184410095,0.91632544994354248,0,0.91632533073425293,-0.40043482184410095,0,-0.4323677122592926,4.0022964477539062,0.87999802827835083" boneRefs="57"/>
      <Rigid refID="19" transformation="0,-1.0000001192092896,0,-0.70710635185241699,0,0.7071073055267334,-0.70710736513137817,0,-0.70710635185241699,-0.16459882259368896,3.6000008583068848,2.5829818248748779" boneRefs="58,59,60"/>
      <Rigid refID="20" transformation="0.70710724592208862,0,0.70710635185241699,0.34081697463989258,0.87617772817611694,-0.34081733226776123,-0.61955076456069946,0.48198819160461426,0.61955165863037109,0.062249898910522461,3.7971186637878418,2.337752103805542" boneRefs="61"/>
      <Rigid refID="21" transformation="-0.70710724592208862,0,-0.70710635185241699,0.34081688523292542,0.87617784738540649,-0.34081709384918213,0.61955076456069946,-0.48198798298835754,-0.61955171823501587,0.17130821943283081,4.0774960517883301,2.2286899089813232" boneRefs="62"/>
      <Rigid refID="22" transformation="0.70710766315460205,0,-0.70710593461990356,-0.56708258390426636,0.59735566377639771,-0.56708383560180664,0.42239350080490112,0.80197668075561523,0.42239463329315186,3.1085448265075684,4.2114810943603516,2.308546781539917" boneRefs="63"/>
      <Rigid refID="23" transformation="-0.70710772275924683,0,0.70710587501525879,-0.56708252429962158,0.5973551869392395,-0.56708389520645142,-0.42239338159561157,-0.80197679996490479,-0.42239457368850708,2.9270796775817871,4.4026346206665039,2.1270797252655029" boneRefs="64"/>
      <Rigid refID="24" transformation="0.29327639937400818,-0.90993279218673706,0.29327711462974548,0.64341884851455688,0.41475600004196167,0.64342039823532104,-0.70710772275924683,0,0.70710599422454834,3.3903288841247559,4.1705665588378906,2.5719459056854248" boneRefs="65,66,67"/>
      <Rigid refID="25" transformation="0,-1.0000001192092896,0,-0.70710605382919312,0,-0.70710760354995728,0.7071075439453125,0,-0.70710605382919312,-0.18298184871673584,3.6000008583068848,-0.96460074186325073" boneRefs="68,69,70"/>
      <Rigid refID="26" transformation="0,0,1,-0.48198804259300232,0.87617778778076172,0,-0.87617778778076172,-0.48198804259300232,0,3.6204771995544434,4.0774960517883301,0.80000001192092896" boneRefs="71"/>
      <Rigid refID="27" transformation="0,0,-1,-0.48198816180229187,0.87617784738540649,0,0.87617772817611694,0.48198816180229187,0,3.7747130393981934,3.7971186637878418,0.80000001192092896" boneRefs="72"/>
      <Rigid refID="28" transformation="0.70710718631744385,0,0.70710641145706177,-0.34081673622131348,0.87617784738540649,0.34081724286079407,-0.61955100297927856,-0.48198801279067993,0.61955153942108154,3.0286917686462402,4.0774960517883301,-0.62869185209274292" boneRefs="73"/>
      <Rigid refID="29" transformation="-0.70710724592208862,0,-0.70710629224777222,-0.34081685543060303,0.87617760896682739,0.34081739187240601,0.61955082416534424,0.48198816180229187,-0.61955159902572632,3.137753963470459,3.7971186637878418,-0.73775398731231689" boneRefs="74"/>
      <Rigid refID="30" transformation="0,-1.0000001192092896,0,1.0000001192092896,0,0,0,0,1.0000001192092896,4.1085219383239746,3.6000008583068848,0.78700143098831177" boneRefs="75,76,77"/>
      <Rigid refID="31" transformation="0,-1,0,0.70710623264312744,0,-0.70710742473602295,0.70710736513137817,0,0.70710623264312744,3.3645987510681152,3.6000008583068848,-0.98298376798629761" boneRefs="78,79,80"/>
      <Joint type="hinge">
        <RigidRef rigidRef="1" a="0,0,1" z="0,-1,0" t="0,0.55999994277954102,0.39999997615814209"/>
        <RigidRef rigidRef="0" a="0,1,0" z="0,0,1" t="0,0,0"/>
      </Joint>
      <Joint type="hinge">
        <RigidRef rigidRef="2" a="0,1,0" z="-1,0,0" t="0,-0.32000038027763367,0.40000039339065552"/>
        <RigidRef rigidRef="1" a="0,1,0" z="0,0,1" t="0,0.95999997854232788,0"/>
      </Joint>
      <Joint type="hinge">
        <RigidRef rigidRef="3" a="-1,0,0" z="0,1,0" t="0.40000000596046448,0.56000000238418579,0"/>
        <RigidRef rigidRef="2" a="-1,0,0" z="0,1,0" t="-0.3999992311000824,-1.6800014972686768,-0.39999988675117493"/>
      </Joint>
      <Joint type="hinge">
        <RigidRef rigidRef="4" a="0,1,0" z="0,0,1" t="0,0.31999999284744263,0"/>
        <RigidRef rigidRef="3" a="0,1,0" z="0,0,1" t="0.80000007152557373,0,0"/>
      </Joint>
      <Joint type="hinge">
        <RigidRef rigidRef="13" a="0,1,0" z="1,0,0" t="0.79999923706054688,-0.96000099182128906,-0.79999756813049316"/>
        <RigidRef rigidRef="3" a="0,1,0" z="0,0,1" t="0,0,0"/>
      </Joint>
      <Joint type="hinge">
        <RigidRef rigidRef="5" a="-1,0,0" z="0,1,0" t="-0.15999995172023773,-0.39200073480606079,0.79999887943267822"/>
        <RigidRef rigidRef="4" a="-1,0,0" z="0,0.12273240834474564,0.992439866065979" t="0.16999804973602295,0.24800123274326324,0.79999971389770508"/>
      </Joint>
      <Joint type="hinge">
        <RigidRef rigidRef="8" a="0,1,0" z="0,0,1" t="0,0,0"/>
        <RigidRef rigidRef="4" a="0,1,0" z="0,0,1" t="0.80000007152557373,0.31999999284744263,0"/>
      </Joint>
      <Joint type="hinge">
        <RigidRef rigidRef="6" a="0,-1,0" z="1,0,0" t="0,0,0.80000001192092896"/>
        <RigidRef rigidRef="4" a="-1,0,0" z="0,-0.022624917328357697,0.9997439980506897" t="-0.37000274658203125,0.24799980223178864,0.80000019073486328"/>
      </Joint>
      <Joint type="hinge">
        <RigidRef rigidRef="7" a="0.83998602628707886,-0.00124220026191324,-0.54260671138763428" z="-0.0010434192372485995,-0.9999992847442627,0.00067401607520878315" t="0.096618346869945526,-0.54199773073196411,-0.73504418134689331"/>
        <RigidRef rigidRef="4" a="0.99999922513961792,0,-0.0012421836145222187" z="-0.001242184080183506,0.0012420165585353971,-0.99999845027923584" t="1.1699980497360229,0.24799980223178864,0.79999923706054688"/>
      </Joint>
      <Joint type="hinge">
        <RigidRef rigidRef="12" a="-1,0,0" z="0,1,0" t="0.40000000596046448,0.56000000238418579,0"/>
        <RigidRef rigidRef="8" a="-1,0,0" z="0,1,0" t="0.40000000596046448,0.56000000238418579,0"/>
      </Joint>
      <Joint type="hinge">
        <RigidRef rigidRef="13" a="0,1,0" z="1,0,0" t="0,-0.96000099182128906,-0.79999756813049316"/>
        <RigidRef rigidRef="8" a="0,1,0" z="0,0,1" t="0.80000007152557373,0,0"/>
      </Joint>
      <Joint type="hinge">
        <RigidRef rigidRef="10" a="0,0,1" z="0,-1,0" t="0,0.55999994277954102,0.39999997615814209"/>
        <RigidRef rigidRef="9" a="0,1,0" z="0,0,1" t="0,0,0"/>
      </Joint>
      <Joint type="hinge">
        <RigidRef rigidRef="11" a="0,1,0" z="0,0,-1" t="0,0.95999878644943237,-0.79999852180480957"/>
        <RigidRef rigidRef="10" a="0,1,0" z="0,0,1" t="0,0.95999997854232788,0"/>
      </Joint>
      <Joint type="hinge">
        <RigidRef rigidRef="12" a="0,1,0" z="0,0,1" t="0,0.95999997854232788,0"/>
        <RigidRef rigidRef="10" a="0,1,0" z="0,0,1" t="0,0,0"/>
      </Joint>
      <Joint type="hinge">
        <RigidRef rigidRef="28" a="1,0,0" z="0,1,0" t="0.15999999642372131,0.24799999594688416,0.80000001192092896"/>
        <RigidRef rigidRef="13" a="-0.70710724592208862,0,-0.70710641145706177" z="0.34081673622131348,0.87617784738540649,-0.34081718325614929" t="-0.56166410446166992,-2.2599999904632568,0.3353913426399231"/>
      </Joint>
      <Joint type="hinge">
        <RigidRef rigidRef="26" a="1,0,0" z="0,1,0" t="0.15999999642372131,0.24799999594688416,0.80000001192092896"/>
        <RigidRef rigidRef="13" a="0,0,-1" z="0.48198801279067993,0.87617778778076172,0" t="-0.80000042915344238,-2.2599999904632568,-0.55999964475631714"/>
      </Joint>
      <Joint type="hinge">
        <RigidRef rigidRef="23" a="1,0,0" z="0,1,0" t="0.15999999642372131,0.24799999594688416,0.80000001192092896"/>
        <RigidRef rigidRef="13" a="0.70710772275924683,0,-0.70710593461990356" z="0.56708252429962158,0.59735524654388428,0.56708395481109619" t="-0.33538985252380371,-2.260000467300415,-1.361663818359375"/>
      </Joint>
      <Joint type="hinge">
        <RigidRef rigidRef="21" a="1,0,0" z="0,1,0" t="0.15999999642372131,0.24799999594688416,0.80000001192092896"/>
        <RigidRef rigidRef="13" a="0.7071073055267334,0,0.70710635185241699" z="-0.34081688523292542,0.87617784738540649,0.34081703424453735" t="1.3616671562194824,-2.2599999904632568,-1.1353883743286133"/>
      </Joint>
      <Joint type="hinge">
