<?xml version="1.0" encoding="UTF-8" standalone="no" ?>
<LXFML versionMajor="5" versionMinor="0">
  <Meta>
    <Application name="LEGO Universe" versionMajor="0" versionMinor="0"/>
    <Brand name="LEGOUniverse"/>
    <BrickSet version="287"/>
  </Meta>
  <Bricks>
    <Brick refID="0" designID="60115">
      <Part refID="0" designID="60115" materials="1">
        <Bone refID="0" transformation="0,0,-1.0000001192092896,0.30700430274009705,0.95170825719833374,0,0.95170819759368896,-0.30700430274009705,0,0.40000456571578979,3.3600022792816162,-0.39999926090240479">
        </Bone>
      </Part>
    </Brick>
    <Brick refID="1" designID="59230">
      <Part refID="1" designID="59230" materials="1">
        <Bone refID="1" transformation="0.053307406604290009,0.16525974869728088,0.98480844497680664,-0.021401340141892433,0.98617327213287354,-0.16433031857013702,-0.99834883213043213,-0.012316206470131874,0.056107115000486374,0.86136168241500854,4.7902021408081055,-0.035077691078186035">
        </Bone>
      </Part>
    </Brick>
    <Brick refID="2" designID="6266">
      <Part refID="2" designID="6266" materials="1">
        <Bone refID="2" transformation="0,0,-1,0,0.99999994039535522,0,1,0,0,0.40000838041305542,3.3600022792816162,-1.199994683265686">
        </Bone>
      </Part>
    </Brick>
    <Brick refID="3" designID="74340">
      <Part refID="3" designID="3679" materials="194">
        <Bone refID="3" transformation="0,0,1,0,0.99999994039535522,0,-1,0,0,0.40000075101852417,2.2400016784667969,-1.199994683265686">
        </Bone>
      </Part>
      <Part refID="4" designID="3680" materials="26">
        <Bone refID="4" transformation="0,0,1,0,0.99999994039535522,0,-1,0,0,0.40000075101852417,1.9200016260147095,-1.199994683265686">
        </Bone>
      </Part>
    </Brick>
    <Brick refID="4" designID="30036">
      <Part refID="5" designID="30036" materials="26">
        <Bone refID="5" transformation="1,0,0,0,1,0,0,0,1,-5.2000017166137695,1.6000055074691772,1.2000030279159546">
        </Bone>
      </Part>
    </Brick>
    <Brick refID="5" designID="4865">
      <Part refID="6" designID="4865" materials="26,0" decoration="0">
        <Bone refID="6" transformation="1,0,0,0,1,0,0,0,1,-5.2000055313110352,2.2400054931640625,-2.7999968528747559">
        </Bone>
      </Part>
    </Brick>
    <Brick refID="6" designID="3666">
      <Part refID="7" designID="3666" materials="26">
        <Bone refID="7" transformation="0,0,1,0,0.99999994039535522,0,-1,0,0,-4.4000024795532227,1.2800055742263794,-2.7999968528747559">
        </Bone>
      </Part>
    </Brick>
    <Brick refID="7" designID="3666">
      <Part refID="8" designID="3666" materials="26">
        <Bone refID="8" transformation="0,0,1,0,0.99999994039535522,0,-1,0,0,-4.4000024795532227,0.96000558137893677,-2.7999968528747559">
        </Bone>
      </Part>
    </Brick>
    <Brick refID="8" designID="58181">
      <Part refID="9" designID="58181" materials="26">
        <Bone refID="9" transformation="0,0,1,0,0.99999994039535522,0,-1,0,0,-5.2000017166137695,0.96000534296035767,-2.7999968528747559">
        </Bone>
      </Part>
    </Brick>
    <Brick refID="9" designID="58181">
      <Part refID="10" designID="58181" materials="26">
        <Bone refID="10" transformation="0,0,1,0,0.99999994039535522,0,-1,0,0,-6.8000040054321289,0,-2.7999968528747559">
        </Bone>
      </Part>
    </Brick>
    <Brick refID="10" designID="4865">
      <Part refID="11" designID="4865" materials="26,0" decoration="0">
        <Bone refID="11" transformation="-1,0,0,0,1,0,0,0,-1,-4.4000062942504883,2.2400054931640625,1.199999213218689">
        </Bone>
      </Part>
    </Brick>
    <Brick refID="11" designID="30036">
      <Part refID="12" designID="30036" materials="26">
        <Bone refID="12" transformation="-1,0,0,0,1,0,0,0,-1,6.8000020980834961,1.6000016927719116,-2.7999930381774902">
        </Bone>
      </Part>
    </Brick>
    <Brick refID="12" designID="3005">
      <Part refID="13" designID="3005" materials="26,0" decoration="0">
        <Bone refID="13" transformation="0,0,1,0,0.99999994039535522,0,-1,0,0,6.0000028610229492,2.2400016784667969,1.2000068426132202">
        </Bone>
      </Part>
    </Brick>
    <Brick refID="13" designID="3005">
      <Part refID="14" designID="3005" materials="26,0" decoration="0">
        <Bone refID="14" transformation="0,0,1,0,0.99999994039535522,0,-1,0,0,6.0000028610229492,2.2400016784667969,-2.7999968528747559">
        </Bone>
      </Part>
    </Brick>
    <Brick refID="14" designID="87087">
      <Part refID="15" designID="87087" materials="26">
        <Bone refID="15" transformation="0,0,1,0,0.99999994039535522,0,-1,0,0,6.0000066757202148,3.2000017166137695,-2.7999968528747559">
        </Bone>
      </Part>
    </Brick>
    <Brick refID="15" designID="4589">
      <Part refID="16" designID="4589" materials="26">
        <Bone refID="16" transformation="0,0,1.0000001192092896,-1.0000001192092896,0,0,0,-1.0000001192092896,0,5.6000051498413086,3.7600018978118896,-2.7999930381774902">
        </Bone>
      </Part>
    </Brick>
    <Brick refID="16" designID="3070">
      <Part refID="17" designID="3070" materials="26,26" decoration="0">
        <Bone refID="17" transformation="0,0,1,0,0.99999994039535522,0,-1,0,0,6.0000066757202148,4.1600017547607422,-2.7999968528747559">
        </Bone>
      </Part>
    </Brick>
    <Brick refID="17" designID="6231">
      <Part refID="18" designID="6231" materials="26">
        <Bone refID="18" transformation="0,0,-1,0,0.99999994039535522,0,1,0,0,6.8000059127807617,2.2400016784667969,-2.7999968528747559">
        </Bone>
      </Part>
    </Brick>
    <Brick refID="18" designID="3666">
      <Part refID="19" designID="3666" materials="26">
        <Bone refID="19" transformation="0,0,1,0,0.99999994039535522,0,-1,0,0,5.9999990463256836,1.2800017595291138,-2.7999968528747559">
        </Bone>
      </Part>
    </Brick>
    <Brick refID="19" designID="3666">
      <Part refID="20" designID="3666" materials="26">
        <Bone refID="20" transformation="0,0,1,0,0.99999994039535522,0,-1,0,0,5.9999990463256836,0.96000176668167114,-2.7999968528747559">
        </Bone>
      </Part>
    </Brick>
    <Brick refID="20" designID="58181">
      <Part refID="21" designID="58181" materials="26">
        <Bone refID="21" transformation="0,0,-1,0,0.99999994039535522,0,1,0,0,6.8000059127807617,0.96000152826309204,1.2000068426132202">
        </Bone>
      </Part>
    </Brick>
    <Brick refID="21" designID="58181">
      <Part refID="22" designID="58181" materials="26">
        <Bone refID="22" transformation="0,0,-1,0,0.99999994039535522,0,1,0,0,8.4000101089477539,0,1.199999213218689">
        </Bone>
      </Part>
    </Brick>
    <Brick refID="22" designID="6231">
      <Part refID="23" designID="6231" materials="26">
        <Bone refID="23" transformation="-1,0,0,0,1,0,0,0,-1,6.8000020980834961,2.2400016784667969,1.199999213218689">
        </Bone>
      </Part>
    </Brick>
    <Brick refID="23" designID="4733">
      <Part refID="24" designID="4733" materials="26">
        <Bone refID="24" transformation="0,0,1,0,0.99999994039535522,0,-1,0,0,6.0000066757202148,3.2000017166137695,1.2000030279159546">
        </Bone>
      </Part>
    </Brick>
    <Brick refID="24" designID="3070">
      <Part refID="25" designID="3070" materials="26,26" decoration="0">
        <Bone refID="25" transformation="0,0,1,0,0.99999994039535522,0,-1,0,0,6.0000104904174805,4.1600017547607422,1.2000030279159546">
        </Bone>
      </Part>
    </Brick>
    <Brick refID="25" designID="4589">
      <Part refID="26" designID="4589" materials="26">
        <Bone refID="26" transformation="0,0,1.0000001192092896,-1.0000001192092896,0,0,0,-1.0000001192092896,0,5.6000051498413086,3.7600018978118896,1.2000068426132202">
        </Bone>
      </Part>
    </Brick>
    <Brick refID="26" designID="6141">
      <Part refID="27" designID="6141" materials="26">
        <Bone refID="27" transformation="1,0,0,0,0,1,0,-1,0,6.0000104904174805,3.7600018978118896,1.6000007390975952">
        </Bone>
      </Part>
    </Brick>
    <Brick refID="27" designID="71076">
      <Part refID="28" designID="71076" materials="26">
        <Bone refID="28" transformation="0,0,-1,0,0.99999994039535522,0,1,0,0,6.0000104904174805,2.5600016117095947,3.1199979782104492">
        </Bone>
      </Part>
    </Brick>
    <Brick refID="28" designID="3070">
      <Part refID="29" designID="3070" materials="26,26" decoration="0">
        <Bone refID="29" transformation="0,0,-1.0000001192092896,1.0000001192092896,0,0,0,-1.0000001192092896,0,6.4000082015991211,3.7600018978118896,1.2000030279159546">
        </Bone>
      </Part>
    </Brick>
    <Brick refID="29" designID="3070">
      <Part refID="30" designID="3070" materials="26,26" decoration="0">
        <Bone refID="30" transformation="0,-1.0000001192092896,0,0,0,-1.0000001192092896,1.0000001192092896,0,0,6.0000066757202148,3.7600033283233643,0.80000150203704834">
        </Bone>
      </Part>
    </Brick>
    <Brick refID="30" designID="4349">
      <Part refID="31" designID="4349" materials="194">
        <Bone refID="31" transformation="1,0,0,0,1,0,0,0,1,1.6000130176544189,3.4500014781951904,2.8000054359436035">
        </Bone>
      </Part>
    </Brick>
    <Brick refID="31" designID="3623">
      <Part refID="32" designID="3623" materials="268">
        <Bone refID="32" transformation="1,0,0,0,1,0,0,0,1,1.4483928680419922E-005,2.2400004863739014,2.8000054359436035">
        </Bone>
      </Part>
    </Brick>
    <Brick refID="32" designID="3024">
      <Part refID="33" designID="3024" materials="268">
        <Bone refID="33" transformation="0,0,1,0,0.99999994039535522,0,-1,0,0,0.80000609159469604,1.9200010299682617,2.8000054359436035">
        </Bone>
      </Part>
    </Brick>
    <Brick refID="33" designID="4287">
      <Part refID="34" designID="4287" materials="268">
        <Bone refID="34" transformation="1,0,0,0,1,0,0,0,1,0.80000990629196167,0.96000015735626221,1.2000030279159546">
        </Bone>
      </Part>
    </Brick>
    <Brick refID="34" designID="61409">
      <Part refID="35" designID="61409" materials="268">
        <Bone refID="35" transformation="-1,0,0,0,1,0,0,0,-1,0.80000609159469604,1.9200010299682617,2.000002384185791">
        </Bone>
      </Part>
    </Brick>
    <Brick refID="35" designID="3024">
      <Part refID="36" designID="3024" materials="268">
        <Bone refID="36" transformation="0,0,1,0,0.99999994039535522,0,-1,0,0,0.80000990629196167,0.64000046253204346,1.2000068426132202">
        </Bone>
      </Part>
    </Brick>
    <Brick refID="36" designID="3794">
      <Part refID="37" designID="3794" materials="26">
        <Bone refID="37" transformation="-1,0,0,0,1,0,0,0,-1,1.2000114917755127,0.32000052928924561,1.2000068426132202">
        </Bone>
      </Part>
    </Brick>
    <Brick refID="37" designID="4349">
      <Part refID="38" designID="4349" materials="194">
        <Bone refID="38" transformation="-1,0,0,0,1,0,0,0,-1,1.8298625946044922E-005,3.4500017166137695,2.8000054359436035">
        </Bone>
      </Part>
    </Brick>
    <Brick refID="38" designID="6190">
      <Part refID="39" designID="6190" materials="194">
        <Bone refID="39" transformation="-1,0,0,0,1,0,0,0,-1,1.6000092029571533,4.1600008010864258,2.8000092506408691">
        </Bone>
      </Part>
    </Brick>
    <Brick refID="39" designID="3023">
      <Part refID="40" designID="3023" materials="26">
        <Bone refID="40" transformation="-1,0,0,0,1,0,0,0,-1,1.2000191211700439,0.3200002908706665,2.000002384185791">
        </Bone>
      </Part>
    </Brick>
    <Brick refID="40" designID="47758">
      <Part refID="41" designID="47758" materials="268">
        <Bone refID="41" transformation="0,0,1,0,0.99999994039535522,0,-1,0,0,-0.39998334646224976,0.64000022411346436,-0.39999926090240479">
        </Bone>
      </Part>
    </Brick>
    <Brick refID="41" designID="2639">
      <Part refID="42" designID="2639" materials="26">
        <Bone refID="42" transformation="0,0,1,0,0.99999994039535522,0,-1,0,0,0.40002351999282837,0,1.199999213218689">
        </Bone>
      </Part>
    </Brick>
    <Brick refID="42" designID="30150">
      <Part refID="43" designID="30150" materials="268">
        <Bone refID="43" transformation="1,0,0,0,1,0,0,0,1,-3.5999686717987061,0.32000052928924561,3.5999970436096191">
        </Bone>
      </Part>
    </Brick>
    <Brick refID="43" designID="3626">
      <Part refID="44" designID="3626" materials="1,0,0,0" decoration="0,0,0">
        <Bone refID="44" transformation="0,0,-1,0,0.99999994039535522,0,1,0,0,-2.3999679088592529,0.64000046253204346,2.4000000953674316">
        </Bone>
      </Part>
    </Brick>
    <Brick refID="44" designID="3024">
      <Part refID="45" designID="3024" materials="26">
        <Bone refID="45" transformation="0,0,1,0,0.99999994039535522,0,-1,0,0,-1.1999709606170654,0,1.9999984502792358">
        </Bone>
      </Part>
    </Brick>
    <Brick refID="45" designID="3623">
      <Part refID="46" designID="3623" materials="26">
        <Bone refID="46" transformation="0,0,1,0,0.99999994039535522,0,-1,0,0,-3.5999724864959717,0,1.9999984502792358">
        </Bone>
      </Part>
    </Brick>
    <Brick refID="46" designID="3068">
      <Part refID="47" designID="3068" materials="26,0" decoration="0">
        <Bone refID="47" transformation="0,0,1,0,0.99999994039535522,0,-1,0,0,-0.39997178316116333,0.32000052928924561,2.7999978065490723">
        </Bone>
      </Part>
    </Brick>
    <Brick refID="47" designID="3069">
      <Part refID="48" designID="3069" materials="26,0" decoration="0">
        <Bone refID="48" transformation="0,0,-1,0,0.99999994039535522,0,1,0,0,1.2000305652618408,0.32000052928924561,3.600222110748291">
        </Bone>
      </Part>
    </Brick>
    <Brick refID="48" designID="4081">
      <Part refID="49" designID="4081" materials="268">
        <Bone refID="49" transformation="-1,0,0,0,1,0,0,0,-1,0.79999846220016479,1.9200016260147095,-4.3999991416931152">
        </Bone>
      </Part>
    </Brick>
    <Brick refID="49" designID="4287">
      <Part refID="50" designID="4287" materials="268">
        <Bone refID="50" transformation="-1,0,0,0,1,0,0,0,-1,0.80000990629196167,0.96000128984451294,-2.7999932765960693">
        </Bone>
      </Part>
    </Brick>
    <Brick refID="50" designID="61409">
      <Part refID="51" designID="61409" materials="268">
        <Bone refID="51" transformation="1,0,0,0,1,0,0,0,1,0.80001372098922729,1.9200016260147095,-3.5999963283538818">
        </Bone>
      </Part>
    </Brick>
    <Brick refID="51" designID="3024">
      <Part refID="52" designID="3024" materials="268">
        <Bone refID="52" transformation="0,0,1,0,0.99999994039535522,0,-1,0,0,0.80000990629196167,0.64000117778778076,-2.7999932765960693">
        </Bone>
      </Part>
    </Brick>
    <Brick refID="52" designID="3794">
      <Part refID="53" designID="3794" materials="26">
        <Bone refID="53" transformation="-1,0,0,0,1,0,0,0,-1,1.2000076770782471,0.32000112533569336,-2.7999932765960693">
        </Bone>
      </Part>
    </Brick>
    <Brick refID="53" designID="3623">
      <Part refID="54" designID="3623" materials="268">
        <Bone refID="54" transformation="-1,0,0,0,1,0,0,0,-1,1.6000015735626221,2.2400016784667969,-4.3999972343444824">
        </Bone>
      </Part>
    </Brick>
    <Brick refID="54" designID="4349">
      <Part refID="55" designID="4349" materials="194">
        <Bone refID="55" transformation="1,0,0,0,1,0,0,0,1,1.6000015735626221,3.4500017166137695,-4.3999972343444824">
        </Bone>
      </Part>
    </Brick>
    <Brick refID="55" designID="6190">
      <Part refID="56" designID="6190" materials="194">
        <Bone refID="56" transformation="-1,0,0,0,1,0,0,0,-1,1.5999939441680908,4.1600017547607422,-4.3999953269958496">
        </Bone>
      </Part>
    </Brick>
    <Brick refID="56" designID="4349">
      <Part refID="57" designID="4349" materials="194">
        <Bone refID="57" transformation="-1,0,0,0,1,0,0,0,-1,0,3.4500014781951904,-4.3999991416931152">
        </Bone>
      </Part>
    </Brick>
    <Brick refID="57" designID="3023">
      <Part refID="58" designID="3023" materials="26">
        <Bone refID="58" transformation="-1,0,0,0,1,0,0,0,-1,1.2000038623809814,0.32000100612640381,-3.5999999046325684">
        </Bone>
      </Part>
    </Brick>
    <Brick refID="58" designID="47758">
      <Part refID="59" designID="47758" materials="268">
        <Bone refID="59" transformation="0,0,-1,0,0.99999994039535522,0,1,0,0,1.9999992847442627,0.64000093936920166,-1.1999983787536621">
        </Bone>
      </Part>
    </Brick>
    <Brick refID="59" designID="3020">
      <Part refID="60" designID="3020" materials="26">
        <Bone refID="60" transformation="0,0,1,0,0.99999994039535522,0,-1,0,0,0.40000063180923462,0,-5.1999974250793457">
        </Bone>
      </Part>
    </Brick>
    <Brick refID="60" designID="3660">
      <Part refID="61" designID="3660" materials="26">
        <Bone refID="61" transformation="-1,0,0,0,1,0,0,0,-1,1.2000076770782471,0.32000112533569336,-5.1999983787536621">
        </Bone>
      </Part>
    </Brick>
    <Brick refID="61" designID="4070">
      <Part refID="62" designID="4070" materials="26">
        <Bone refID="62" transformation="-1,0,0,0,1,0,0,0,-1,0.80000609159469604,3.5200028419494629,-5.9999995231628418">
        </Bone>
      </Part>
    </Brick>
    <Brick refID="62" designID="3794">
      <Part refID="63" designID="3794" materials="26">
        <Bone refID="63" transformation="-1,0,0,0,1,0,0,0,-1,1.2000038623809814,3.2000017166137695,-6.000002384185791">
        </Bone>
      </Part>
    </Brick>
    <Brick refID="63" designID="3004">
      <Part refID="64" designID="3004" materials="26,0,0,0" decoration="0,0,0">
        <Bone refID="64" transformation="-1,0,0,0,1,0,0,0,-1,1.2000038623809814,2.2400016784667969,-6.000002384185791">
        </Bone>
      </Part>
    </Brick>
    <Brick refID="64" designID="61678">
      <Part refID="65" designID="61678" materials="1">
        <Bone refID="65" transformation="0,-1.0000001192092896,0,0,0,-1.0000001192092896,1.0000001192092896,0,0,0.80000227689743042,6.4800004959106445,-6.8918614387512207">
        </Bone>
      </Part>
    </Brick>
    <Brick refID="65" designID="3004">
      <Part refID="66" designID="3004" materials="26,0,0,0" decoration="0,0,0">
        <Bone refID="66" transformation="-1,0,0,0,1,0,0,0,-1,1.2000038623809814,1.2800015211105347,-6.000002384185791">
        </Bone>
      </Part>
    </Brick>
    <Brick refID="66" designID="85984">
      <Part refID="67" designID="85984" materials="26">
        <Bone refID="67" transformation="0,0,1,0,0.99999994039535522,0,-1,0,0,0.40001219511032104,1.2800017595291138,-5.1999983787536621">
        </Bone>
      </Part>
    </Brick>
    <Brick refID="67" designID="3023">
      <Part refID="68" designID="3023" materials="26">
        <Bone refID="68" transformation="-1,0,0,0,1,0,0,0,-1,1.2000076770782471,0.32000112533569336,-4.3999972343444824">
        </Bone>
      </Part>
    </Brick>
    <Brick refID="68" designID="85984">
      <Part refID="69" designID="85984" materials="26">
        <Bone refID="69" transformation="0,0,1,0,0.99999994039535522,0,-1,0,0,0.40001219511032104,0.64000117778778076,-4.3999972343444824">
        </Bone>
      </Part>
    </Brick>
    <Brick refID="69" designID="3023">
      <Part refID="70" designID="3023" materials="268">
        <Bone refID="70" transformation="0,0,1,0,0.99999994039535522,0,-1,0,0,-0.39997941255569458,0.32000157237052917,-1.2000061273574829">
        </Bone>
      </Part>
    </Brick>
    <Brick refID="70" designID="3023">
      <Part refID="71" designID="3023" materials="268">
        <Bone refID="71" transformation="0,0,1,0,0.99999994039535522,0,-1,0,0,-0.39997941255569458,0,-1.2000061273574829">
        </Bone>
      </Part>
    </Brick>
    <Brick refID="71" designID="3023">
      <Part refID="72" designID="3023" materials="268">
        <Bone refID="72" transformation="0,0,1,0,0.99999994039535522,0,-1,0,0,2.0000221729278564,0.32000157237052917,-1.2000061273574829">
        </Bone>
      </Part>
    </Brick>
    <Brick refID="72" designID="3023">
      <Part refID="73" designID="3023" materials="268">
        <Bone refID="73" transformation="0,0,1,0,0.99999994039535522,0,-1,0,0,2.0000221729278564,0,-1.2000061273574829">
        </Bone>
      </Part>
    </Brick>
    <Brick refID="73" designID="30374">
      <Part refID="74" designID="30374" materials="191">
        <Bone refID="74" transformation="0,0,1,0,0.99999994039535522,0,-1,0,0,1.5000069141387939,3.7600014209747314,-2.799994945526123">
        </Bone>
      </Part>
    </Brick>
    <Brick refID="74" designID="30374">
      <Part refID="75" designID="30374" materials="191">
        <Bone refID="75" transformation="0,0,1,0,0.99999994039535522,0,-1,0,0,1.5000069141387939,3.7600014209747314,1.2000068426132202">
        </Bone>
      </Part>
    </Brick>
    <Brick refID="75" designID="57588">
      <Part refID="76" designID="57588" materials="191">
        <Bone refID="76" transformation="-1,0,0,0,-0.8137325644493103,0.58123952150344849,0,0.58123952150344849,0.81373268365859985,0.95000761747360229,3.4500021934509277,2.8000054359436035">
        </Bone>
      </Part>
    </Brick>
    <Brick refID="76" designID="60849">
      <Part refID="77" designID="60849" materials="191">
        <Bone refID="77" transformation="-0.26436111330986023,-0.56056118011474609,-0.7847830057144165,0,0.81373262405395508,-0.58123952150344849,0.9644237756729126,-0.15365718305110931,-0.21511922776699066,0.66026610136032104,3.7299716472625732,1.812151312828064">
        </Bone>
      </Part>
    </Brick>
    <Brick refID="77" designID="6266">
      <Part refID="78" designID="6266" materials="1">
        <Bone refID="78" transformation="-0.26436111330986023,-0.56056123971939087,-0.7847830057144165,0,0.81373262405395508,-0.58123958110809326,0.9644237756729126,-0.15365715324878693,-0.21511922776699066,0.38533324003219604,3.7979726791381836,0.53097760677337646">
        </Bone>
      </Part>
    </Brick>
    <Brick refID="78" designID="6266">
      <Part refID="79" designID="6266" materials="1">
        <Bone refID="79" transformation="0,0,-1,0,0.99999994039535522,0,1,0,0,6.0000028610229492,3.3600015640258789,-0.39999926090240479">
        </Bone>
      </Part>
    </Brick>
    <Brick refID="79" designID="60115">
      <Part refID="80" designID="60115" materials="1">
        <Bone refID="80" transformation="0,0,1,-0.16296543180942535,0.98663187026977539,0,-0.98663181066513062,-0.16296543180942535,0,6.0000028610229492,3.3600015640258789,-1.199994683265686">
        </Bone>
      </Part>
    </Brick>
    <Brick refID="80" designID="59230">
      <Part refID="81" designID="59230" materials="1">
        <Bone refID="81" transformation="-0.028296088799834251,0.17132030427455902,0.98480898141860962,-0.70038676261901855,0.69953298568725586,-0.14181675016880035,-0.71320241689682007,-0.69376003742218018,0.10019642859697342,5.7551069259643555,4.8426837921142578,-0.035642266273498535">
        </Bone>
      </Part>
    </Brick>
    <Brick refID="81" designID="3626">
      <Part refID="82" designID="3626" materials="1,0,0,0" decoration="0,0,0">
        <Bone refID="82" transformation="0,0,1,-0.16296598315238953,0.98663175106048584,0,-0.98663169145584106,-0.16296598315238953,0,5.7131681442260742,5.0965723991394043,-0.79999315738677979">
        </Bone>
      </Part>
    </Brick>
    <Brick refID="82" designID="6266">
      <Part refID="83" designID="6266" materials="1">
        <Bone refID="83" transformation="0,0,-1,-0.98583716154098511,0.16770558059215546,0,0.16770558059215546,0.98583716154098511,0,6.0000028610229492,3.3600068092346191,-1.199994683265686">
        </Bone>
      </Part>
    </Brick>
    <Brick refID="83" designID="59230">
      <Part refID="84" designID="59230" materials="1">
        <Bone refID="84" transformation="0.028297549113631248,-0.17132401466369629,0.98480832576751709,0.18448333442211151,0.96917396783828735,0.1633031964302063,-0.98242825269699097,0.17705965042114258,0.059031672775745392,5.7551069259643555,4.8426909446716309,-1.5649620294570923">
        </Bone>
      </Part>
    </Brick>
    <Brick refID="84" designID="4287">
      <Part refID="85" designID="4287" materials="26">
        <Bone refID="85" transformation="0,0,1,0,0.99999994039535522,0,-1,0,0,7.5999956130981445,0,-2.7999987602233887">
        </Bone>
      </Part>
    </Brick>
    <Brick refID="85" designID="4287">
      <Part refID="86" designID="4287" materials="26">
        <Bone refID="86" transformation="0,0,-1,0,0.99999994039535522,0,1,0,0,-5.9999971389770508,0,-2.7999987602233887">
        </Bone>
      </Part>
    </Brick>
    <Brick refID="86" designID="6266">
      <Part refID="87" designID="6266" materials="1">
        <Bone refID="87" transformation="0,0,-1,0,0.99999994039535522,0,1,0,0,-4.4000024795532227,3.3600053787231445,-0.39999926090240479">
        </Bone>
      </Part>
    </Brick>
    <Brick refID="87" designID="60115">
      <Part refID="88" designID="60115" materials="1">
        <Bone refID="88" transformation="0,0,1,0.57925599813461304,0.81514573097229004,0,-0.81514567136764526,0.57925599813461304,0,-4.4000024795532227,3.3600053787231445,-1.199994683265686">
        </Bone>
      </Part>
    </Brick>
    <Brick refID="88" designID="59230">
      <Part refID="89" designID="59230" materials="1">
        <Bone refID="89" transformation="-0.10058743506669998,-0.14154638350009918,0.98480802774429321,0.013800955377519131,0.98953449726104736,0.1436353325843811,-0.99483251571655273,0.028039198368787766,-0.097581259906291962,-3.5295073986053467,4.584989070892334,-1.5649620294570923">
        </Bone>
      </Part>
    </Brick>
    <Brick refID="89" designID="3626">
      <Part refID="90" designID="3626" materials="1,0,0,0" decoration="0,0,0">
        <Bone refID="90" transformation="-0.079812563955783844,0.056716084480285645,-0.99519515037536621,0.57925653457641602,0.81514561176300049,0,0.81122869253158569,-0.57647329568862915,-0.09791196882724762,-3.3804557323455811,4.7947430610656738,-0.80000078678131104">
        </Bone>
      </Part>
    </Brick>
    <Brick refID="90" designID="6266">
      <Part refID="91" designID="6266" materials="1">
        <Bone refID="91" transformation="0,0,1,0,0.99999994039535522,0,-1,0,0,-1.5999724864959717,1.7600017786026001,3.2000031471252441">
        </Bone>
      </Part>
    </Brick>
    <Brick refID="91" designID="4287">
      <Part refID="92" designID="4287" materials="26">
        <Bone refID="92" transformation="0,0,-1,0,0.99999994039535522,0,1,0,0,-6.0000009536743164,0,1.199999213218689">
        </Bone>
      </Part>
    </Brick>
    <Brick refID="92" designID="59230">
      <Part refID="93" designID="59230" materials="1">
        <Bone refID="93" transformation="-1,0,0,0,1,0,0,0,-1,2.1400253772735596,3.7600016593933105,-2.799994945526123">
        </Bone>
      </Part>
    </Brick>
    <Brick refID="93" designID="71137">
      <Part refID="94" designID="71137" materials="268">
        <Bone refID="94" transformation="0,1.0000001192092896,0,0,0,1.0000001192092896,1.0000001192092896,0,0,1.1379997730255127,2.1636710166931152,-5.2000002861022949">
        </Bone>
      </Part>
    </Brick>
    <Brick refID="94" designID="6266">
      <Part refID="95" designID="6266" materials="1">
        <Bone refID="95" transformation="-1,0,0,0,1,0,0,0,-1,2.5400040149688721,3.7599990367889404,1.2000068426132202">
        </Bone>
      </Part>
    </Brick>
    <Brick refID="95" designID="48729">
      <Part refID="96" designID="48729" materials="191">
        <Bone refID="96" transformation="0,0.11989644914865494,0.99278640747070313,0,-0.99278640747070313,0.11989644914865494,1,0,0,0.80013579130172729,5.7553162574768066,2.6556572914123535">
        </Bone>
      </Part>
    </Brick>
    <Brick refID="96" designID="3062">
      <Part refID="97" designID="3062" materials="191">
        <Bone refID="97" transformation="0,0.11989644914865494,0.99278640747070313,0,-0.99278640747070313,0.11989644914865494,1,0,0,0.80013579130172729,6.0799040794372559,2.616457462310791">
        </Bone>
      </Part>
    </Brick>
    <Brick refID="97" designID="30375">
      <Part refID="98" designID="30375" materials="191">
        <Bone refID="98" transformation="-1,0,0,0,-0.11989642679691315,-0.99278652667999268,0,-0.9927864670753479,0.11989672482013702,0.80013197660446167,6.4209451675415039,3.2551727294921875">
        </Bone>
      </Part>
    </Brick>
    <Brick refID="98" designID="57588">
      <Part refID="99" designID="57588" materials="191">
        <Bone refID="99" transformation="1,0,0,0,-0.30044883489608765,0.95379793643951416,0,-0.95379793643951416,-0.30044883489608765,1.2601311206817627,6.2674760818481445,1.9844077825546265">
        </Bone>
      </Part>
    </Brick>
    <Brick refID="99" designID="60849">
      <Part refID="100" designID="60849" materials="191">
        <Bone refID="100" transformation="0,-0.30044907331466675,0.95379787683486938,0,0.95379781723022461,0.30044907331466675,-1,0,0,1.5498726367950439,6.7655062675476074,-0.12544023990631104">
        </Bone>
      </Part>
    </Brick>
    <Brick refID="100" designID="3626">
      <Part refID="101" designID="3626" materials="1,0,0,0" decoration="0,0,0">
        <Bone refID="101" transformation="0,0.30044987797737122,-0.95379757881164551,0,0.95379757881164551,0.30044987797737122,1,0,0,1.5498764514923096,5.849860668182373,-0.41386866569519043">
        </Bone>
      </Part>
    </Brick>
    <Brick refID="101" designID="57588">
      <Part refID="102" designID="57588" materials="191">
        <Bone refID="102" transformation="0.99999994039535522,0,0,0,-0.7947877049446106,0.60688751935958862,0,-0.60688751935958862,-0.7947877049446106,-0.27986985445022583,6.2674756050109863,1.9844077825546265">
        </Bone>
      </Part>
    </Brick>
    <Brick refID="102" designID="60849">
      <Part refID="103" designID="60849" materials="191">
        <Bone refID="103" transformation="0,-0.79478758573532104,0.6068878173828125,0,0.60688787698745728,0.79478758573532104,-1,0,0,0.0098754763603210449,7.8893842697143555,0.54604566097259521">
        </Bone>
      </Part>
    </Brick>
    <Brick refID="103" designID="4287">
      <Part refID="104" designID="4287" materials="26">
        <Bone refID="104" transformation="0,0,1,0,0.99999994039535522,0,-1,0,0,7.5999956130981445,0,1.199999213218689">
        </Bone>
      </Part>
    </Brick>
    <Brick refID="104" designID="30162">
      <Part refID="105" designID="30162" materials="191">
        <Bone refID="105" transformation="0,0.28643491864204407,0.95809978246688843,0,0.95809990167617798,-0.28643491864204407,-1.0000001192092896,0,0,0.79012221097946167,7.7316288948059082,2.8633294105529785">
        </Bone>
      </Part>
    </Brick>
    <Brick refID="105" designID="47905">
      <Part refID="106" designID="47905" materials="191">
        <Bone refID="106" transformation="0,0.95809978246688843,-0.28643494844436646,0,-0.28643491864204407,-0.95809972286224365,-1,0,0,0.79012602567672729,7.508791446685791,3.5144400596618652">
        </Bone>
      </Part>
    </Brick>
    <Brick refID="106" designID="2555">
      <Part refID="107" designID="2555" materials="191">
        <Bone refID="107" transformation="0,0.28643468022346497,0.9580998420715332,0,-0.95809978246688843,0.28643468022346497,1.0000001192092896,0,0,0.79012984037399292,6.9651474952697754,3.0924849510192871">
        </Bone>
      </Part>
    </Brick>
    <Brick refID="107" designID="4150">
      <Part refID="108" designID="4150" materials="26,0" decoration="0">
        <Bone refID="108" transformation="0,1.0000001192092896,0,0,0,1.0000001192092896,1.0000001192092896,0,0,6.3999967575073242,0.96000289916992188,6.4000039100646973">
        </Bone>
      </Part>
    </Brick>
    <Brick refID="108" designID="4032">
      <Part refID="109" designID="4032" materials="26">
        <Bone refID="109" transformation="0,1.0000001192092896,0,0,0,1.0000001192092896,1.0000001192092896,0,0,6.3999967575073242,0.96000289916992188,6.0800037384033203">
        </Bone>
      </Part>
    </Brick>
    <Brick refID="109" designID="4032">
      <Part refID="110" designID="4032" materials="26">
        <Bone refID="110" transformation="0,1.0000001192092896,0,0,0,1.0000001192092896,1.0000001192092896,0,0,6.3999967575073242,0.96000289916992188,5.7600040435791016">
        </Bone>
      </Part>
    </Brick>
    <Brick refID="110" designID="30360">
      <Part refID="111" designID="30360" materials="268">
        <Bone refID="111" transformation="0,0,1,0,0.99999994039535522,0,-1,0,0,5.9999990463256836,0,2.3200058937072754">
        </Bone>
      </Part>
    </Brick>
    <Brick refID="111" designID="3022">
      <Part refID="112" designID="3022" materials="26">
        <Bone refID="112" transformation="0,-1.0000001192092896,0,0,0,1.0000001192092896,-1.0000001192092896,0,0,5.5999975204467773,1.7680016756057739,1.6000078916549683">
        </Bone>
      </Part>
    </Brick>
    <Brick refID="112" designID="3660">
      <Part refID="113" designID="3660" materials="268">
        <Bone refID="113" transformation="0,0,-1,0,0.99999994039535522,0,1,0,0,6.0000028610229492,0,4.7200069427490234">
        </Bone>
      </Part>
    </Brick>
    <Brick refID="113" designID="3003">
      <Part refID="114" designID="3003" materials="26,0,0" decoration="0,0">
        <Bone refID="114" transformation="0,0,-1,0,0.99999994039535522,0,1,0,0,5.1999998092651367,0,4.7200069427490234">
        </Bone>
      </Part>
    </Brick>
    <Brick refID="114" designID="30360">
      <Part refID="115" designID="30360" materials="268">
        <Bone refID="115" transformation="0,0,1,0,0.99999994039535522,0,-1,0,0,3.6000010967254639,0,2.3200054168701172">
        </Bone>
      </Part>
    </Brick>
    <Brick refID="115" designID="3022">
      <Part refID="116" designID="3022" materials="26">
        <Bone refID="116" transformation="0,-1.0000001192092896,0,0,0,1.0000001192092896,-1.0000001192092896,0,0,3.1999998092651367,1.7680050134658813,1.6000083684921265">
        </Bone>
      </Part>
    </Brick>
    <Brick refID="116" designID="41862">
      <Part refID="117" designID="41862" materials="26">
        <Bone refID="117" transformation="1,0,0,0,1,0,0,0,1,3.6000049114227295,1.6010056734085083,4.7200031280517578">
        </Bone>
      </Part>
    </Brick>
    <Brick refID="117" designID="3022">
      <Part refID="118" designID="3022" materials="26">
        <Bone refID="118" transformation="0,0,-1,0,0.99999994039535522,0,1,0,0,4.4000039100646973,1.9210056066513062,4.7199993133544922">
        </Bone>
      </Part>
    </Brick>
    <Brick refID="118" designID="3068">
      <Part refID="119" designID="3068" materials="268,0" decoration="0">
        <Bone refID="119" transformation="0,0,-1,0,0.99999994039535522,0,1,0,0,4.4000039100646973,2.2410061359405518,4.7199993133544922">
        </Bone>
      </Part>
    </Brick>
    <Brick refID="119" designID="3660">
      <Part refID="120" designID="3660" materials="268">
        <Bone refID="120" transformation="0,0,1,0,0.99999994039535522,0,-1,0,0,3.6000010967254639,0,3.9200119972229004">
        </Bone>
      </Part>
    </Brick>
    <Brick refID="120" designID="4032">
      <Part refID="121" designID="4032" materials="26">
        <Bone refID="121" transformation="1,0,0,0,0,1,0,-1,0,3.1999998092651367,0.96001195907592773,5.7600040435791016">
        </Bone>
      </Part>
    </Brick>
    <Brick refID="121" designID="4032">
      <Part refID="122" designID="4032" materials="26">
        <Bone refID="122" transformation="1,0,0,0,0,1,0,-1,0,3.1999998092651367,0.96001195907592773,6.0800037384033203">
        </Bone>
      </Part>
    </Brick>
    <Brick refID="122" designID="4150">
      <Part refID="123" designID="4150" materials="26,0" decoration="0">
        <Bone refID="123" transformation="1,0,0,0,0,1,0,-1,0,3.1999959945678711,0.96001195907592773,6.4000039100646973">
        </Bone>
      </Part>
    </Brick>
    <Brick refID="123" designID="6141">
      <Part refID="124" designID="6141" materials="26">
        <Bone refID="124" transformation="0,0,1,0,0.99999994039535522,0,-1,0,0,3.6000010967254639,2.5600049495697021,3.1200046539306641">
        </Bone>
      </Part>
    </Brick>
    <Brick refID="124" designID="3070">
      <Part refID="125" designID="3070" materials="26,0" decoration="0">
        <Bone refID="125" transformation="0,0,1,0,0.99999994039535522,0,-1,0,0,3.6000010967254639,2.8800051212310791,3.1200122833251953">
        </Bone>
      </Part>
    </Brick>
    <Brick refID="125" designID="3003">
      <Part refID="126" designID="3003" materials="26,0,0" decoration="0,0">
        <Bone refID="126" transformation="0,0,1,0,0.99999994039535522,0,-1,0,0,5.9999990463256836,1.6010020971298218,3.9200077056884766">
        </Bone>
      </Part>
    </Brick>
    <Brick refID="126" designID="44728">
      <Part refID="127" designID="44728" materials="26">
        <Bone refID="127" transformation="0,0,-1,0,0.99999994039535522,0,1,0,0,6.7999982833862305,2.5610024929046631,4.7200031280517578">
        </Bone>
      </Part>
    </Brick>
    <Brick refID="127" designID="3023">
      <Part refID="128" designID="3023" materials="26">
        <Bone refID="128" transformation="0,0,1,0,0.99999994039535522,0,-1,0,0,5.9999990463256836,2.5610020160675049,3.9200077056884766">
        </Bone>
      </Part>
    </Brick>
    <Brick refID="128" designID="75347">
      <Part refID="129" designID="75347" materials="26">
        <Bone refID="129" transformation="0,0,-1,0,0.99999994039535522,0,1,0,0,6.7999982833862305,2.8810021877288818,4.720003604888916">
        </Bone>
      </Part>
    </Brick>
    <Brick refID="129" designID="4032">
      <Part refID="130" designID="4032" materials="26">
        <Bone refID="130" transformation="0,0,-1,0,0.99999994039535522,0,1,0,0,6.7999944686889648,13.441000938415527,4.7200031280517578">
        </Bone>
      </Part>
    </Brick>
    <Brick refID="130" designID="2555">
      <Part refID="131" designID="2555" materials="1">
        <Bone refID="131" transformation="0,0,-1.0000001192092896,1.0000001192092896,0,0,0,-1.0000001192092896,0,7.9999895095825195,2.4810006618499756,4.7170009613037109">
        </Bone>
      </Part>
    </Brick>
    <Brick refID="131" designID="4081">
      <Part refID="132" designID="4081" materials="1">
        <Bone refID="132" transformation="0,-1,0,1,0,0,0,0,0.99999994039535522,7.6799936294555664,2.4809987545013428,4.7170000076293945">
        </Bone>
      </Part>
    </Brick>
    <Brick refID="132" designID="3020">
      <Part refID="133" designID="3020" materials="1">
        <Bone refID="133" transformation="0,-1,0,1,0,0,0,0,1,7.3600015640258789,4.8810019493103027,4.7170000076293945">
        </Bone>
      </Part>
    </Brick>
    <Brick refID="133" designID="2555">
      <Part refID="134" designID="2555" materials="1">
        <Bone refID="134" transformation="0,0,-1.0000001192092896,1.0000001192092896,0,0,0,-1.0000001192092896,0,7.9999895095825195,2.4810020923614502,3.9170017242431641">
        </Bone>
      </Part>
    </Brick>
    <Brick refID="134" designID="4081">
      <Part refID="135" designID="4081" materials="1">
        <Bone refID="135" transformation="0,1,0,1,0,0,0,0,-1,7.6799898147583008,2.4810001850128174,3.9169988632202148">
        </Bone>
      </Part>
    </Brick>
    <Brick refID="135" designID="3048">
      <Part refID="136" designID="3048" materials="1">
        <Bone refID="136" transformation="0,-1,0,1,0,0,0,0,1,7.6799898147583008,3.2810032367706299,5.517000675201416">
        </Bone>
      </Part>
    </Brick>
    <Brick refID="136" designID="43722">
