<?xml version="1.0" encoding="UTF-8" standalone="no" ?>
<LXFML versionMajor="5" versionMinor="0">
  <Meta>
    <Application name="LEGO Universe" versionMajor="0" versionMinor="0"/>
    <Brand name="LEGOUniverse"/>
    <BrickSet version="330"/>
  </Meta>
  <Bricks>
    <Brick refID="0" designID="2335">
      <Part refID="0" designID="2335" materials="28">
        <Bone refID="0" transformation="0,-0.7071068286895752,0.70710688829421997,-1.0000001192092896,0,0,0,-0.70710688829421997,-0.70710670948028564,-1.6300027370452881,6.3289995193481445,2.0000038146972656">
        </Bone>
      </Part>
    </Brick>
    <Brick refID="1" designID="3830">
      <Part refID="1" designID="3830" materials="192">
        <Bone refID="1" transformation="0,0,1,0,0.99999994039535522,0,-1,0,0,0.39999938011169434,0.32000020146369934,-5.9999980926513672">
        </Bone>
      </Part>
    </Brick>
    <Brick refID="2" designID="3666">
      <Part refID="2" designID="3666" materials="192">
        <Bone refID="2" transformation="0,0,-1,0,1,0,1,0,0,0.39999818801879883,1.2800003290176392,-2">
        </Bone>
      </Part>
    </Brick>
    <Brick refID="3" designID="44567">
      <Part refID="3" designID="44567" materials="26">
        <Bone refID="3" transformation="0,0,-1,0,1,0,1,0,0,0.39999914169311523,1.600000262260437,-5.1999983787536621">
        </Bone>
      </Part>
    </Brick>
    <Brick refID="4" designID="4286">
      <Part refID="4" designID="4286" materials="199">
        <Bone refID="4" transformation="1,0,0,0,1,0,0,0,1,0.39999961853027344,1.9200000762939453,-5.9999995231628418">
        </Bone>
      </Part>
    </Brick>
    <Brick refID="5" designID="50746">
      <Part refID="5" designID="50746" materials="194">
        <Bone refID="5" transformation="1,0,0,0,1,0,0,0,1,0.39999961853027344,2.8800003528594971,-5.9999995231628418">
        </Bone>
      </Part>
    </Brick>
    <Brick refID="6" designID="6141">
      <Part refID="6" designID="6141" materials="26">
        <Bone refID="6" transformation="-1,0,0,0,1,0,0,0,-1,0.39999866485595703,1.600000262260437,-4.3999991416931152">
        </Bone>
      </Part>
    </Brick>
    <Brick refID="7" designID="3062">
      <Part refID="7" designID="3062" materials="194">
        <Bone refID="7" transformation="-1,0,0,0,1,0,0,0,-1,0.39999938011169434,0.32000017166137695,-4.3999981880187988">
        </Bone>
      </Part>
    </Brick>
    <Brick refID="8" designID="30503">
      <Part refID="8" designID="30503" materials="5">
        <Bone refID="8" transformation="0,0,-1,0,1,0,1,0,0,0.39999914169311523,0,-3.5999975204467773">
        </Bone>
      </Part>
    </Brick>
    <Brick refID="9" designID="3003">
      <Part refID="9" designID="3003" materials="21,0,0" decoration="0,0">
        <Bone refID="9" transformation="-1,0,0,0,1,0,0,0,-1,1.1999993324279785,0.32000017166137695,-3.5999975204467773">
        </Bone>
      </Part>
    </Brick>
    <Brick refID="10" designID="30504">
      <Part refID="10" designID="30504" materials="5">
        <Bone refID="10" transformation="1,0,0,0,1,0,0,0,1,-2.8000013828277588,0,-2.7999973297119141">
        </Bone>
      </Part>
    </Brick>
    <Brick refID="11" designID="3003">
      <Part refID="11" designID="3003" materials="21,0,0" decoration="0,0">
        <Bone refID="11" transformation="-1,0,0,0,1,0,0,0,-1,-2.8000023365020752,0.3200000524520874,0.40000343322753906">
        </Bone>
      </Part>
    </Brick>
    <Brick refID="12" designID="30503">
      <Part refID="12" designID="30503" materials="5">
        <Bone refID="12" transformation="0,0,1,0,0.99999994039535522,0,-1,0,0,-3.6000025272369385,0,0.40000152587890625">
        </Bone>
      </Part>
    </Brick>
    <Brick refID="13" designID="3062">
      <Part refID="13" designID="3062" materials="194">
        <Bone refID="13" transformation="-1,0,0,0,1,0,0,0,-1,-4.4000024795532227,0.32000002264976501,0.40000057220458984">
        </Bone>
      </Part>
    </Brick>
    <Brick refID="14" designID="3666">
      <Part refID="14" designID="3666" materials="192">
        <Bone refID="14" transformation="1,0,0,0,1,0,0,0,1,-6.0000038146972656,1.2800002098083496,0.40000057220458984">
        </Bone>
      </Part>
    </Brick>
    <Brick refID="15" designID="6141">
      <Part refID="15" designID="6141" materials="26">
        <Bone refID="15" transformation="-1,0,0,0,1,0,0,0,-1,-4.4000034332275391,1.6000000238418579,0.39999961853027344">
        </Bone>
      </Part>
    </Brick>
    <Brick refID="16" designID="4286">
      <Part refID="16" designID="4286" materials="199">
        <Bone refID="16" transformation="0,0,-1,0,1,0,1,0,0,-6.0000038146972656,1.9199998378753662,0.40000057220458984">
        </Bone>
      </Part>
    </Brick>
    <Brick refID="17" designID="44567">
      <Part refID="17" designID="44567" materials="26">
        <Bone refID="17" transformation="1,0,0,0,1,0,0,0,1,-6.000004768371582,1.6000000238418579,0.40000057220458984">
        </Bone>
      </Part>
    </Brick>
    <Brick refID="18" designID="50746">
      <Part refID="18" designID="50746" materials="194">
        <Bone refID="18" transformation="0,0,-1,0,1,0,1,0,0,-6.0000028610229492,2.8799998760223389,0.40000057220458984">
        </Bone>
      </Part>
    </Brick>
    <Brick refID="19" designID="3831">
      <Part refID="19" designID="3831" materials="192">
        <Bone refID="19" transformation="-1,0,0,0,1,0,0,0,-1,-5.2000026702880859,0.32000002264976501,0.40000057220458984">
        </Bone>
      </Part>
    </Brick>
    <Brick refID="20" designID="4286">
      <Part refID="20" designID="4286" materials="199">
        <Bone refID="20" transformation="0,0,-1,0,1,0,1,0,0,-2.0000030994415283,0.3200000524520874,0.40000247955322266">
        </Bone>
      </Part>
    </Brick>
    <Brick refID="21" designID="3001">
      <Part refID="21" designID="3001" materials="194">
        <Bone refID="21" transformation="0,0,-1,0,1,0,1,0,0,-2.0000021457672119,0.3200000524520874,-0.39999771118164063">
        </Bone>
      </Part>
    </Brick>
    <Brick refID="22" designID="61485">
      <Part refID="22" designID="61485" materials="26">
        <Bone refID="22" transformation="-1,0,0,0,1,0,0,0,-1,-0.40000128746032715,1.2800003290176392,-2.7999963760375977">
        </Bone>
      </Part>
    </Brick>
    <Brick refID="23" designID="3001">
      <Part refID="23" designID="3001" materials="194">
        <Bone refID="23" transformation="0,0,-1,0,1,0,1,0,0,-0.40000224113464355,0.3200000524520874,-0.39999866485595703">
        </Bone>
      </Part>
    </Brick>
    <Brick refID="24" designID="4286">
      <Part refID="24" designID="4286" materials="199">
        <Bone refID="24" transformation="1,0,0,0,1,0,0,0,1,0.39999890327453613,0.3200000524520874,-1.9999961853027344">
        </Bone>
      </Part>
    </Brick>
    <Brick refID="25" designID="47847">
      <Part refID="25" designID="47847" materials="199">
        <Bone refID="25" transformation="1,0,0,0,1,0,0,0,1,-4.4000034332275391,0.32000002264976501,2.0000009536743164">
        </Bone>
      </Part>
    </Brick>
    <Brick refID="26" designID="3062">
      <Part refID="26" designID="3062" materials="194">
        <Bone refID="26" transformation="1,0,0,0,1,0,0,0,1,-2.0000021457672119,5.1210007667541504,1.2000017166137695">
        </Bone>
      </Part>
    </Brick>
    <Brick refID="27" designID="2540">
      <Part refID="27" designID="2540" materials="21">
        <Bone refID="27" transformation="1,0,0,0,1,0,0,0,1,-2.8000023365020752,6.081000804901123,1.2000017166137695">
        </Bone>
      </Part>
    </Brick>
    <Brick refID="28" designID="2431">
      <Part refID="28" designID="2431" materials="26,0" decoration="0">
        <Bone refID="28" transformation="1,0,0,0,1,0,0,0,1,-4.4000024795532227,6.4010009765625,1.2000017166137695">
        </Bone>
      </Part>
    </Brick>
    <Brick refID="29" designID="2540">
      <Part refID="29" designID="2540" materials="21">
        <Bone refID="29" transformation="1,0,0,0,1,0,0,0,1,-4.4000024795532227,6.081000804901123,1.1999998092651367">
        </Bone>
      </Part>
    </Brick>
    <Brick refID="30" designID="47847">
      <Part refID="30" designID="47847" materials="199">
        <Bone refID="30" transformation="0,0,-1,0,1,0,1,0,0,1.9999977350234985,0.31999996304512024,-1.9999961853027344">
        </Bone>
      </Part>
    </Brick>
    <Brick refID="31" designID="2431">
      <Part refID="31" designID="2431" materials="26,0" decoration="0">
        <Bone refID="31" transformation="0,0,-1,0,1,0,1,0,0,1.1999983787536621,6.4010009765625,-1.9999961853027344">
        </Bone>
      </Part>
    </Brick>
    <Brick refID="32" designID="2540">
      <Part refID="32" designID="2540" materials="21">
        <Bone refID="32" transformation="0,0,-1,0,1,0,1,0,0,1.1999974250793457,6.081000804901123,-1.9999961853027344">
        </Bone>
      </Part>
    </Brick>
    <Brick refID="33" designID="2540">
      <Part refID="33" designID="2540" materials="21">
        <Bone refID="33" transformation="0,0,-1,0,1,0,1,0,0,1.1999986171722412,6.081000804901123,-3.5999965667724609">
        </Bone>
      </Part>
    </Brick>
    <Brick refID="34" designID="3062">
      <Part refID="34" designID="3062" materials="194">
        <Bone refID="34" transformation="0,0,-1,0,1,0,1,0,0,1.1999974250793457,5.1210007667541504,-1.9999961853027344">
        </Bone>
      </Part>
    </Brick>
    <Brick refID="35" designID="30176">
      <Part refID="35" designID="30176" materials="28">
        <Bone refID="35" transformation="-0.51511895656585693,0,-0.85711866617202759,0,1,0,0.85711866617202759,0,-0.51511895656585693,2.8000001907348633,0.32000017166137695,-3.5999965667724609">
        </Bone>
      </Part>
    </Brick>
    <Brick refID="36" designID="2335">
      <Part refID="36" designID="2335" materials="28">
        <Bone refID="36" transformation="0.7071068286895752,-0.70710670948028564,0,0,0,1,-0.70710670948028564,-0.7071068286895752,0,1.9999996423721313,6.3289995193481445,-4.769996166229248">
        </Bone>
      </Part>
    </Brick>
    <Brick refID="37" designID="2335">
      <Part refID="37" designID="2335" materials="28">
        <Bone refID="37" transformation="0.7071068286895752,-0.70710676908493042,0,0,0,1,-0.70710676908493042,-0.7071068286895752,0,1.9999985694885254,6.3289995193481445,-3.1699962615966797">
        </Bone>
      </Part>
    </Brick>
    <Brick refID="38" designID="3830">
      <Part refID="38" designID="3830" materials="192">
        <Bone refID="38" transformation="1,0,0,0,1,0,0,0,1,-6.0000028610229492,0.32000002264976501,-0.39999866485595703">
        </Bone>
      </Part>
    </Brick>
    <Brick refID="39" designID="30503">
      <Part refID="39" designID="30503" materials="5">
        <Bone refID="39" transformation="-1,0,0,0,1,0,0,0,-1,-3.6000030040740967,0,-0.39999771118164063">
        </Bone>
      </Part>
    </Brick>
    <Brick refID="40" designID="3701">
      <Part refID="40" designID="3701" materials="192">
        <Bone refID="40" transformation="0,0,1,0,0.99999994039535522,0,-1,0,0,-3.6000025272369385,0.32000002264976501,-2.7999982833862305">
        </Bone>
      </Part>
    </Brick>
    <Brick refID="41" designID="4286">
      <Part refID="41" designID="4286" materials="199">
        <Bone refID="41" transformation="-1,0,0,0,1,0,0,0,-1,-4.4000034332275391,0.32000002264976501,-0.39999771118164063">
        </Bone>
      </Part>
    </Brick>
    <Brick refID="42" designID="4460">
      <Part refID="42" designID="4460" materials="199">
        <Bone refID="42" transformation="0,0,1,0,0.99999994039535522,0,-1,0,0,-5.2000036239624023,1.2800000905990601,-0.39999866485595703">
        </Bone>
      </Part>
    </Brick>
    <Brick refID="43" designID="4460">
      <Part refID="43" designID="4460" materials="199">
        <Bone refID="43" transformation="0,0,-1,0,1,0,1,0,0,-4.4000024795532227,1.2799999713897705,-0.39999771118164063">
        </Bone>
      </Part>
    </Brick>
    <Brick refID="44" designID="30237">
      <Part refID="44" designID="30237" materials="199">
        <Bone refID="44" transformation="-1,0,0,0,1,0,0,0,-1,-4.4000024795532227,4.1600003242492676,-0.39999866485595703">
        </Bone>
      </Part>
    </Brick>
    <Brick refID="45" designID="50746">
      <Part refID="45" designID="50746" materials="194">
        <Bone refID="45" transformation="0,0,-1,0,1,0,1,0,0,-5.2000036239624023,5.119999885559082,-0.39999866485595703">
        </Bone>
      </Part>
    </Brick>
    <Brick refID="46" designID="60475">
      <Part refID="46" designID="60475" materials="194">
        <Bone refID="46" transformation="0,0,1,0,0.99999994039535522,0,-1,0,0,-4.4000015258789062,5.1209993362426758,1.2000026702880859">
        </Bone>
      </Part>
    </Brick>
    <Brick refID="47" designID="64644">
      <Part refID="47" designID="64644" materials="26">
        <Bone refID="47" transformation="1,0,0,0,-1,0,0,0,-1,-5.2000017166137695,6.680999755859375,1.2000007629394531">
        </Bone>
      </Part>
    </Brick>
    <Brick refID="48" designID="6126">
      <Part refID="48" designID="6126" materials="182">
        <Bone refID="48" transformation="1,0,0,0,1,0,0,0,1,-5.2000017166137695,6.4010000228881836,1.2000007629394531">
        </Bone>
      </Part>
    </Brick>
    <Brick refID="49" designID="30503">
      <Part refID="49" designID="30503" materials="5">
        <Bone refID="49" transformation="-1,0,0,0,1,0,0,0,-1,-0.40000104904174805,0,-3.5999975204467773">
        </Bone>
      </Part>
    </Brick>
    <Brick refID="50" designID="3701">
      <Part refID="50" designID="3701" materials="192">
        <Bone refID="50" transformation="1,0,0,0,1,0,0,0,1,-2.8000013828277588,0.32000023126602173,-3.5999984741210937">
        </Bone>
      </Part>
    </Brick>
    <Brick refID="51" designID="4286">
      <Part refID="51" designID="4286" materials="199">
        <Bone refID="51" transformation="0,0,1,0,0.99999994039535522,0,-1,0,0,-0.40000104904174805,0.32000026106834412,-4.3999991416931152">
        </Bone>
      </Part>
    </Brick>
    <Brick refID="52" designID="3831">
      <Part refID="52" designID="3831" materials="192">
        <Bone refID="52" transformation="0,0,-1,0,1,0,1,0,0,-0.40000081062316895,0.32000026106834412,-5.1999979019165039">
        </Bone>
      </Part>
    </Brick>
    <Brick refID="53" designID="4460">
      <Part refID="53" designID="4460" materials="199">
        <Bone refID="53" transformation="-1,0,0,0,1,0,0,0,-1,-0.40000057220458984,1.2799999713897705,-5.1999974250793457">
        </Bone>
      </Part>
    </Brick>
    <Brick refID="54" designID="4460">
      <Part refID="54" designID="4460" materials="199">
        <Bone refID="54" transformation="1,0,0,0,1,0,0,0,1,-0.40000224113464355,1.2800000905990601,-4.4000000953674316">
        </Bone>
      </Part>
    </Brick>
    <Brick refID="55" designID="30237">
      <Part refID="55" designID="30237" materials="199">
        <Bone refID="55" transformation="0,0,1,0,0.99999994039535522,0,-1,0,0,-0.40000200271606445,4.1600003242492676,-5.2000002861022949">
        </Bone>
      </Part>
    </Brick>
    <Brick refID="56" designID="50746">
      <Part refID="56" designID="50746" materials="194">
        <Bone refID="56" transformation="1,0,0,0,1,0,0,0,1,-0.40000224113464355,5.1200003623962402,-5.1999993324279785">
        </Bone>
      </Part>
    </Brick>
    <Brick refID="57" designID="2335">
      <Part refID="57" designID="2335" materials="28">
        <Bone refID="57" transformation="0,-0.7071068286895752,0.7071068286895752,-1.0000001192092896,0,0,0,-0.7071068286895752,-0.70710676908493042,-3.2300026416778564,6.3289995193481445,2.0000019073486328">
        </Bone>
      </Part>
    </Brick>
    <Brick refID="58" designID="60475">
      <Part refID="58" designID="60475" materials="194">
        <Bone refID="58" transformation="-1,0,0,0,1,0,0,0,-1,1.2000004053115845,5.1209993362426758,-4.399996280670166">
        </Bone>
      </Part>
    </Brick>
    <Brick refID="59" designID="64644">
      <Part refID="59" designID="64644" materials="26">
        <Bone refID="59" transformation="0,0,1.0000001192092896,0,-1,0,1.0000001192092896,0,0,1.2000004053115845,6.680999755859375,-5.1999964714050293">
        </Bone>
      </Part>
    </Brick>
    <Brick refID="60" designID="6126">
      <Part refID="60" designID="6126" materials="182">
        <Bone refID="60" transformation="0,0,1,0,0.99999994039535522,0,-1,0,0,1.2000004053115845,6.4010000228881836,-5.1999964714050293">
        </Bone>
      </Part>
    </Brick>
    <Brick refID="61" designID="87081">
      <Part refID="61" designID="87081" materials="199">
        <Bone refID="61" transformation="-0.70710694789886475,0,0.70710659027099609,0,1,0,-0.70710659027099609,0,-0.70710694789886475,-1.034315824508667,1.5999999046325684,-2.7313690185546875">
        </Bone>
      </Part>
    </Brick>
    <Brick refID="62" designID="4865">
      <Part refID="62" designID="4865" materials="194,0" decoration="0">
        <Bone refID="62" transformation="-0.70710694789886475,0,0.70710659027099609,0,1,0,-0.70710659027099609,0,-0.70710694789886475,-0.46862983703613281,2.559999942779541,-1.0343132019042969">
        </Bone>
      </Part>
    </Brick>
    <Brick refID="63" designID="3700">
      <Part refID="63" designID="3700" materials="192">
        <Bone refID="63" transformation="-0.70710659027099609,0,-0.70710694789886475,0,1,0,0.70710694789886475,0,-0.70710659027099609,-0.46863007545471191,2.559999942779541,-2.1656837463378906">
        </Bone>
      </Part>
    </Brick>
    <Brick refID="64" designID="3700">
      <Part refID="64" designID="3700" materials="192">
        <Bone refID="64" transformation="-0.70710659027099609,0,-0.70710694789886475,0,1,0,0.70710694789886475,0,-0.70710659027099609,-2.1656868457794189,2.559999942779541,-0.4686279296875">
        </Bone>
      </Part>
    </Brick>
    <Brick refID="65" designID="3069">
      <Part refID="65" designID="3069" materials="194,0" decoration="0">
        <Bone refID="65" transformation="-0.70710694789886475,0,0.70710659027099609,0,1,0,-0.70710659027099609,0,-0.70710694789886475,-2.1655280590057373,2.559999942779541,-2.7315273284912109">
        </Bone>
      </Part>
    </Brick>
    <Brick refID="66" designID="3794">
      <Part refID="66" designID="3794" materials="21">
        <Bone refID="66" transformation="0.70710659027099609,0,0.70710694789886475,0,1,0,-0.70710694789886475,0,0.70710659027099609,-2.1656868457794189,2.559999942779541,-1.5999984741210938">
        </Bone>
      </Part>
    </Brick>
    <Brick refID="67" designID="3794">
      <Part refID="67" designID="3794" materials="21">
        <Bone refID="67" transformation="0.70710659027099609,0,0.70710712671279907,0,1,0,-0.70710712671279907,0,0.70710659027099609,-1.6000006198883057,2.5599994659423828,-2.165684700012207">
        </Bone>
      </Part>
    </Brick>
    <Brick refID="68" designID="6182">
      <Part refID="68" designID="6182" materials="194">
        <Bone refID="68" transformation="-0.70710694789886475,0,0.70710659027099609,0,1,0,-0.70710659027099609,0,-0.70710694789886475,-0.46862888336181641,3.5199999809265137,-2.165684700012207">
        </Bone>
      </Part>
    </Brick>
    <Brick refID="69" designID="3020">
      <Part refID="69" designID="3020" materials="26">
        <Bone refID="69" transformation="-0.70710694789886475,0,0.70710659027099609,0,1,0,-0.70710659027099609,0,-0.70710694789886475,-1.0343143939971924,5.4399995803833008,-2.7313709259033203">
        </Bone>
      </Part>
    </Brick>
    <Brick refID="70" designID="6182">
      <Part refID="70" designID="6182" materials="194">
        <Bone refID="70" transformation="-0.70710694789886475,0,0.70710659027099609,0,1,0,-0.70710659027099609,0,-0.70710694789886475,-1.0343143939971924,3.5199999809265137,-2.7313709259033203">
        </Bone>
      </Part>
    </Brick>
    <Brick refID="71" designID="2555">
      <Part refID="71" designID="2555" materials="199">
        <Bone refID="71" transformation="-0.70710653066635132,0,-0.70710718631744385,0,1,0,0.70710718631744385,0,-0.70710653066635132,-1.0343153476715088,5.7599992752075195,-1.5999994277954102">
        </Bone>
      </Part>
    </Brick>
    <Brick refID="72" designID="2555">
      <Part refID="72" designID="2555" materials="199">
        <Bone refID="72" transformation="-0.70710653066635132,0,-0.70710718631744385,0,1,0,0.70710718631744385,0,-0.70710653066635132,-1.6000006198883057,5.7599992752075195,-2.165684700012207">
        </Bone>
      </Part>
    </Brick>
    <Brick refID="73" designID="2555">
      <Part refID="73" designID="2555" materials="199">
        <Bone refID="73" transformation="-0.70710653066635132,0,-0.70710718631744385,0,1,0,0.70710718631744385,0,-0.70710653066635132,-2.1656858921051025,5.7599992752075195,-1.5999994277954102">
        </Bone>
      </Part>
    </Brick>
    <Brick refID="74" designID="2555">
      <Part refID="74" designID="2555" materials="199">
        <Bone refID="74" transformation="-0.70710653066635132,0,-0.70710718631744385,0,1,0,0.70710718631744385,0,-0.70710653066635132,-1.6000006198883057,5.7599992752075195,-1.0343141555786133">
        </Bone>
      </Part>
    </Brick>
    <Brick refID="75" designID="87617">
      <Part refID="75" designID="87617" materials="21">
        <Bone refID="75" transformation="-0.70710694789886475,0,0.70710659027099609,0,1,0,-0.70710659027099609,0,-0.70710694789886475,-1.0343143939971924,5.7599997520446777,-2.7313699722290039">
        </Bone>
      </Part>
    </Brick>
    <Brick refID="76" designID="87617">
      <Part refID="76" designID="87617" materials="21">
        <Bone refID="76" transformation="-0.70710694789886475,0,0.70710659027099609,0,1,0,-0.70710659027099609,0,-0.70710694789886475,-0.47393321990966797,5.7479996681213379,-2.1603803634643555">
        </Bone>
      </Part>
    </Brick>
    <Brick refID="77" designID="87617">
      <Part refID="77" designID="87617" materials="21">
        <Bone refID="77" transformation="0.70710712671279907,0,-0.70710659027099609,0,1,0,0.70710659027099609,0,0.70710712671279907,-2.1656887531280518,5.7599997520446777,-0.4686279296875">
        </Bone>
      </Part>
    </Brick>
    <Brick refID="78" designID="87617">
      <Part refID="78" designID="87617" materials="21">
        <Bone refID="78" transformation="0.70710712671279907,0,-0.70710659027099609,0,1,0,0.70710659027099609,0,0.70710712671279907,-2.7313721179962158,5.7599997520446777,-1.0343141555786133">
        </Bone>
      </Part>
    </Brick>
    <Brick refID="79" designID="3023">
      <Part refID="79" designID="3023" materials="21">
        <Bone refID="79" transformation="-0.70710659027099609,0,-0.70710694789886475,0,1,0,0.70710694789886475,0,-0.70710659027099609,-0.46862888336181641,9.9201984405517578,-2.165684700012207">
        </Bone>
      </Part>
    </Brick>
    <Brick refID="80" designID="3795">
      <Part refID="80" designID="3795" materials="26">
        <Bone refID="80" transformation="-0.70710712671279907,0,0.70710641145706177,0,0.99999994039535522,0,-0.70710641145706177,0,-0.70710712671279907,-0.46862983703613281,10.240198135375977,-3.297053337097168">
        </Bone>
      </Part>
    </Brick>
    <Brick refID="81" designID="2540">
      <Part refID="81" designID="2540" materials="21">
        <Bone refID="81" transformation="0.70710712671279907,0,-0.70710659027099609,0,1,0,0.70710659027099609,0,0.70710712671279907,-1.6000039577484131,10.560197830200195,-1.0343093872070312">
        </Bone>
      </Part>
    </Brick>
    <Brick refID="82" designID="3022">
      <Part refID="82" designID="3022" materials="26">
        <Bone refID="82" transformation="-0.70710712671279907,0,0.70710641145706177,0,0.99999994039535522,0,-0.70710641145706177,0,-0.70710712671279907,-1.6000020503997803,10.880197525024414,-2.1656837463378906">
        </Bone>
      </Part>
    </Brick>
    <Brick refID="83" designID="2540">
      <Part refID="83" designID="2540" materials="21">
        <Bone refID="83" transformation="-0.70710712671279907,0,0.70710641145706177,0,0.99999994039535522,0,-0.70710641145706177,0,-0.70710712671279907,-1.6000020503997803,10.560197830200195,-2.1656837463378906">
        </Bone>
      </Part>
    </Brick>
    <Brick refID="84" designID="3023">
      <Part refID="84" designID="3023" materials="21">
        <Bone refID="84" transformation="-0.70710653066635132,0,-0.70710718631744385,0,1,0,0.70710718631744385,0,-0.70710653066635132,-2.1656887531280518,9.9201984405517578,-0.46862602233886719">
        </Bone>
      </Part>
    </Brick>
    <Brick refID="85" designID="47456">
      <Part refID="85" designID="47456" materials="26">
        <Bone refID="85" transformation="-0.70710653066635132,0,-0.70710718631744385,0,1,0,0.70710718631744385,0,-0.70710653066635132,0.66273951530456543,10.560197830200195,-3.2970514297485352">
        </Bone>
      </Part>
    </Brick>
    <Brick refID="86" designID="47456">
      <Part refID="86" designID="47456" materials="26">
        <Bone refID="86" transformation="0.70710647106170654,0,0.7071070671081543,0,1,0,-0.7071070671081543,0,0.70710647106170654,-3.8627421855926514,10.560197830200195,0.097057342529296875">
        </Bone>
      </Part>
    </Brick>
    <Brick refID="87" designID="3794">
      <Part refID="87" designID="3794" materials="199">
        <Bone refID="87" transformation="-0.70710712671279907,0,0.70710641145706177,0,0.99999994039535522,0,-0.70710641145706177,0,-0.70710712671279907,-1.0343167781829834,11.200197219848633,-1.5999975204467773">
        </Bone>
      </Part>
    </Brick>
    <Brick refID="88" designID="4070">
      <Part refID="88" designID="4070" materials="26">
        <Bone refID="88" transformation="0.70710712671279907,0,-0.70710659027099609,0,1,0,0.70710659027099609,0,0.70710712671279907,-1.31715989112854,11.520196914672852,-1.3171529769897461">
        </Bone>
      </Part>
    </Brick>
    <Brick refID="89" designID="4081">
      <Part refID="89" designID="4081" materials="21">
        <Bone refID="89" transformation="-0.70710712671279907,0,0.70710659027099609,0.70710653066635132,0,0.70710712671279907,0,1.0000001192092896,0,-1.1474540233612061,12.080196380615234,-1.1474475860595703">
        </Bone>
      </Part>
    </Brick>
    <Brick refID="90" designID="6141">
      <Part refID="90" designID="6141" materials="26">
        <Bone refID="90" transformation="0.70710659027099609,0,0.70710712671279907,-0.70710712671279907,0,0.70710653066635132,0,-1.0000001192092896,0,-1.0882918834686279,12.880196571350098,-0.86201095581054688">
        </Bone>
      </Part>
    </Brick>
    <Brick refID="91" designID="30169">
      <Part refID="91" designID="30169" materials="26">
        <Bone refID="91" transformation="-0.70710664987564087,0,-0.7071070671081543,-0.70710700750350952,0,0.70710664987564087,0,1.0000001192092896,0,-1.3145644664764404,12.880196571350098,-0.63573837280273438">
        </Bone>
      </Part>
    </Brick>
    <Brick refID="92" designID="6141">
      <Part refID="92" designID="6141" materials="26">
        <Bone refID="92" transformation="-0.70710659027099609,0,-0.70710712671279907,0.70710712671279907,0,-0.70710659027099609,0,-1,0,-0.86201834678649902,12.880196571350098,-1.0882835388183594">
        </Bone>
      </Part>
    </Brick>
    <Brick refID="93" designID="30169">
      <Part refID="93" designID="30169" materials="26">
        <Bone refID="93" transformation="0.70710647106170654,0,0.7071070671081543,0.7071070671081543,0,-0.70710647106170654,0,1,0,-0.63574337959289551,12.880194664001465,-1.3145589828491211">
        </Bone>
      </Part>
    </Brick>
    <Brick refID="94" designID="4738">
      <Part refID="94" designID="4738" materials="192">
        <Bone refID="94" transformation="-0.70710659027099609,0,-0.70710694789886475,0,1,0,0.70710694789886475,0,-0.70710659027099609,-0.75147414207458496,2.8799996376037598,-1.3171558380126953">
        </Bone>
      </Part>
    </Brick>
    <Brick refID="95" designID="2335">
      <Part refID="95" designID="2335" materials="1">
        <Bone refID="95" transformation="0,-1,0,-0.70710718631744385,0,0.70710635185241699,-0.70710635185241699,0,-0.70710718631744385,-0.16457557678222656,10.808197975158691,-1.3383665084838867">
        </Bone>
      </Part>
    </Brick>
    <Brick refID="96" designID="2335">
      <Part refID="96" designID="2335" materials="1">
        <Bone refID="96" transformation="0,-1,0,0.70710724592208862,0,-0.70710641145706177,0.70710641145706177,0,0.70710724592208862,-2.9930007457733154,10.808197975158691,-1.9040546417236328">
        </Bone>
      </Part>
    </Brick>
    <Brick refID="97" designID="30176">
      <Part refID="97" designID="30176" materials="28">
        <Bone refID="97" transformation="0.42567747831344604,0,-0.90487498044967651,0,1,0,0.90487498044967651,0,0.42567747831344604,-3.6000030040740967,0.32000002264976501,2.8000030517578125">
        </Bone>
      </Part>
    </Brick>
    <Brick refID="98" designID="4739">
      <Part refID="98" designID="4739" materials="192">
        <Bone refID="98" transformation="-0.70710659027099609,0,-0.70710694789886475,0,1,0,0.70710694789886475,0,-0.70710659027099609,-0.75147438049316406,2.8799996376037598,-1.3171558380126953">
        </Bone>
      </Part>
    </Brick>
    <Brick refID="99" designID="30553">
      <Part refID="99" designID="30553" materials="26">
        <Bone refID="99" transformation="0.70710688829421997,0.70710670948028564,0,0.70710670948028564,-0.70710688829421997,0,0,0,-1,1.1999995708465576,1.8479999303817749,-5.5999970436096191">
        </Bone>
      </Part>
    </Brick>
    <Brick refID="100" designID="4095">
      <Part refID="100" designID="4095" materials="192">
        <Bone refID="100" transformation="-0.70710664987564087,0.70710688829421997,0,0.70710688829421997,0.70710664987564087,0,0,0,-1,1.7303297519683838,2.3783297538757324,-5.5999970436096191">
        </Bone>
      </Part>
    </Brick>
    <Brick refID="101" designID="2335">
      <Part refID="101" designID="2335" materials="1">
        <Bone refID="101" transformation="0.70710664987564087,-0.70710694789886475,0,0.70710694789886475,0.70710664987564087,0,0,0,1,4.3395538330078125,4.9875531196594238,-5.5999979972839355">
        </Bone>
      </Part>
    </Brick>
    <Brick refID="102" designID="30553">
      <Part refID="102" designID="30553" materials="26">
        <Bone refID="102" transformation="0,0.60357087850570679,0.79730933904647827,0,-0.79730933904647827,0.60357087850570679,1,0,0,-5.6000051498413086,1.8479996919631958,1.2000007629394531">
        </Bone>
      </Part>
    </Brick>
    <Brick refID="103" designID="4095">
      <Part refID="103" designID="4095" materials="192">
        <Bone refID="103" transformation="0,0.79730945825576782,-0.60357075929641724,0,0.60357075929641724,0.79730945825576782,1,0,0,-5.6000051498413086,2.3006768226623535,1.7979812622070313">
        </Bone>
      </Part>
    </Brick>
    <Brick refID="104" designID="2335">
      <Part refID="104" designID="2335" materials="1">
        <Bone refID="104" transformation="0,-0.79730939865112305,0.60357075929641724,0,0.60357075929641724,0.79730939865112305,-1,0,0,-5.6000051498413086,4.5278530120849609,4.7400531768798828">
        </Bone>
      </Part>
    </Brick>
    <Brick refID="105" designID="30374">
      <Part refID="105" designID="30374" materials="315">
        <Bone refID="105" transformation="0,0,-1.0000001192092896,1.0000001192092896,0,0,0,-1.0000001192092896,0,-4.8000030517578125,1.9200009107589722,-1.1999979019165039">
        </Bone>
      </Part>
    </Brick>
    <Brick refID="106" designID="64567">
      <Part refID="106" designID="64567" materials="315">
        <Bone refID="106" transformation="1,0,0,0,1,0,0,0,1,-4.8000040054321289,4.940000057220459,-1.1999979019165039">
        </Bone>
      </Part>
    </Brick>
    <Brick refID="107" designID="64727">
      <Part refID="107" designID="64727" materials="315">
        <Bone refID="107" transformation="1,0,0,0,1,0,0,0,1,-4.8000040054321289,6.7600002288818359,-1.1999979019165039">
        </Bone>
      </Part>
    </Brick>
    <Brick refID="108" designID="64727">
      <Part refID="108" designID="64727" materials="315">
        <Bone refID="108" transformation="0,0,1,0,0.99999994039535522,0,-1,0,0,-1.2000010013580322,5.8699841499328613,-4.7999978065490723">
        </Bone>
      </Part>
    </Brick>
    <Brick refID="109" designID="64567">
      <Part refID="109" designID="64567" materials="315">
        <Bone refID="109" transformation="0,0,1,0,0.99999994039535522,0,-1,0,0,-1.2000010013580322,4.0499839782714844,-4.7999978065490723">
        </Bone>
      </Part>
    </Brick>
    <Brick refID="110" designID="64727">
      <Part refID="110" designID="64727" materials="315">
        <Bone refID="110" transformation="0,0,1.0000001192092896,0,-1,0,1.0000001192092896,0,0,-1.2000010013580322,3.829984188079834,-4.7999997138977051">
        </Bone>
      </Part>
    </Brick>
  </Bricks>
  <RigidSystems>
    <RigidSystem>
      <Rigid refID="0" transformation="0,-0.7071068286895752,0.70710688829421997,-1.0000001192092896,0,0,0,-0.70710688829421997,-0.70710670948028564,-4.8300027847290039,6.3289995193481445,14.000003814697266" boneRefs="0"/>
      <Rigid refID="1" transformation="0,0,1,0,0.99999994039535522,0,-1,0,0,-2.8000006675720215,0.32000020146369934,6.0000019073486328" boneRefs="1,2,3,4,5,6,7,8,9,10,11,12,13,14,15,16,17,18,19,20,21,22,23,24,25,26,27,28,29,30,31,32,33,34"/>
      <Rigid refID="2" transformation="-0.51511895656585693,0,-0.85711866617202759,0,1,0,0.85711866617202759,0,-0.51511895656585693,-0.39999985694885254,0.32000017166137695,8.4000034332275391" boneRefs="35"/>
      <Rigid refID="3" transformation="0.7071068286895752,-0.70710670948028564,0,0,0,1,-0.70710670948028564,-0.7071068286895752,0,-1.2000004053115845,6.3289995193481445,7.230003833770752" boneRefs="36"/>
      <Rigid refID="4" transformation="0.7071068286895752,-0.70710676908493042,0,0,0,1,-0.70710676908493042,-0.7071068286895752,0,-1.2000014781951904,6.3289995193481445,8.8300037384033203" boneRefs="37"/>
      <Rigid refID="5" transformation="1,0,0,0,1,0,0,0,1,-9.2000026702880859,0.32000002264976501,11.600001335144043" boneRefs="38,39,40,41,42,43,44,45"/>
      <Rigid refID="6" transformation="0,0,1,0,0.99999994039535522,0,-1,0,0,-7.6000018119812012,5.1209993362426758,13.200002670288086" boneRefs="46"/>
      <Rigid refID="7" transformation="1,0,0,0,-1,0,0,0,-1,-8.4000015258789063,6.680999755859375,13.200000762939453" boneRefs="47"/>
      <Rigid refID="8" transformation="1,0,0,0,1,0,0,0,1,-8.4000015258789063,6.4010000228881836,13.200000762939453" boneRefs="48"/>
      <Rigid refID="9" transformation="-1,0,0,0,1,0,0,0,-1,-3.6000010967254639,0,8.4000024795532227" boneRefs="49,50,51,52,53,54,55,56"/>
      <Rigid refID="10" transformation="0,-0.7071068286895752,0.7071068286895752,-1.0000001192092896,0,0,0,-0.7071068286895752,-0.70710676908493042,-6.4300026893615723,6.3289995193481445,14.000001907348633" boneRefs="57"/>
      <Rigid refID="11" transformation="-1,0,0,0,1,0,0,0,-1,-1.9999996423721313,5.1209993362426758,7.600003719329834" boneRefs="58"/>
      <Rigid refID="12" transformation="0,0,1.0000001192092896,0,-1,0,1.0000001192092896,0,0,-1.9999996423721313,6.680999755859375,6.8000035285949707" boneRefs="59"/>
      <Rigid refID="13" transformation="0,0,1,0,0.99999994039535522,0,-1,0,0,-1.9999996423721313,6.4010000228881836,6.8000035285949707" boneRefs="60"/>
      <Rigid refID="14" transformation="-0.70710694789886475,0,0.70710659027099609,0,1,0,-0.70710659027099609,0,-0.70710694789886475,-4.2343158721923828,1.5999999046325684,9.2686309814453125" boneRefs="61,62,63,64,65,66,67,68,69,70,71,72,73,74,75,76,77,78,79,80,81,82,83,84,85,86,87,88,89,90,91,92,93,94"/>
      <Rigid refID="15" transformation="0,-1,0,-0.70710718631744385,0,0.70710635185241699,-0.70710635185241699,0,-0.70710718631744385,-3.3645756244659424,10.808197975158691,10.661633491516113" boneRefs="95"/>
      <Rigid refID="16" transformation="0,-1,0,0.70710724592208862,0,-0.70710641145706177,0.70710641145706177,0,0.70710724592208862,-6.1930007934570312,10.808197975158691,10.095945358276367" boneRefs="96"/>
      <Rigid refID="17" transformation="0.42567747831344604,0,-0.90487498044967651,0,1,0,0.90487498044967651,0,0.42567747831344604,-6.8000030517578125,0.32000002264976501,14.800003051757812" boneRefs="97"/>
      <Rigid refID="18" transformation="-0.70710659027099609,0,-0.70710694789886475,0,1,0,0.70710694789886475,0,-0.70710659027099609,-3.9514744281768799,2.8799996376037598,10.682844161987305" boneRefs="98"/>
      <Rigid refID="19" transformation="0.70710688829421997,0.70710670948028564,0,0.70710670948028564,-0.70710688829421997,0,0,0,-1,-2.0000004768371582,1.8479999303817749,6.4000029563903809" boneRefs="99"/>
      <Rigid refID="20" transformation="-0.70710664987564087,0.70710688829421997,0,0.70710688829421997,0.70710664987564087,0,0,0,-1,-1.469670295715332,2.3783297538757324,6.4000029563903809" boneRefs="100"/>
      <Rigid refID="21" transformation="0.70710664987564087,-0.70710694789886475,0,0.70710694789886475,0.70710664987564087,0,0,0,1,1.1395540237426758,4.9875531196594238,6.4000020027160645" boneRefs="101"/>
      <Rigid refID="22" transformation="0,0.60357087850570679,0.79730933904647827,0,-0.79730933904647827,0.60357087850570679,1,0,0,-8.8000049591064453,1.8479996919631958,13.200000762939453" boneRefs="102"/>
      <Rigid refID="23" transformation="0,0.79730945825576782,-0.60357075929641724,0,0.60357075929641724,0.79730945825576782,1,0,0,-8.8000049591064453,2.3006768226623535,13.797981262207031" boneRefs="103"/>
      <Rigid refID="24" transformation="0,-0.79730939865112305,0.60357075929641724,0,0.60357075929641724,0.79730939865112305,-1,0,0,-8.8000049591064453,4.5278530120849609,16.740053176879883" boneRefs="104"/>
      <Rigid refID="25" transformation="0,0,-1.0000001192092896,1.0000001192092896,0,0,0,-1.0000001192092896,0,-8.0000028610229492,1.9200009107589722,10.800002098083496" boneRefs="105,106"/>
      <Rigid refID="26" transformation="1,0,0,0,1,0,0,0,1,-8.0000038146972656,6.7600002288818359,10.800002098083496" boneRefs="107"/>
      <Rigid refID="27" transformation="0,0,1,0,0.99999994039535522,0,-1,0,0,-4.400001049041748,5.8699841499328613,7.2000021934509277" boneRefs="108"/>
      <Rigid refID="28" transformation="0,0,1,0,0.99999994039535522,0,-1,0,0,-4.400001049041748,4.0499839782714844,7.2000021934509277" boneRefs="109"/>
      <Rigid refID="29" transformation="0,0,1.0000001192092896,0,-1,0,1.0000001192092896,0,0,-4.400001049041748,3.829984188079834,7.2000002861022949" boneRefs="110"/>
      <Joint type="hinge">
        <RigidRef rigidRef="1" a="0,0,-1" z="-1,0,0" t="8,6.0090012550354004,2.0000002384185791"/>
        <RigidRef rigidRef="0" a="0,-1,0" z="-0.70710676908493042,0,0.7071068286895752" t="0,-0.0300005953758955,0"/>
      </Joint>
      <Joint type="hinge">
        <RigidRef rigidRef="5" a="0,-1,0" z="-1,0,0" t="-0.40000000596046448,0.31999999284744263,0.40000000596046448"/>
        <RigidRef rigidRef="1" a="0,-1,0" z="0,0,-1" t="6,0.31999987363815308,6.8000011444091797"/>
      </Joint>
      <Joint type="hinge">
        <RigidRef rigidRef="4" a="0,-1,0" z="0,0,1" t="0,0,0"/>
        <RigidRef rigidRef="1" a="-1,0,0" z="0,-0.70710688829421997,0.70710676908493042" t="2.8300011157989502,6.0089998245239258,-1.5999997854232788"/>
      </Joint>
      <Joint type="hinge">
        <RigidRef rigidRef="3" a="0,-1,0" z="0,0,1" t="0,0,0"/>
        <RigidRef rigidRef="1" a="-1,0,0" z="0,-0.70710688829421997,0.70710670948028564" t="1.2300009727478027,6.0089998245239258,-1.6000005006790161"/>
      </Joint>
      <Joint type="hinge">
        <RigidRef rigidRef="2" a="0,1,0" z="0,0,1" t="0,0,0"/>
        <RigidRef rigidRef="1" a="0,1,0" z="1,0,0" t="2.4000008106231689,0,-2.4000000953674316"/>
      </Joint>
