<?xml version="1.0" encoding="UTF-8" standalone="no" ?>
<LXFML versionMajor="5" versionMinor="0">
  <Meta>
    <Application name="CCOP" versionMajor="0" versionMinor="0"/>
    <Brand name="LEGOUniverse"/>
    <BrickSet version="215"/>
  </Meta>
  <Bricks>
    <Brick refID="0" designID="3004">
      <Part refID="0" designID="3004" materials="194,0,0,0" decoration="0,0,0">
        <Bone refID="0" transformation="-0.027847146615386009,0.013831808231770992,-0.99951654672622681,0.016929926350712776,0.9997674822807312,0.013363602571189404,0.99946886301040649,-0.016549602150917053,-0.0280748400837183,0.093729734420776367,0.012152567505836487,0.437562495470047">
        </Bone>
      </Part>
    </Brick>
    <Brick refID="1" designID="3023">
      <Part refID="1" designID="3023" materials="194">
        <Bone refID="1" transformation="-0.027847146615386009,0.013831808231770992,-0.99951654672622681,0.016929924488067627,0.9997674822807312,0.013363602571189404,0.99946886301040649,-0.016549602150917053,-0.0280748400837183,0.10998246818780899,0.97192931175231934,0.45039156079292297">
        </Bone>
      </Part>
    </Brick>
    <Brick refID="2" designID="3022">
      <Part refID="2" designID="3022" materials="194">
        <Bone refID="2" transformation="-0.027847146615386009,0.013831808231770992,-0.99951654672622681,0.016929924488067627,0.9997674822807312,0.013363602571189404,0.99946886301040649,-0.016549602150917053,-0.0280748400837183,0.9202454686164856,1.5981861352920532,0.46320846676826477">
        </Bone>
      </Part>
    </Brick>
    <Brick refID="3" designID="3023">
      <Part refID="3" designID="3023" materials="21">
        <Bone refID="3" transformation="-0.027847146615386009,0.013831807300448418,-0.99951654672622681,0.016929924488067627,0.9997674822807312,0.013363602571189404,0.99946886301040649,-0.016549604013562202,-0.028074841946363449,0.11540009826421738,1.2918549776077271,0.45466795563697815">
        </Bone>
      </Part>
    </Brick>
    <Brick refID="4" designID="30237">
      <Part refID="4" designID="30237" materials="21">
        <Bone refID="4" transformation="0.027847228571772575,-0.013831809163093567,0.99951654672622681,0.016929924488067627,0.9997674822807312,0.013363602571189404,-0.99946886301040649,0.016549600288271904,0.028074922040104866,0.10406184941530228,1.9430242776870728,-0.35543271899223328">
        </Bone>
      </Part>
    </Brick>
    <Brick refID="5" designID="2412">
      <Part refID="5" designID="2412" materials="21">
        <Bone refID="5" transformation="-0.027847146615386009,0.013831808231770992,-0.99951654672622681,0.016929924488067627,0.9997674822807312,0.013363602571189404,0.99946886301040649,-0.016549602150917053,-0.0280748400837183,0.14248792827129364,2.8914825916290283,0.47604969143867493">
        </Bone>
      </Part>
    </Brick>
    <Brick refID="6" designID="3062">
      <Part refID="6" designID="3062" materials="1">
        <Bone refID="6" transformation="-0.99946886301040649,0.016549598425626755,0.028075123205780983,0.016929926350712776,0.9997674822807312,0.013363602571189404,-0.027847429737448692,0.013831812888383865,-0.99951654672622681,-0.70043277740478516,0.99141108989715576,0.019597424194216728">
        </Bone>
      </Part>
    </Brick>
    <Brick refID="7" designID="6141">
      <Part refID="7" designID="6141" materials="26">
        <Bone refID="7" transformation="-0.99946886301040649,0.016549596562981606,0.028075123205780983,0.016929924488067627,0.9997674822807312,0.013363602571189404,-0.027847429737448692,0.013831811957061291,-0.99951654672622681,-0.70585036277770996,0.67148542404174805,0.015321070328354836">
        </Bone>
      </Part>
    </Brick>
    <Brick refID="8" designID="4599">
      <Part refID="8" designID="4599" materials="26">
        <Bone refID="8" transformation="-0.99946886301040649,0.016549596562981606,0.028075123205780983,0.016929924488067627,0.9997674822807312,0.013363602571189404,-0.027847429737448692,0.013831811957061291,-0.99951654672622681,-0.66847974061965942,1.9509209394454956,0.03251030296087265">
        </Bone>
      </Part>
    </Brick>
  </Bricks>
  <RigidSystems>
    <RigidSystem>
      <Rigid refID="0" transformation="-0.027847146615386009,0.013831808231770992,-0.99951654672622681,0.016929926350712776,0.9997674822807312,0.013363602571189404,0.99946886301040649,-0.016549602150917053,-0.0280748400837183,0.093729734420776367,0.085980676114559174,0.437562495470047" boneRefs="0,1,2,3,4,5"/>
      <Rigid refID="1" transformation="-0.99946886301040649,0.016549598425626755,0.028075123205780983,0.016929926350712776,0.9997674822807312,0.013363602571189404,-0.027847429737448692,0.013831812888383865,-0.99951654672622681,-0.70043277740478516,1.0652391910552979,0.019597424194216728" boneRefs="6,7,8"/>
      <Joint type="hinge">
        <RigidRef rigidRef="1" a="0,-0.99999994039535522,0" z="-1,0,0" t="-0.015694024041295052,1.2799999713897705,-0.00052468519425019622"/>
        <RigidRef rigidRef="0" a="0,-0.99999994039535522,0" z="0,0,1" t="0.45289835333824158,2.2400000095367432,-0.78251856565475464"/>
      </Joint>
    </RigidSystem>
  </RigidSystems>
  <GroupSystems>
    <GroupSystem>
    </GroupSystem>
  </GroupSystems>
</LXFML>
