<?xml version="1.0" encoding="UTF-8" standalone="no" ?>
<LXFML versionMajor="5" versionMinor="0">
  <Meta>
    <Application name="LEGO Universe" versionMajor="0" versionMinor="0"/>
    <Brand name="LEGOUniverse"/>
    <BrickSet version="330"/>
  </Meta>
  <Bricks>
    <Brick refID="0" designID="2412">
      <Part refID="0" designID="2412" materials="192">
        <Bone refID="0" transformation="1,0,0.00040169645217247307,-0.00039276762981899083,0.20411035418510437,0.97894781827926636,-8.4255487308837473E-005,-0.97894793748855591,0.20411033928394318,-1.98699951171875,2.7886321544647217,-1.4565169811248779">
        </Bone>
      </Part>
    </Brick>
    <Brick refID="1" designID="63868">
      <Part refID="1" designID="63868" materials="192">
        <Bone refID="1" transformation="1.1686021025525406E-005,0.97898310422897339,-0.20394153892993927,-0.00020338132162578404,0.20394159853458405,0.97898310422897339,1,3.009199645020999E-005,0.00020153446530457586,-1.1869392395019531,1.9401575326919556,-1.6061980724334717">
        </Bone>
      </Part>
    </Brick>
    <Brick refID="2" designID="3070">
      <Part refID="2" designID="3070" materials="27,0" decoration="0">
        <Bone refID="2" transformation="1,0,0,0,1,0,0,0,1,-4.399993896484375,0.31999999284744263,2.0000107288360596">
        </Bone>
      </Part>
    </Brick>
    <Brick refID="3" designID="3028">
      <Part refID="3" designID="3028" materials="199">
        <Bone refID="3" transformation="-1,0,0,0,1,0,0,0,-1,4.4000015258789062,0,-1.9999892711639404">
        </Bone>
      </Part>
    </Brick>
    <Brick refID="4" designID="3070">
      <Part refID="4" designID="3070" materials="199,0" decoration="0">
        <Bone refID="4" transformation="-1,0,0,0,1,0,0,0,-1,-4.4000015258789062,0.31999999284744263,1.2000076770782471">
        </Bone>
      </Part>
    </Brick>
    <Brick refID="5" designID="3070">
      <Part refID="5" designID="3070" materials="27,0" decoration="0">
        <Bone refID="5" transformation="1,0,0,0,1,0,0,0,1,-4.399993896484375,0.31999999284744263,0.40001219511032104">
        </Bone>
      </Part>
    </Brick>
    <Brick refID="6" designID="3070">
      <Part refID="6" designID="3070" materials="199,0" decoration="0">
        <Bone refID="6" transformation="-1,0,0,0,1,0,0,0,-1,-4.4000015258789062,0.31999999284744263,-0.39999085664749146">
        </Bone>
      </Part>
    </Brick>
    <Brick refID="7" designID="3070">
      <Part refID="7" designID="3070" materials="27,0" decoration="0">
        <Bone refID="7" transformation="1,0,0,0,1,0,0,0,1,-4.399993896484375,0.31999999284744263,-1.1999862194061279">
        </Bone>
      </Part>
    </Brick>
    <Brick refID="8" designID="3070">
      <Part refID="8" designID="3070" materials="199,0" decoration="0">
        <Bone refID="8" transformation="1,0,0,0,1,0,0,0,1,-3.5999984741210937,0.31999999284744263,2.0000107288360596">
        </Bone>
      </Part>
    </Brick>
    <Brick refID="9" designID="3070">
      <Part refID="9" designID="3070" materials="27,0" decoration="0">
        <Bone refID="9" transformation="-1,0,0,0,1,0,0,0,-1,-3.5999984741210937,0.31999999284744263,1.2000076770782471">
        </Bone>
      </Part>
    </Brick>
    <Brick refID="10" designID="3070">
      <Part refID="10" designID="3070" materials="199,0" decoration="0">
        <Bone refID="10" transformation="1,0,0,0,1,0,0,0,1,-3.5999984741210937,0.31999999284744263,-1.1999862194061279">
        </Bone>
      </Part>
    </Brick>
    <Brick refID="11" designID="3070">
      <Part refID="11" designID="3070" materials="27,0" decoration="0">
        <Bone refID="11" transformation="1,0,0,0,1,0,0,0,1,-2.7999954223632813,0.31999999284744263,2.0000107288360596">
        </Bone>
      </Part>
    </Brick>
    <Brick refID="12" designID="3070">
      <Part refID="12" designID="3070" materials="199,0" decoration="0">
        <Bone refID="12" transformation="-1,0,0,0,1,0,0,0,-1,-2.7999954223632813,0.31999999284744263,1.2000076770782471">
        </Bone>
      </Part>
    </Brick>
    <Brick refID="13" designID="3070">
      <Part refID="13" designID="3070" materials="27,0" decoration="0">
        <Bone refID="13" transformation="1,0,0,0,1,0,0,0,1,-2.7999954223632813,0.31999999284744263,0.40001219511032104">
        </Bone>
      </Part>
    </Brick>
    <Brick refID="14" designID="3070">
      <Part refID="14" designID="3070" materials="199,0" decoration="0">
        <Bone refID="14" transformation="-1,0,0,0,1,0,0,0,-1,-2.7999954223632813,0.31999999284744263,-0.39999085664749146">
        </Bone>
      </Part>
    </Brick>
    <Brick refID="15" designID="3070">
      <Part refID="15" designID="3070" materials="27,0" decoration="0">
        <Bone refID="15" transformation="1,0,0,0,1,0,0,0,1,-2.7999954223632813,0.31999999284744263,-1.1999862194061279">
        </Bone>
      </Part>
    </Brick>
    <Brick refID="16" designID="3070">
      <Part refID="16" designID="3070" materials="199,0" decoration="0">
        <Bone refID="16" transformation="1,0,0,0,1,0,0,0,1,-2,0.31999999284744263,2.0000107288360596">
        </Bone>
      </Part>
    </Brick>
    <Brick refID="17" designID="3070">
      <Part refID="17" designID="3070" materials="27,0" decoration="0">
        <Bone refID="17" transformation="-1,0,0,0,1,0,0,0,-1,-2,0.31999999284744263,1.2000076770782471">
        </Bone>
      </Part>
    </Brick>
    <Brick refID="18" designID="3070">
      <Part refID="18" designID="3070" materials="199,0" decoration="0">
        <Bone refID="18" transformation="1,0,0,0,1,0,0,0,1,-2,0.31999999284744263,0.40001219511032104">
        </Bone>
      </Part>
    </Brick>
    <Brick refID="19" designID="3070">
      <Part refID="19" designID="3070" materials="27,0" decoration="0">
        <Bone refID="19" transformation="-1,0,0,0,1,0,0,0,-1,-2,0.31999999284744263,-0.39999085664749146">
        </Bone>
      </Part>
    </Brick>
    <Brick refID="20" designID="3070">
      <Part refID="20" designID="3070" materials="199,0" decoration="0">
        <Bone refID="20" transformation="1,0,0,0,1,0,0,0,1,-2,0.31999999284744263,-1.1999862194061279">
        </Bone>
      </Part>
    </Brick>
    <Brick refID="21" designID="3070">
      <Part refID="21" designID="3070" materials="27,0" decoration="0">
        <Bone refID="21" transformation="1,0,0,0,1,0,0,0,1,-1.1999969482421875,0.31999999284744263,2.0000107288360596">
        </Bone>
      </Part>
    </Brick>
    <Brick refID="22" designID="3070">
      <Part refID="22" designID="3070" materials="199,0" decoration="0">
        <Bone refID="22" transformation="-1,0,0,0,1,0,0,0,-1,-1.1999969482421875,0.31999999284744263,1.2000076770782471">
        </Bone>
      </Part>
    </Brick>
    <Brick refID="23" designID="3070">
      <Part refID="23" designID="3070" materials="27,0" decoration="0">
        <Bone refID="23" transformation="1,0,0,0,1,0,0,0,1,-1.1999969482421875,0.31999999284744263,-1.1999862194061279">
        </Bone>
      </Part>
    </Brick>
    <Brick refID="24" designID="3070">
      <Part refID="24" designID="3070" materials="199,0" decoration="0">
        <Bone refID="24" transformation="1,0,0,0,1,0,0,0,1,-0.399993896484375,0.31999999284744263,2.0000107288360596">
        </Bone>
      </Part>
    </Brick>
    <Brick refID="25" designID="3070">
      <Part refID="25" designID="3070" materials="27,0" decoration="0">
        <Bone refID="25" transformation="-1,0,0,0,1,0,0,0,-1,-0.40000152587890625,0.31999999284744263,1.2000076770782471">
        </Bone>
      </Part>
    </Brick>
    <Brick refID="26" designID="3070">
      <Part refID="26" designID="3070" materials="199,0" decoration="0">
        <Bone refID="26" transformation="1,0,0,0,1,0,0,0,1,-0.399993896484375,0.31999999284744263,0.40001219511032104">
        </Bone>
      </Part>
    </Brick>
    <Brick refID="27" designID="3070">
      <Part refID="27" designID="3070" materials="27,0" decoration="0">
        <Bone refID="27" transformation="1,0,0,0,1,0,0,0,1,0.40000152587890625,0.31999999284744263,2.0000107288360596">
        </Bone>
      </Part>
    </Brick>
    <Brick refID="28" designID="3070">
      <Part refID="28" designID="3070" materials="199,0" decoration="0">
        <Bone refID="28" transformation="-1,0,0,0,1,0,0,0,-1,0.40000152587890625,0.31999999284744263,1.2000076770782471">
        </Bone>
      </Part>
    </Brick>
    <Brick refID="29" designID="3070">
      <Part refID="29" designID="3070" materials="27,0" decoration="0">
        <Bone refID="29" transformation="1,0,0,0,1,0,0,0,1,0.40000152587890625,0.31999999284744263,0.40001219511032104">
        </Bone>
      </Part>
    </Brick>
    <Brick refID="30" designID="3070">
      <Part refID="30" designID="3070" materials="199,0" decoration="0">
        <Bone refID="30" transformation="1,0,0,0,1,0,0,0,1,1.2000045776367187,0.31999999284744263,2.0000107288360596">
        </Bone>
      </Part>
    </Brick>
    <Brick refID="31" designID="3070">
      <Part refID="31" designID="3070" materials="27,0" decoration="0">
        <Bone refID="31" transformation="-1,0,0,0,1,0,0,0,-1,1.2000045776367187,0.31999999284744263,1.2000076770782471">
        </Bone>
      </Part>
    </Brick>
    <Brick refID="32" designID="3070">
      <Part refID="32" designID="3070" materials="199,0" decoration="0">
        <Bone refID="32" transformation="1,0,0,0,1,0,0,0,1,1.2000045776367187,0.31999999284744263,-1.1999862194061279">
        </Bone>
      </Part>
    </Brick>
    <Brick refID="33" designID="3070">
      <Part refID="33" designID="3070" materials="27,0" decoration="0">
        <Bone refID="33" transformation="1,0,0,0,1,0,0,0,1,2.0000019073486328,0.31999999284744263,2.0000107288360596">
        </Bone>
      </Part>
    </Brick>
    <Brick refID="34" designID="3070">
      <Part refID="34" designID="3070" materials="199,0" decoration="0">
        <Bone refID="34" transformation="-1,0,0,0,1,0,0,0,-1,2.0000019073486328,0.31999999284744263,1.2000076770782471">
        </Bone>
      </Part>
    </Brick>
    <Brick refID="35" designID="3070">
      <Part refID="35" designID="3070" materials="27,0" decoration="0">
        <Bone refID="35" transformation="1,0,0,0,1,0,0,0,1,2.0000019073486328,0.31999999284744263,0.40001219511032104">
        </Bone>
      </Part>
    </Brick>
    <Brick refID="36" designID="3070">
      <Part refID="36" designID="3070" materials="199,0" decoration="0">
        <Bone refID="36" transformation="-1,0,0,0,1,0,0,0,-1,2.0000019073486328,0.31999999284744263,-0.39999085664749146">
        </Bone>
      </Part>
    </Brick>
    <Brick refID="37" designID="3070">
      <Part refID="37" designID="3070" materials="27,0" decoration="0">
        <Bone refID="37" transformation="1,0,0,0,1,0,0,0,1,2.0000095367431641,0.31999999284744263,-1.1999862194061279">
        </Bone>
      </Part>
    </Brick>
    <Brick refID="38" designID="3070">
      <Part refID="38" designID="3070" materials="199,0" decoration="0">
        <Bone refID="38" transformation="1,0,0,0,1,0,0,0,1,2.8000049591064453,0.31999999284744263,2.0000107288360596">
        </Bone>
      </Part>
    </Brick>
    <Brick refID="39" designID="3070">
      <Part refID="39" designID="3070" materials="27,0" decoration="0">
        <Bone refID="39" transformation="-1,0,0,0,1,0,0,0,-1,2.8000049591064453,0.31999999284744263,1.2000076770782471">
        </Bone>
      </Part>
    </Brick>
    <Brick refID="40" designID="3070">
      <Part refID="40" designID="3070" materials="199,0" decoration="0">
        <Bone refID="40" transformation="1,0,0,0,1,0,0,0,1,2.8000049591064453,0.31999999284744263,0.40001219511032104">
        </Bone>
      </Part>
    </Brick>
    <Brick refID="41" designID="3070">
      <Part refID="41" designID="3070" materials="27,0" decoration="0">
        <Bone refID="41" transformation="-1,0,0,0,1,0,0,0,-1,2.8000049591064453,0.31999999284744263,-0.39999085664749146">
        </Bone>
      </Part>
    </Brick>
    <Brick refID="42" designID="3070">
      <Part refID="42" designID="3070" materials="199,0" decoration="0">
        <Bone refID="42" transformation="1,0,0,0,1,0,0,0,1,2.8000049591064453,0.31999999284744263,-1.1999862194061279">
        </Bone>
      </Part>
    </Brick>
    <Brick refID="43" designID="3070">
      <Part refID="43" designID="3070" materials="27,0" decoration="0">
        <Bone refID="43" transformation="1,0,0,0,1,0,0,0,1,3.600006103515625,0.31999999284744263,2.0000107288360596">
        </Bone>
      </Part>
    </Brick>
    <Brick refID="44" designID="3070">
      <Part refID="44" designID="3070" materials="199,0" decoration="0">
        <Bone refID="44" transformation="-1,0,0,0,1,0,0,0,-1,3.6000003814697266,0.31999999284744263,1.2000076770782471">
        </Bone>
      </Part>
    </Brick>
    <Brick refID="45" designID="3070">
      <Part refID="45" designID="3070" materials="27,0" decoration="0">
        <Bone refID="45" transformation="1,0,0,0,1,0,0,0,1,3.600006103515625,0.31999999284744263,-1.1999862194061279">
        </Bone>
      </Part>
    </Brick>
    <Brick refID="46" designID="3070">
      <Part refID="46" designID="3070" materials="199,0" decoration="0">
        <Bone refID="46" transformation="1,0,0,0,1,0,0,0,1,4.4000015258789062,0.31999999284744263,2.0000107288360596">
        </Bone>
      </Part>
    </Brick>
    <Brick refID="47" designID="3070">
      <Part refID="47" designID="3070" materials="27,0" decoration="0">
        <Bone refID="47" transformation="-1,0,0,0,1,0,0,0,-1,4.4000015258789062,0.31999999284744263,1.2000076770782471">
        </Bone>
      </Part>
    </Brick>
    <Brick refID="48" designID="3070">
      <Part refID="48" designID="3070" materials="199,0" decoration="0">
        <Bone refID="48" transformation="1,0,0,0,1,0,0,0,1,4.4000015258789062,0.31999999284744263,0.40001219511032104">
        </Bone>
      </Part>
    </Brick>
    <Brick refID="49" designID="3070">
      <Part refID="49" designID="3070" materials="27,0" decoration="0">
        <Bone refID="49" transformation="-1,0,0,0,1,0,0,0,-1,4.4000015258789062,0.31999999284744263,-0.39999085664749146">
        </Bone>
      </Part>
    </Brick>
    <Brick refID="50" designID="3070">
      <Part refID="50" designID="3070" materials="199,0" decoration="0">
        <Bone refID="50" transformation="1,0,0,0,1,0,0,0,1,4.4000015258789062,0.31999999284744263,-1.1999862194061279">
        </Bone>
      </Part>
    </Brick>
    <Brick refID="51" designID="60479">
      <Part refID="51" designID="60479" materials="199">
        <Bone refID="51" transformation="1,0,0,0,1,0,0,0,1,-4.399993896484375,0.31999999284744263,-1.9999892711639404">
        </Bone>
      </Part>
    </Brick>
    <Brick refID="52" designID="30137">
      <Part refID="52" designID="30137" materials="5">
        <Bone refID="52" transformation="1,0,0,0,1,0,0,0,1,-4.399993896484375,0.63999998569488525,-1.9999892711639404">
        </Bone>
      </Part>
    </Brick>
    <Brick refID="53" designID="6636">
      <Part refID="53" designID="6636" materials="308,0" decoration="0">
        <Bone refID="53" transformation="1,0,0,0,1,0,0,0,1,-4.399993896484375,1.5999999046325684,-1.9999892711639404">
        </Bone>
      </Part>
    </Brick>
    <Brick refID="54" designID="30137">
      <Part refID="54" designID="30137" materials="5">
        <Bone refID="54" transformation="1,0,0,0,1,0,0,0,1,-1.1999931335449219,0.63999998569488525,-1.9999892711639404">
        </Bone>
      </Part>
    </Brick>
    <Brick refID="55" designID="6636">
      <Part refID="55" designID="6636" materials="308,0" decoration="0">
        <Bone refID="55" transformation="1,0,0,0,1,0,0,0,1,0.40000534057617188,1.5999999046325684,-1.9999892711639404">
        </Bone>
      </Part>
    </Brick>
    <Brick refID="56" designID="30137">
      <Part refID="56" designID="30137" materials="5">
        <Bone refID="56" transformation="1,0,0,0,1,0,0,0,1,2.0000095367431641,0.63999998569488525,-1.9999969005584717">
        </Bone>
      </Part>
    </Brick>
    <Brick refID="57" designID="3023">
      <Part refID="57" designID="3023" materials="199">
        <Bone refID="57" transformation="0,0,1,0,0.99999994039535522,0,-1,0,0,3.600006103515625,0.31999999284744263,-0.39999085664749146">
        </Bone>
      </Part>
    </Brick>
    <Brick refID="58" designID="6141">
      <Part refID="58" designID="6141" materials="26">
        <Bone refID="58" transformation="1,0,0,0,1,0,0,0,1,3.600006103515625,0.63999998569488525,-0.39999085664749146">
        </Bone>
      </Part>
    </Brick>
    <Brick refID="59" designID="60478">
      <Part refID="59" designID="60478" materials="26">
        <Bone refID="59" transformation="0,0,1,0,0.99999994039535522,0,-1,0,0,3.6000041961669922,0.95999997854232788,-0.39999085664749146">
        </Bone>
      </Part>
    </Brick>
    <Brick refID="60" designID="6141">
      <Part refID="60" designID="6141" materials="26">
        <Bone refID="60" transformation="1,0,0,0,1,0,0,0,1,3.600006103515625,0.63999998569488525,0.40001219511032104">
        </Bone>
      </Part>
    </Brick>
    <Brick refID="61" designID="87079">
      <Part refID="61" designID="87079" materials="141">
        <Bone refID="61" transformation="1,0,0,0,1,0,0,0,1,1.20001220703125,1.2799999713897705,0.40001219511032104">
        </Bone>
      </Part>
    </Brick>
    <Brick refID="62" designID="60478">
      <Part refID="62" designID="60478" materials="26">
        <Bone refID="62" transformation="0,0,1,0,0.99999994039535522,0,-1,0,0,1.2000083923339844,0.95999997854232788,-0.39999085664749146">
        </Bone>
      </Part>
    </Brick>
    <Brick refID="63" designID="6141">
      <Part refID="63" designID="6141" materials="26">
        <Bone refID="63" transformation="1,0,0,0,1,0,0,0,1,1.2000045776367187,0.63999998569488525,0.40001219511032104">
        </Bone>
      </Part>
    </Brick>
    <Brick refID="64" designID="3023">
      <Part refID="64" designID="3023" materials="199">
        <Bone refID="64" transformation="0,0,1,0,0.99999994039535522,0,-1,0,0,1.2000045776367187,0.31999999284744263,-0.39999085664749146">
        </Bone>
      </Part>
    </Brick>
    <Brick refID="65" designID="6141">
      <Part refID="65" designID="6141" materials="26">
        <Bone refID="65" transformation="1,0,0,0,1,0,0,0,1,1.2000045776367187,0.63999998569488525,-0.39999085664749146">
        </Bone>
      </Part>
    </Brick>
    <Brick refID="66" designID="3023">
      <Part refID="66" designID="3023" materials="199">
        <Bone refID="66" transformation="0,0,1,0,0.99999994039535522,0,-1,0,0,-1.1999969482421875,0.31999999284744263,-0.39998322725296021">
        </Bone>
      </Part>
    </Brick>
    <Brick refID="67" designID="6141">
      <Part refID="67" designID="6141" materials="26">
        <Bone refID="67" transformation="1,0,0,0,1,0,0,0,1,-1.1999931335449219,0.63999998569488525,-0.39998322725296021">
        </Bone>
      </Part>
    </Brick>
    <Brick refID="68" designID="60478">
      <Part refID="68" designID="60478" materials="26">
        <Bone refID="68" transformation="0,0,1,0,0.99999994039535522,0,-1,0,0,-1.2000007629394531,0.95999997854232788,-0.39999085664749146">
        </Bone>
      </Part>
    </Brick>
    <Brick refID="69" designID="6141">
      <Part refID="69" designID="6141" materials="26">
        <Bone refID="69" transformation="1,0,0,0,1,0,0,0,1,-1.1999931335449219,0.63999998569488525,0.40001982450485229">
        </Bone>
      </Part>
    </Brick>
    <Brick refID="70" designID="87079">
      <Part refID="70" designID="87079" materials="141">
        <Bone refID="70" transformation="1,0,0,0,1,0,0,0,1,-3.5999946594238281,1.2799999713897705,0.40001219511032104">
        </Bone>
      </Part>
    </Brick>
    <Brick refID="71" designID="60478">
      <Part refID="71" designID="60478" materials="26">
        <Bone refID="71" transformation="0,0,1,0,0.99999994039535522,0,-1,0,0,-3.5999984741210937,0.95999997854232788,-0.39999085664749146">
        </Bone>
      </Part>
    </Brick>
    <Brick refID="72" designID="6141">
      <Part refID="72" designID="6141" materials="26">
        <Bone refID="72" transformation="1,0,0,0,1,0,0,0,1,-3.5999946594238281,0.63999998569488525,0.40001982450485229">
        </Bone>
      </Part>
    </Brick>
    <Brick refID="73" designID="3023">
      <Part refID="73" designID="3023" materials="199">
        <Bone refID="73" transformation="0,0,1,0,0.99999994039535522,0,-1,0,0,-3.5999984741210937,0.31999999284744263,-0.39998322725296021">
        </Bone>
      </Part>
    </Brick>
    <Brick refID="74" designID="6141">
      <Part refID="74" designID="6141" materials="26">
        <Bone refID="74" transformation="1,0,0,0,1,0,0,0,1,-3.5999946594238281,0.63999998569488525,-0.39998322725296021">
        </Bone>
      </Part>
    </Brick>
    <Brick refID="75" designID="3022">
      <Part refID="75" designID="3022" materials="199">
        <Bone refID="75" transformation="1,0,0,0,1,0,0,0,1,-0.399993896484375,0.31999999284744263,-0.39999085664749146">
        </Bone>
      </Part>
    </Brick>
    <Brick refID="76" designID="2439">
      <Part refID="76" designID="2439" materials="28">
        <Bone refID="76" transformation="0,0,1,0,0.99999994039535522,0,-1,0,0,-0.39999771118164063,0.63999998569488525,-1.1999862194061279">
        </Bone>
      </Part>
    </Brick>
    <Brick refID="77" designID="63868">
      <Part refID="77" designID="63868" materials="192">
        <Bone refID="77" transformation="3.4566484828246757E-005,0.97875344753265381,-0.20504130423069,-0.00032252850360237062,0.20504140853881836,0.97875338792800903,1,3.2412128348369151E-005,0.00032285481574945152,-3.5869255065917969,1.9398641586303711,-1.6065871715545654">
        </Bone>
      </Part>
    </Brick>
    <Brick refID="78" designID="2412">
      <Part refID="78" designID="2412" materials="192">
        <Bone refID="78" transformation="0.99999988079071045,-1.1657944924081676E-005,0.00040230780723504722,-0.00039139972068369389,0.20472882688045502,0.97881859540939331,-9.3775015557184815E-005,-0.97881871461868286,0.20472881197929382,-3.5869865417480469,2.7885603904724121,-1.4573714733123779">
        </Bone>
      </Part>
    </Brick>
    <Brick refID="79" designID="2412">
      <Part refID="79" designID="2412" materials="192">
        <Bone refID="79" transformation="1,2.5230538085452281E-005,0.00032406876562163234,-0.00032235670369118452,0.20504105091094971,0.97875338792800903,-4.1752929973881692E-005,-0.97875338792800903,0.20504105091094971,-3.5870437622070313,2.0054817199707031,-1.2933928966522217">
        </Bone>
      </Part>
    </Brick>
    <Brick refID="80" designID="2412">
      <Part refID="80" designID="2412" materials="192">
        <Bone refID="80" transformation="1,1.0817300790222362E-005,0.00020327322999946773,-0.00020120681438129395,0.20395185053348541,0.9789808988571167,-3.0868010071571916E-005,-0.9789808988571167,0.20395185053348541,-1.987030029296875,2.0055234432220459,-1.2930343151092529">
        </Bone>
      </Part>
    </Brick>
    <Brick refID="81" designID="63868">
      <Part refID="81" designID="63868" materials="192">
        <Bone refID="81" transformation="3.4566484828246757E-005,0.97875344753265381,-0.20504130423069,-0.00032252850360237062,0.20504140853881836,0.97875338792800903,1,3.2412128348369151E-005,0.00032285481574945152,1.2130813598632812,1.9398641586303711,-1.6065871715545654">
        </Bone>
      </Part>
    </Brick>
    <Brick refID="82" designID="2412">
      <Part refID="82" designID="2412" materials="192">
        <Bone refID="82" transformation="1,2.5230538085452281E-005,0.00032406876562163234,-0.00032235670369118452,0.20504105091094971,0.97875338792800903,-4.1752929973881692E-005,-0.97875338792800903,0.20504105091094971,1.2129631042480469,2.0054817199707031,-1.2933928966522217">
        </Bone>
      </Part>
    </Brick>
    <Brick refID="83" designID="2412">
      <Part refID="83" designID="2412" materials="192">
        <Bone refID="83" transformation="0.99999988079071045,-1.1657944924081676E-005,0.00040230780723504722,-0.00039139972068369389,0.20472882688045502,0.97881859540939331,-9.3775015557184815E-005,-0.97881871461868286,0.20472881197929382,1.2130203247070312,2.7885603904724121,-1.4573714733123779">
        </Bone>
      </Part>
    </Brick>
    <Brick refID="84" designID="63868">
      <Part refID="84" designID="63868" materials="192">
        <Bone refID="84" transformation="1.1686021025525406E-005,0.97898310422897339,-0.20394153892993927,-0.00020338132162578404,0.20394159853458405,0.97898310422897339,1,3.009199645020999E-005,0.00020153446530457586,3.613067626953125,1.9401575326919556,-1.6061980724334717">
        </Bone>
      </Part>
    </Brick>
    <Brick refID="85" designID="2412">
      <Part refID="85" designID="2412" materials="192">
        <Bone refID="85" transformation="1,1.0817300790222362E-005,0.00020327322999946773,-0.00020120681438129395,0.20395185053348541,0.9789808988571167,-3.0868010071571916E-005,-0.9789808988571167,0.20395185053348541,2.8129768371582031,2.0055234432220459,-1.2930343151092529">
        </Bone>
      </Part>
    </Brick>
    <Brick refID="86" designID="2412">
      <Part refID="86" designID="2412" materials="192">
        <Bone refID="86" transformation="1,0,0.00040169645217247307,-0.00039276762981899083,0.20411035418510437,0.97894781827926636,-8.4255487308837473E-005,-0.97894793748855591,0.20411033928394318,2.8130073547363281,2.7886321544647217,-1.4565169811248779">
        </Bone>
      </Part>
    </Brick>
    <Brick refID="87" designID="4740">
      <Part refID="87" designID="4740" materials="28">
        <Bone refID="87" transformation="1,0,0,0,1,0,0,0,1,0,2.559999942779541,-0.79998475313186646">
        </Bone>
      </Part>
    </Brick>
  </Bricks>
  <RigidSystems>
    <RigidSystem>
      <Rigid refID="0" transformation="1,0,0.00040169645217247307,-0.00039276762981899083,0.20411035418510437,0.97894781827926636,-8.4255487308837473E-005,-0.97894793748855591,0.20411033928394318,-1.98699951171875,2.7886321544647217,-0.65651702880859375" boneRefs="0"/>
      <Rigid refID="1" transformation="1.1686021025525406E-005,0.97898310422897339,-0.20394153892993927,-0.00020338132162578404,0.20394159853458405,0.97898310422897339,1,3.009199645020999E-005,0.00020153446530457586,-1.1869392395019531,1.9401575326919556,-0.8061981201171875" boneRefs="1"/>
      <Rigid refID="2" transformation="1,0,0,0,1,0,0,0,1,-4.399993896484375,0.31999999284744263,2.8000106811523438" boneRefs="2,3,4,5,6,7,8,9,10,11,12,13,14,15,16,17,18,19,20,21,22,23,24,25,26,27,28,29,30,31,32,33,34,35,36,37,38,39,40,41,42,43,44,45,46,47,48,49,50,51,52,53,54,55,56,57,58,59,60,61,62,63,64,65,66,67,68,69,70,71,72,73,74,75,76"/>
      <Rigid refID="3" transformation="3.4566484828246757E-005,0.97875344753265381,-0.20504130423069,-0.00032252850360237062,0.20504140853881836,0.97875338792800903,1,3.2412128348369151E-005,0.00032285481574945152,-3.5869255065917969,1.9398641586303711,-0.80658721923828125" boneRefs="77"/>
      <Rigid refID="4" transformation="0.99999988079071045,-1.1657944924081676E-005,0.00040230780723504722,-0.00039139972068369389,0.20472882688045502,0.97881859540939331,-9.3775015557184815E-005,-0.97881871461868286,0.20472881197929382,-3.5869865417480469,2.7885603904724121,-0.65737152099609375" boneRefs="78"/>
      <Rigid refID="5" transformation="1,2.5230538085452281E-005,0.00032406876562163234,-0.00032235670369118452,0.20504105091094971,0.97875338792800903,-4.1752929973881692E-005,-0.97875338792800903,0.20504105091094971,-3.5870437622070313,2.0054817199707031,-0.4933929443359375" boneRefs="79"/>
      <Rigid refID="6" transformation="1,1.0817300790222362E-005,0.00020327322999946773,-0.00020120681438129395,0.20395185053348541,0.9789808988571167,-3.0868010071571916E-005,-0.9789808988571167,0.20395185053348541,-1.987030029296875,2.0055234432220459,-0.49303436279296875" boneRefs="80"/>
      <Rigid refID="7" transformation="3.4566484828246757E-005,0.97875344753265381,-0.20504130423069,-0.00032252850360237062,0.20504140853881836,0.97875338792800903,1,3.2412128348369151E-005,0.00032285481574945152,1.2130813598632812,1.9398641586303711,-0.80658721923828125" boneRefs="81"/>
      <Rigid refID="8" transformation="1,2.5230538085452281E-005,0.00032406876562163234,-0.00032235670369118452,0.20504105091094971,0.97875338792800903,-4.1752929973881692E-005,-0.97875338792800903,0.20504105091094971,1.2129631042480469,2.0054817199707031,-0.4933929443359375" boneRefs="82"/>
      <Rigid refID="9" transformation="0.99999988079071045,-1.1657944924081676E-005,0.00040230780723504722,-0.00039139972068369389,0.20472882688045502,0.97881859540939331,-9.3775015557184815E-005,-0.97881871461868286,0.20472881197929382,1.2130203247070312,2.7885603904724121,-0.65737152099609375" boneRefs="83"/>
      <Rigid refID="10" transformation="1.1686021025525406E-005,0.97898310422897339,-0.20394153892993927,-0.00020338132162578404,0.20394159853458405,0.97898310422897339,1,3.009199645020999E-005,0.00020153446530457586,3.613067626953125,1.9401575326919556,-0.8061981201171875" boneRefs="84"/>
      <Rigid refID="11" transformation="1,1.0817300790222362E-005,0.00020327322999946773,-0.00020120681438129395,0.20395185053348541,0.9789808988571167,-3.0868010071571916E-005,-0.9789808988571167,0.20395185053348541,2.8129768371582031,2.0055234432220459,-0.49303436279296875" boneRefs="85"/>
      <Rigid refID="12" transformation="1,0,0.00040169645217247307,-0.00039276762981899083,0.20411035418510437,0.97894781827926636,-8.4255487308837473E-005,-0.97894793748855591,0.20411033928394318,2.8130073547363281,2.7886321544647217,-0.65651702880859375" boneRefs="86"/>
      <Rigid refID="13" transformation="1,0,0,0,1,0,0,0,1,0,2.559999942779541,1.52587890625E-005" boneRefs="87"/>
      <Joint type="hinge">
        <RigidRef rigidRef="1" a="0,1,0" z="0,0,1" t="0.80000007152557373,0.31999999284744263,0"/>
        <RigidRef rigidRef="0" a="0,1,0" z="0,0,-1" t="0.80000001192092896,0,0"/>
      </Joint>
      <Joint type="hinge">
        <RigidRef rigidRef="6" a="0,1,0" z="0,0,-1" t="0.80000001192092896,0,0"/>
        <RigidRef rigidRef="1" a="0,1,0" z="0,0,1" t="0,0.31999999284744263,0"/>
      </Joint>
      <Joint type="hinge">
        <RigidRef rigidRef="2" a="1,0,0" z="0,1,0" t="3.3729932308197021,0.88759994506835938,-3.2000014781951904"/>
        <RigidRef rigidRef="1" a="1.1589995665417518E-005,-0.00020340194168966264,1" z="0.97898310422897339,0.20394152402877808,3.0081193472142331E-005" t="-0.80000209808349609,0.24823857843875885,0.1599983274936676"/>
      </Joint>
      <Joint type="hinge">
        <RigidRef rigidRef="10" a="0,0,1" z="1,0,0" t="-0.80000001192092896,0.24799999594688416,0.15999999642372131"/>
        <RigidRef rigidRef="2" a="1,3.0137294743326493E-005,0.0002014987840084359" z="1.1711715160345193E-005,0.97898304462432861,-0.20394156873226166" t="8.1730022430419922,0.88755339384078979,-3.2002356052398682"/>
      </Joint>
      <Joint type="hinge">
        <RigidRef rigidRef="7" a="0,0,1" z="1,0,0" t="-0.80000001192092896,0.24799999594688416,0.15999999642372131"/>
        <RigidRef rigidRef="2" a="1,3.2457384804729372E-005,0.00032281910534948111" z="3.4592183510540053E-005,0.97875338792800903,-0.20504133403301239" t="5.7729678153991699,0.88771682977676392,-3.1997823715209961"/>
      </Joint>
      <Joint type="hinge">
        <RigidRef rigidRef="3" a="0,0,1" z="1,0,0" t="-0.80000001192092896,0.24799999594688416,0.15999999642372131"/>
        <RigidRef rigidRef="2" a="1,3.2457384804729372E-005,0.00032281910534948111" z="3.4592183510540053E-005,0.97875338792800903,-0.20504133403301239" t="0.9729607105255127,0.88771682977676392,-3.1997823715209961"/>
      </Joint>
      <Joint type="hinge">
        <RigidRef rigidRef="13" a="0,-1,0" z="-1,0,0" t="0,0.10000000149011612,0"/>
        <RigidRef rigidRef="2" a="0,-1,0" z="0,0,-1" t="4.399996280670166,2.3399999141693115,-2.7999968528747559"/>
      </Joint>
      <Joint type="hinge">
        <RigidRef rigidRef="5" a="0,1,0" z="0,0,-1" t="0,0,0"/>
        <RigidRef rigidRef="3" a="0,1,0" z="0,0,1" t="0,0.31999999284744263,0"/>
      </Joint>
      <Joint type="hinge">
        <RigidRef rigidRef="4" a="0,1,0" z="0,0,-1" t="0,0,0"/>
        <RigidRef rigidRef="3" a="0,1,0" z="0,0,1" t="0.80000007152557373,0.31999999284744263,0"/>
      </Joint>
      <Joint type="hinge">
        <RigidRef rigidRef="9" a="0,1,0" z="0,0,-1" t="0,0,0"/>
        <RigidRef rigidRef="7" a="0,1,0" z="0,0,1" t="0.80000007152557373,0.31999999284744263,0"/>
      </Joint>
      <Joint type="hinge">
        <RigidRef rigidRef="8" a="0,1,0" z="0,0,-1" t="0,0,0"/>
        <RigidRef rigidRef="7" a="0,1,0" z="0,0,1" t="0,0.31999999284744263,0"/>
      </Joint>
      <Joint type="hinge">
        <RigidRef rigidRef="11" a="0,1,0" z="0,0,-1" t="0.80000001192092896,0,0"/>
        <RigidRef rigidRef="10" a="0,1,0" z="0,0,1" t="0,0.31999999284744263,0"/>
      </Joint>
      <Joint type="hinge">
        <RigidRef rigidRef="12" a="0,1,0" z="0,0,-1" t="0.80000001192092896,0,0"/>
        <RigidRef rigidRef="10" a="0,1,0" z="0,0,1" t="0.80000007152557373,0.31999999284744263,0"/>
      </Joint>
    </RigidSystem>
  </RigidSystems>
  <GroupSystems>
    <GroupSystem>
    </GroupSystem>
  </GroupSystems>
</LXFML>
