<?xml version="1.0" encoding="UTF-8" standalone="no" ?>
<LXFML versionMajor="5" versionMinor="0">
  <Meta>
    <Application name="CCOP" versionMajor="0" versionMinor="0"/>
    <Brand name="LEGOUniverse"/>
    <BrickSet version="215"/>
  </Meta>
  <Bricks>
    <Brick refID="0" designID="57467">
      <Part refID="0" designID="57467" materials="191">
        <Bone refID="0" transformation="-0.83880674839019775,-0.5444292426109314,0,-0.5444292426109314,0.8388066291809082,0,0,0,-1,-0.23836678266525269,6.8635110855102539,0">
        </Bone>
      </Part>
    </Brick>
    <Brick refID="1" designID="4589">
      <Part refID="1" designID="4589" materials="191">
        <Bone refID="1" transformation="-0.83880674839019775,-0.5444292426109314,0,-0.5444292426109314,0.8388066291809082,0,0,0,-1,0.25162148475646973,6.1085829734802246,0">
        </Bone>
      </Part>
    </Brick>
    <Brick refID="2" designID="42446">
      <Part refID="2" designID="42446" materials="191">
        <Bone refID="2" transformation="0,0,1,0.83880668878555298,0.54442936182022095,0,-0.54442936182022095,0.83880668878555298,0,0.87024694681167603,5.8901767730712891,0">
        </Bone>
      </Part>
    </Brick>
    <Brick refID="3" designID="6541">
      <Part refID="3" designID="6541" materials="191">
        <Bone refID="3" transformation="0,0,1.0000001192092896,0.83880704641342163,0.5444292426109314,0,-0.54442912340164185,0.83880698680877686,0,0.064991235733032227,5.3675241470336914,0">
        </Bone>
      </Part>
    </Brick>
    <Brick refID="4" designID="4790">
      <Part refID="4" designID="4790" materials="191">
        <Bone refID="4" transformation="-0.83880704641342163,-0.54442888498306274,0,0.54442888498306274,-0.83880704641342163,0,0,0,1,0.33373105525970459,6.0188164710998535,0">
        </Bone>
      </Part>
    </Brick>
    <Brick refID="5" designID="44375">
      <Part refID="5" designID="44375" materials="194">
        <Bone refID="5" transformation="0.8388068675994873,0.54442936182022095,0,0.54442936182022095,-0.83880668878555298,0,0,0,-1,0.86929547786712646,4.4589543342590332,-0.40000897645950317">
        </Bone>
      </Part>
    </Brick>
    <Brick refID="6" designID="3961">
      <Part refID="6" designID="3961" materials="194">
        <Bone refID="6" transformation="-0.8388063907623291,-0.54442983865737915,0,0.54442983865737915,-0.8388063907623291,0,0,0,1,1.7145547866821289,4.6260714530944824,0.39999431371688843">
        </Bone>
      </Part>
    </Brick>
    <Brick refID="7" designID="47457">
      <Part refID="7" designID="47457" materials="308">
        <Bone refID="7" transformation="0,0,1,0.5444301962852478,-0.83880615234375,0,0.83880621194839478,0.5444301962852478,0,1.8887715339660645,4.3576521873474121,-0.40000873804092407">
        </Bone>
      </Part>
    </Brick>
    <Brick refID="8" designID="4070">
      <Part refID="8" designID="4070" materials="308">
        <Bone refID="8" transformation="0,0,1,0.54443025588989258,-0.83880609273910522,0,0.83880615234375,0.54443025588989258,0,1.5661669969558716,3.38527512550354,-0.40000873804092407">
        </Bone>
      </Part>
    </Brick>
    <Brick refID="9" designID="3069">
      <Part refID="9" designID="3069" materials="308,0" decoration="0">
        <Bone refID="9" transformation="0,0,1.0000001192092896,0.83880674839019775,0.5444297194480896,0,-0.54442954063415527,0.83880674839019775,0,2.0823104381561279,3.0526649951934814,-0.40022999048233032">
        </Bone>
      </Part>
    </Brick>
    <Brick refID="10" designID="3938">
      <Part refID="10" designID="3938" materials="308">
        <Bone refID="10" transformation="0,0,1,0.8388066291809082,0.5444294810295105,0,-0.5444294810295105,0.8388066291809082,0,1.2000055313110352,2.4800007343292236,-0.40000873804092407">
        </Bone>
      </Part>
    </Brick>
    <Brick refID="11" designID="3069">
      <Part refID="11" designID="3069" materials="308,0" decoration="0">
        <Bone refID="11" transformation="0,0,-1,0.54443186521530151,-0.83880501985549927,0,-0.83880507946014404,-0.54443192481994629,0,2.0888185501098633,2.5800223350524902,0.40021556615829468">
        </Bone>
      </Part>
    </Brick>
    <Brick refID="12" designID="4070">
      <Part refID="12" designID="4070" materials="308">
        <Bone refID="12" transformation="0,0,1,0.54443025588989258,-0.83880609273910522,0,0.83880615234375,0.54443025588989258,0,1.5661669969558716,3.38527512550354,0.39999431371688843">
        </Bone>
      </Part>
    </Brick>
    <Brick refID="13" designID="3937">
      <Part refID="13" designID="3937" materials="308">
        <Bone refID="13" transformation="0,0,-1,0,1,0,1,0,0,1.199999213218689,1.9200048446655273,0.39998644590377808">
        </Bone>
      </Part>
    </Brick>
    <Brick refID="14" designID="3023">
      <Part refID="14" designID="3023" materials="308">
        <Bone refID="14" transformation="0,0,1,0,1,0,-1,0,0,1.2000007629394531,1.6000046730041504,-0.40000903606414795">
        </Bone>
      </Part>
    </Brick>
    <Brick refID="15" designID="4733">
      <Part refID="15" designID="4733" materials="308">
        <Bone refID="15" transformation="1,0,0,0,1,0,0,0,1,1.2000007629394531,0.64000463485717773,0">
        </Bone>
      </Part>
    </Brick>
    <Brick refID="16" designID="3070">
      <Part refID="16" designID="3070" materials="308">
        <Bone refID="16" transformation="-1,0,0,0,0,-1,0,-1,0,1.2000007629394531,1.2000045776367187,-0.40000903606414795">
        </Bone>
      </Part>
    </Brick>
    <Brick refID="17" designID="3069">
      <Part refID="17" designID="3069" materials="308,0" decoration="0">
        <Bone refID="17" transformation="0,1,0,1,0,0,0,0,-1,1.6000022888183594,0.7997816801071167,0">
        </Bone>
      </Part>
    </Brick>
    <Brick refID="18" designID="3794">
      <Part refID="18" designID="3794" materials="308">
        <Bone refID="18" transformation="0,0,1,0,0.99999994039535522,0,-1,0,0,1.2000007629394531,0.32000470161437988,-0.40000903606414795">
        </Bone>
      </Part>
    </Brick>
    <Brick refID="19" designID="6177">
      <Part refID="19" designID="6177" materials="199">
        <Bone refID="19" transformation="-1,0,0,0,1,0,0,0,-1,2.7999989986419678,0,-1.2000119686126709">
        </Bone>
      </Part>
    </Brick>
    <Brick refID="20" designID="50746">
      <Part refID="20" designID="50746" materials="308">
        <Bone refID="20" transformation="0,0,1,0,0.99999994039535522,0,-1,0,0,0.40000158548355103,0.32000470161437988,-0.40000897645950317">
        </Bone>
      </Part>
    </Brick>
    <Brick refID="21" designID="3070">
      <Part refID="21" designID="3070" materials="308">
        <Bone refID="21" transformation="0.99999994039535522,0,0,0,0,1,0,-1,0,1.2000007629394531,1.2000045776367187,0.39998644590377808">
        </Bone>
      </Part>
    </Brick>
    <Brick refID="22" designID="50746">
      <Part refID="22" designID="50746" materials="308">
        <Bone refID="22" transformation="0,0,1,0,0.99999994039535522,0,-1,0,0,0.40000158548355103,0.32000470161437988,0.39998644590377808">
        </Bone>
      </Part>
    </Brick>
    <Brick refID="23" designID="40379">
      <Part refID="23" designID="40379" materials="191">
        <Bone refID="23" transformation="0.93997955322265625,0.34123143553733826,0,0,0,1.0000001192092896,0.34123143553733826,-0.9399794340133667,0,-2.3421797752380371,4.2648530006408691,0">
        </Bone>
      </Part>
    </Brick>
    <Brick refID="24" designID="47905">
      <Part refID="24" designID="47905" materials="191">
        <Bone refID="24" transformation="-0.34123137593269348,0.93997931480407715,0,-0.93997931480407715,-0.34123137593269348,0,0,0,1,-1.6185624599456787,3.9126334190368652,0">
        </Bone>
      </Part>
    </Brick>
    <Brick refID="25" designID="40379">
      <Part refID="25" designID="40379" materials="191">
        <Bone refID="25" transformation="0.93997955322265625,0.34123143553733826,0,0,0,-1.0000001192092896,-0.34123143553733826,0.9399794340133667,0,-1.9477174282073975,3.178236722946167,0">
        </Bone>
      </Part>
    </Brick>
  </Bricks>
  <RigidSystems>
    <RigidSystem>
      <Rigid refID="0" transformation="-0.83880674839019775,-0.5444292426109314,0,-0.5444292426109314,0.8388066291809082,0,0,0,-1,-1.0383667945861816,6.8635110855102539,0.79999256134033203" boneRefs="0,1,2,3"/>
      <Rigid refID="1" transformation="-0.83880704641342163,-0.54442888498306274,0,0.54442888498306274,-0.83880704641342163,0,0,0,1,-0.46626895666122437,6.0188164710998535,0.79999256134033203" boneRefs="4"/>
      <Rigid refID="2" transformation="0.8388068675994873,0.54442936182022095,0,0.54442936182022095,-0.83880668878555298,0,0,0,-1,0.06929546594619751,4.4589543342590332,0.39999103546142578" boneRefs="5,6,7,8,9,10,11,12"/>
      <Rigid refID="3" transformation="0,0,-1,0,1,0,1,0,0,0.39999920129776001,1.9200048446655273,1.199986457824707" boneRefs="13,14,15,16,17,18,19,20,21,22"/>
      <Rigid refID="4" transformation="0.93997955322265625,0.34123143553733826,0,0,0,1.0000001192092896,0.34123143553733826,-0.9399794340133667,0,-3.1421797275543213,4.2648530006408691,0.79999256134033203" boneRefs="23"/>
      <Rigid refID="5" transformation="-0.34123137593269348,0.93997931480407715,0,-0.93997931480407715,-0.34123137593269348,0,0,0,1,-2.4185624122619629,3.9126334190368652,0.79999256134033203" boneRefs="24"/>
      <Rigid refID="6" transformation="0.93997955322265625,0.34123143553733826,0,0,0,-1.0000001192092896,-0.34123143553733826,0.9399794340133667,0,-2.7477173805236816,3.178236722946167,0.79999256134033203" boneRefs="25"/>
      <Joint type="hinge">
        <RigidRef rigidRef="1" a="0,-0.99999994039535522,0" z="1,0,0" t="0,0,0"/>
        <RigidRef rigidRef="0" a="0,1,0" z="1,0,0" t="-0.020003164187073708,-1.0200023651123047,0"/>
      </Joint>
      <Joint type="hinge">
        <RigidRef rigidRef="2" a="0,1,0" z="0,0,1" t="0.40000000596046448,0,-0.40000003576278687"/>
        <RigidRef rigidRef="1" a="0,1,0" z="0,0,1" t="0,1.6000000238418579,0"/>
      </Joint>
      <Joint type="hinge">
        <RigidRef rigidRef="3" a="-1,0,0" z="0,1,0" t="0.40000000596046448,0.56000000238418579,0"/>
        <RigidRef rigidRef="2" a="0,0,-1" z="0.99999988079071045,0,0" t="-0.79999852180480957,1.8400077819824219,-0.40000039339065552"/>
      </Joint>
      <Joint type="hinge">
        <RigidRef rigidRef="6" a="0.93997752666473389,0,-0.34123685956001282" z="0,-1.0000001192092896,0" t="2.3022737503051758,0,-2.9403219223022461"/>
        <RigidRef rigidRef="3" a="0,0,1.0000003576278687" z="-1.0000002384185791,0,0" t="0.39999368786811829,-0.72000205516815186,0.019703924655914307"/>
      </Joint>
      <Joint type="hinge">
        <RigidRef rigidRef="5" a="1.0000001192092896,0,0" z="0,0,-1" t="0.57800000905990601,0.56000000238418579,0"/>
        <RigidRef rigidRef="4" a="0,0,-0.99999994039535522" z="0,-0.99999988079071045,0" t="0,0,0"/>
      </Joint>
      <Joint type="hinge">
        <RigidRef rigidRef="6" a="0,0,1" z="0,-1,0" t="0,0,0.40000000596046448"/>
        <RigidRef rigidRef="5" a="1.0000002384185791,0,0" z="0,0,1.0000001192092896" t="-0.17799945175647736,0.5599980354309082,0"/>
      </Joint>
    </RigidSystem>
  </RigidSystems>
  <GroupSystems>
    <GroupSystem>
    </GroupSystem>
  </GroupSystems>
</LXFML>
