<?xml version="1.0" encoding="UTF-8" standalone="no" ?>
<LXFML versionMajor="5" versionMinor="0">
  <Meta>
    <Application name="LEGO Universe" versionMajor="0" versionMinor="0"/>
    <Brand name="LEGOUniverse"/>
    <BrickSet version="330"/>
  </Meta>
  <Bricks>
    <Brick refID="0" designID="4032">
      <Part refID="0" designID="4032" materials="26">
        <Bone refID="0" transformation="1,0,0,0,1,0,0,0,1,-0.40000015497207642,0.81854331493377686,0.40000039339065552">
        </Bone>
      </Part>
    </Brick>
    <Brick refID="1" designID="30033">
      <Part refID="1" designID="30033" materials="1">
        <Bone refID="1" transformation="1,0,0,0,1,0,0,0,1,-0.40000015497207642,1.1385432481765747,0.40000039339065552">
        </Bone>
      </Part>
    </Brick>
    <Brick refID="2" designID="4032">
      <Part refID="2" designID="4032" materials="26">
        <Bone refID="2" transformation="1,0,0,0,1,0,0,0,1,-0.40000015497207642,1.4585433006286621,0.40000039339065552">
        </Bone>
      </Part>
    </Brick>
    <Brick refID="3" designID="3023">
      <Part refID="3" designID="3023" materials="1">
        <Bone refID="3" transformation="1,0,0,0,1,0,0,0,1,-0.40000015497207642,1.7785433530807495,0.40000039339065552">
        </Bone>
      </Part>
    </Brick>
    <Brick refID="4" designID="48336">
      <Part refID="4" designID="48336" materials="1">
        <Bone refID="4" transformation="-1,0,0,0,1,0,0,0,-1,0.39999908208847046,1.7785433530807495,-0.39999884366989136">
        </Bone>
      </Part>
    </Brick>
    <Brick refID="5" designID="41854">
      <Part refID="5" designID="41854" materials="268">
        <Bone refID="5" transformation="-1,0,0,0,1,0,0,0,-1,0.39999908208847046,2.0985431671142578,-0.39999884366989136">
        </Bone>
      </Part>
    </Brick>
    <Brick refID="6" designID="53989">
      <Part refID="6" designID="53989" materials="1">
        <Bone refID="6" transformation="0.70710605382919312,0,0.70710748434066772,0,1,0,-0.70710748434066772,0,0.70710605382919312,-0.84852844476699829,1.438543438911438,0.84852868318557739">
        </Bone>
      </Part>
    </Brick>
    <Brick refID="7" designID="87747">
      <Part refID="7" designID="87747" materials="1">
        <Bone refID="7" transformation="0,-1.0000001192092896,0,-0.7071075439453125,0,0.70710617303848267,-0.70710617303848267,0,-0.70710742473602295,-1.6447312831878662,0.7993435263633728,1.6447303295135498">
        </Bone>
      </Part>
    </Brick>
    <Brick refID="8" designID="53989">
      <Part refID="8" designID="53989" materials="1">
        <Bone refID="8" transformation="-0.70710611343383789,0,-0.70710742473602295,0,1,0,0.70710742473602295,0,-0.70710611343383789,0.84852832555770874,1.4385432004928589,-0.84852713346481323">
        </Bone>
      </Part>
    </Brick>
    <Brick refID="9" designID="87747">
      <Part refID="9" designID="87747" materials="1">
        <Bone refID="9" transformation="0,-1.0000001192092896,0,0.7071075439453125,0,-0.70710617303848267,0.70710617303848267,0,0.7071075439453125,1.6447310447692871,0.79934310913085938,-1.6447279453277588">
        </Bone>
      </Part>
    </Brick>
    <Brick refID="10" designID="2654">
      <Part refID="10" designID="2654" materials="21">
        <Bone refID="10" transformation="1,0,0,0,0.30901718139648438,0.95105648040771484,0,-0.95105648040771484,0.30901718139648438,-0.38499981164932251,2.7107522487640381,-1.6830761432647705">
        </Bone>
      </Part>
    </Brick>
    <Brick refID="11" designID="60470">
      <Part refID="11" designID="60470" materials="1">
        <Bone refID="11" transformation="1,0,0,0,0.30901718139648438,0.95105648040771484,0,-0.95105648040771484,0.30901718139648438,-0.38499981164932251,2.7107524871826172,-1.6830759048461914">
        </Bone>
      </Part>
    </Brick>
    <Brick refID="12" designID="60470">
      <Part refID="12" designID="60470" materials="1">
        <Bone refID="12" transformation="-1,0,0,0,0.30901721119880676,0.95105659961700439,0,0.95105665922164917,-0.30901703238487244,0.41499942541122437,3.4715971946716309,-1.9302892684936523">
        </Bone>
      </Part>
    </Brick>
    <Brick refID="13" designID="41854">
      <Part refID="13" designID="41854" materials="268">
        <Bone refID="13" transformation="1,0,0,0,0.30901718139648438,0.95105648040771484,0,-0.95105648040771484,0.30901718139648438,-0.38499981164932251,2.8096370697021484,-1.3787374496459961">
        </Bone>
      </Part>
    </Brick>
    <Brick refID="14" designID="48336">
      <Part refID="14" designID="48336" materials="1">
        <Bone refID="14" transformation="1,0,0,0,-0.30901694297790527,0.95105654001235962,0,-0.95105654001235962,-0.30901694297790527,-0.40000015497207642,5.1465597152709961,-1.9302895069122314">
        </Bone>
      </Part>
    </Brick>
    <Brick refID="15" designID="3794">
      <Part refID="15" designID="3794" materials="26">
        <Bone refID="15" transformation="1,0,0,0,-0.30901694297790527,0.95105654001235962,0,-0.95105654001235962,-0.30901694297790527,-0.40000015497207642,5.0476741790771484,-1.6259510517120361">
        </Bone>
      </Part>
    </Brick>
    <Brick refID="16" designID="2555">
      <Part refID="16" designID="2555" materials="199">
        <Bone refID="16" transformation="0,-0.95105659961700439,-0.30901706218719482,0,-0.30901700258255005,0.95105665922164917,-1.0000001192092896,0,0,0,4.948789119720459,-1.3216135501861572">
        </Bone>
      </Part>
    </Brick>
    <Brick refID="17" designID="87695">
      <Part refID="17" designID="87695" materials="1">
        <Bone refID="17" transformation="1,0,0,0,0.95105671882629395,0.30901637673377991,0,-0.30901637673377991,0.95105671882629395,-0.080000460147857666,4.7732667922973633,-0.78141325712203979">
        </Bone>
      </Part>
    </Brick>
    <Brick refID="18" designID="53989">
      <Part refID="18" designID="53989" materials="1">
        <Bone refID="18" transformation="0.70710623264312744,0,-0.70710736513137817,0,1,0,0.70710736513137817,0,0.70710623264312744,0.84852737188339233,1.438543438911438,0.84852868318557739">
        </Bone>
      </Part>
    </Brick>
    <Brick refID="19" designID="87747">
      <Part refID="19" designID="87747" materials="1">
        <Bone refID="19" transformation="0,-1.0000001192092896,0,0.7071073055267334,0,0.70710641145706177,-0.70710641145706177,0,0.70710736513137817,1.6447300910949707,0.79934346675872803,1.6447303295135498">
        </Bone>
      </Part>
    </Brick>
    <Brick refID="20" designID="53989">
      <Part refID="20" designID="53989" materials="1">
        <Bone refID="20" transformation="-0.70710629224777222,0,0.7071073055267334,0,1,0,-0.7071073055267334,0,-0.70710629224777222,-0.84852844476699829,1.4385432004928589,-0.84852713346481323">
        </Bone>
      </Part>
    </Brick>
    <Brick refID="21" designID="87747">
      <Part refID="21" designID="87747" materials="1">
        <Bone refID="21" transformation="0,-1,0,-0.70710736513137817,0,-0.70710617303848267,0.70710617303848267,0,-0.70710736513137817,-1.6447303295135498,0.79934346675872803,-1.6447279453277588">
        </Bone>
      </Part>
    </Brick>
    <Brick refID="22" designID="53989">
      <Part refID="22" designID="53989" materials="1">
        <Bone refID="22" transformation="0,0,-1.0000001192092896,-0.95105665922164917,0.30901694297790527,0,0.30901685357093811,0.95105665922164917,0,1.2000002861022949,1.4385432004928589,0">
        </Bone>
      </Part>
    </Brick>
    <Brick refID="23" designID="53989">
      <Part refID="23" designID="53989" materials="1">
        <Bone refID="23" transformation="0,0,1.0000001192092896,0.95105665922164917,0.30901694297790527,0,-0.30901685357093811,0.95105665922164917,0,-1.1999993324279785,1.4385430812835693,0.080000698566436768">
        </Bone>
      </Part>
    </Brick>
    <Brick refID="24" designID="85959">
      <Part refID="24" designID="85959" materials="182">
        <Bone refID="24" transformation="0.95105648040771484,0.3090171217918396,0,-0.3090171217918396,0.95105648040771484,0,0,0,1,-2.2794749736785889,2.6923315525054932,0.079998791217803955">
        </Bone>
      </Part>
    </Brick>
    <Brick refID="25" designID="85959">
      <Part refID="25" designID="85959" materials="182">
        <Bone refID="25" transformation="0.95105665922164917,-0.30901655554771423,0,0.30901655554771423,0.95105665922164917,0,0,0,1,2.2794756889343262,2.6923315525054932,0">
        </Bone>
      </Part>
    </Brick>
  </Bricks>
  <RigidSystems>
    <RigidSystem>
      <Rigid refID="0" transformation="1,0,0,0,1,0,0,0,1,-1.2000001668930054,0.8185431957244873,-0.39999961853027344" boneRefs="0,1,2,3,4,5"/>
      <Rigid refID="1" transformation="0.70710605382919312,0,0.70710748434066772,0,1,0,-0.70710748434066772,0,0.70710605382919312,-1.6485284566879272,1.4385433197021484,0.048528671264648438" boneRefs="6"/>
      <Rigid refID="2" transformation="0,-1.0000001192092896,0,-0.7071075439453125,0,0.70710617303848267,-0.70710617303848267,0,-0.70710742473602295,-2.4447312355041504,0.79934340715408325,0.84473037719726563" boneRefs="7"/>
      <Rigid refID="3" transformation="-0.70710611343383789,0,-0.70710742473602295,0,1,0,0.70710742473602295,0,-0.70710611343383789,0.048528313636779785,1.4385430812835693,-1.6485271453857422" boneRefs="8"/>
      <Rigid refID="4" transformation="0,-1.0000001192092896,0,0.7071075439453125,0,-0.70710617303848267,0.70710617303848267,0,0.7071075439453125,0.84473097324371338,0.79934298992156982,-2.444727897644043" boneRefs="9"/>
      <Rigid refID="5" transformation="1,0,0,0,0.30901718139648438,0.95105648040771484,0,-0.95105648040771484,0.30901718139648438,-1.1849998235702515,2.7107522487640381,-2.4830760955810547" boneRefs="10,11,12,13"/>
      <Rigid refID="6" transformation="1,0,0,0,-0.30901694297790527,0.95105654001235962,0,-0.95105654001235962,-0.30901694297790527,-1.2000001668930054,5.1465597152709961,-2.7302894592285156" boneRefs="14,15,16"/>
      <Rigid refID="7" transformation="1,0,0,0,0.95105671882629395,0.30901637673377991,0,-0.30901637673377991,0.95105671882629395,-0.88000047206878662,4.7732667922973633,-1.5814132690429687" boneRefs="17"/>
      <Rigid refID="8" transformation="0.70710623264312744,0,-0.70710736513137817,0,1,0,0.70710736513137817,0,0.70710623264312744,0.048527359962463379,1.4385433197021484,0.048528671264648438" boneRefs="18"/>
      <Rigid refID="9" transformation="0,-1.0000001192092896,0,0.7071073055267334,0,0.70710641145706177,-0.70710641145706177,0,0.70710736513137817,0.84473001956939697,0.79934334754943848,0.84473037719726563" boneRefs="19"/>
      <Rigid refID="10" transformation="-0.70710629224777222,0,0.7071073055267334,0,1,0,-0.7071073055267334,0,-0.70710629224777222,-1.6485284566879272,1.4385430812835693,-1.6485271453857422" boneRefs="20"/>
      <Rigid refID="11" transformation="0,-1,0,-0.70710736513137817,0,-0.70710617303848267,0.70710617303848267,0,-0.70710736513137817,-2.444730281829834,0.79934334754943848,-2.444727897644043" boneRefs="21"/>
      <Rigid refID="12" transformation="0,0,-1.0000001192092896,-0.95105665922164917,0.30901694297790527,0,0.30901685357093811,0.95105665922164917,0,0.40000021457672119,1.4385430812835693,-0.79999923706054688" boneRefs="22"/>
      <Rigid refID="13" transformation="0,0,1.0000001192092896,0.95105665922164917,0.30901694297790527,0,-0.30901685357093811,0.95105665922164917,0,-1.9999994039535522,1.4385429620742798,-0.71999931335449219" boneRefs="23"/>
      <Rigid refID="14" transformation="0.95105648040771484,0.3090171217918396,0,-0.3090171217918396,0.95105648040771484,0,0,0,1,-3.079474925994873,2.6923315525054932,-0.720001220703125" boneRefs="24"/>
      <Rigid refID="15" transformation="0.95105665922164917,-0.30901655554771423,0,0.30901655554771423,0.95105665922164917,0,0,0,1,1.4794756174087524,2.6923315525054932,-0.79999923706054688" boneRefs="25"/>
      <Joint type="hinge">
        <RigidRef rigidRef="1" a="1,0,0" z="0,0,-1" t="0.15999999642372131,0,0"/>
        <RigidRef rigidRef="0" a="0.70710611343383789,0,0.70710748434066772" z="0.70710748434066772,0,-0.70710617303848267" t="-0.33539128303527832,0.62000012397766113,0.56166547536849976"/>
      </Joint>
      <Joint type="hinge">
        <RigidRef rigidRef="3" a="1,0,0" z="0,0,-1" t="0.15999999642372131,0,0"/>
        <RigidRef rigidRef="0" a="-0.70710617303848267,0,-0.70710742473602295" z="-0.70710742473602295,0,0.70710623264312744" t="1.1353914737701416,0.61999988555908203,-1.3616646528244019"/>
      </Joint>
      <Joint type="hinge">
        <RigidRef rigidRef="5" a="-1,0,0" z="0,-1,0" t="-0.15999999642372131,0.24800024926662445,0.79999995231628418"/>
        <RigidRef rigidRef="0" a="-1,0,0" z="0,-0.30901721119880676,-0.95105648040771484" t="-0.14499963819980621,1.2080004215240479,-1.6000003814697266"/>
      </Joint>
      <Joint type="hinge">
        <RigidRef rigidRef="8" a="1,0,0" z="0,0,-1" t="0.15999999642372131,0,0"/>
        <RigidRef rigidRef="0" a="0.70710623264312744,0,-0.70710742473602295" z="-0.70710742473602295,0,-0.70710617303848267" t="1.3616645336151123,0.62000012397766113,0.33539110422134399"/>
      </Joint>
      <Joint type="hinge">
        <RigidRef rigidRef="10" a="1,0,0" z="0,0,-1" t="0.15999999642372131,0,0"/>
        <RigidRef rigidRef="0" a="-0.70710629224777222,0,0.70710736513137817" z="0.70710736513137817,0,0.70710623264312744" t="-0.56166529655456543,0.61999988555908203,-1.1353904008865356"/>
      </Joint>
      <Joint type="hinge">
        <RigidRef rigidRef="12" a="1,0,0" z="0,0,-1" t="0.15999999642372131,0,0"/>
        <RigidRef rigidRef="0" a="0,0,-1" z="-0.30901679396629333,-0.95105665922164917,0" t="1.6000003814697266,0.61999988555908203,-0.55999964475631714"/>
      </Joint>
      <Joint type="hinge">
        <RigidRef rigidRef="13" a="1,0,0" z="0,0,-1" t="0.15999999642372131,0,0"/>
        <RigidRef rigidRef="0" a="0,0,1" z="0.30901679396629333,-0.95105665922164917,0" t="-0.79999923706054688,0.61999976634979248,-0.15999966859817505"/>
      </Joint>
      <Joint type="hinge">
        <RigidRef rigidRef="2" a="0,1,0" z="1,0,0" t="0,0.39999997615814209,0"/>
        <RigidRef rigidRef="1" a="0,0,1" z="0,-1,0" t="0,-0.63919985294342041,1.5260001420974731"/>
      </Joint>
      <Joint type="hinge">
        <RigidRef rigidRef="4" a="0,1,0" z="1,0,0" t="0,0.39999997615814209,0"/>
        <RigidRef rigidRef="3" a="0,0,1" z="0,-1,0" t="0,-0.63920009136199951,1.5259993076324463"/>
      </Joint>
      <Joint type="hinge">
        <RigidRef rigidRef="6" a="1,0,0" z="0,0,1" t="0.97499996423721313,0.24799995124340057,0.80000001192092896"/>
        <RigidRef rigidRef="5" a="1,0,0" z="0,-0.58778542280197144,0.80901700258255005" t="0.95999962091445923,0.24800029397010803,-1.599998950958252"/>
      </Joint>
      <Joint type="hinge">
        <RigidRef rigidRef="7" a="-1,0,0" z="0,0,1" t="-0.40000000596046448,0,0"/>
        <RigidRef rigidRef="6" a="-1,0,0" z="0,1,0" t="-0.080000251531600952,1.2079998254776001,0"/>
      </Joint>
      <Joint type="hinge">
        <RigidRef rigidRef="9" a="0,1,0" z="1,0,0" t="0,0.39999997615814209,0"/>
        <RigidRef rigidRef="8" a="0,0,1" z="0,-1,0" t="0,-0.63919997215270996,1.525999903678894"/>
      </Joint>
      <Joint type="hinge">
        <RigidRef rigidRef="11" a="0,1,0" z="1,0,0" t="0,0.39999997615814209,0"/>
        <RigidRef rigidRef="10" a="0,0,1" z="0,-1,0" t="0,-0.63919973373413086,1.5259987115859985"/>
      </Joint>
      <Joint type="hinge">
        <RigidRef rigidRef="15" a="0,1,0" z="1,0,0" t="0,0,0"/>
        <RigidRef rigidRef="12" a="0,0,1" z="0,-1,0" t="0,-0.63920032978057861,1.5259996652603149"/>
      </Joint>
      <Joint type="hinge">
        <RigidRef rigidRef="14" a="0,1,0" z="1,0,0" t="0,0,0"/>
        <RigidRef rigidRef="13" a="0,0,1" z="0,1,0" t="0,-0.63920038938522339,1.5259997844696045"/>
      </Joint>
    </RigidSystem>
  </RigidSystems>
  <GroupSystems>
    <GroupSystem>
    </GroupSystem>
  </GroupSystems>
</LXFML>
