<?xml version="1.0" encoding="UTF-8" standalone="no" ?>
<LXFML versionMajor="5" versionMinor="0">
  <Meta>
    <Application name="LEGO Universe" versionMajor="0" versionMinor="0"/>
    <Brand name="LEGOUniverse"/>
    <BrickSet version="434"/>
  </Meta>
  <Bricks>
    <Brick refID="0" designID="64727">
      <Part refID="0" designID="64727" materials="148">
        <Bone refID="0" transformation="-0.0054254080168902874,-0.010907303541898727,0.99992579221725464,0.17364399135112762,0.98473918437957764,0.011683812364935875,-0.98479354381561279,0.17369449138641357,-0.0034486234653741121,-0.55459213256835938,3.8155956268310547,1.214263916015625">
        </Bone>
      </Part>
    </Brick>
    <Brick refID="1" designID="64567">
      <Part refID="1" designID="64567" materials="148">
        <Bone refID="1" transformation="-0.0054254066199064255,-0.01090729609131813,0.99992579221725464,0.17364400625228882,0.98473918437957764,0.011683804914355278,-0.98479354381561279,0.17369450628757477,-0.0034486234653741121,-0.87062454223632813,2.0233702659606934,1.1930007934570312">
        </Bone>
      </Part>
    </Brick>
    <Brick refID="2" designID="59230">
      <Part refID="2" designID="59230" materials="26">
        <Bone refID="2" transformation="0.17363403737545013,0.98474091291427612,0.011684446595609188,-0.0020270275417715311,-0.011507214047014713,0.99993181228637695,0.98480820655822754,-0.17364580929279327,0,-0.76817703247070313,2.6043610572814941,1.1998977661132812">
        </Bone>
      </Part>
    </Brick>
    <Brick refID="3" designID="60115">
      <Part refID="3" designID="60115" materials="26">
        <Bone refID="3" transformation="1,0,0,0,1,0,0,0,1,-0.40000057220458984,1.119999885559082,-0.40000152587890625">
        </Bone>
      </Part>
    </Brick>
    <Brick refID="4" designID="30121">
      <Part refID="4" designID="30121" materials="184">
        <Bone refID="4" transformation="1,0,0,0,1,0,0,0,1,0,2.8800997734069824,-0.40000152587890625">
        </Bone>
      </Part>
    </Brick>
    <Brick refID="5" designID="30377">
      <Part refID="5" designID="30377" materials="26">
        <Bone refID="5" transformation="-0.15776030719280243,0.89470916986465454,-0.41786029934883118,-0.072565130889415741,0.41151130199432373,0.90851134061813354,0.98480761051177979,0.1736491471529007,0,1.0167884826660156,1.1912410259246826,0.26857757568359375">
        </Bone>
      </Part>
    </Brick>
    <Brick refID="6" designID="6266">
      <Part refID="6" designID="6266" materials="26">
        <Bone refID="6" transformation="1,0,0,0,1,0,0,0,1,0.39999771118164063,1.1200000047683716,-0.40000152587890625">
        </Bone>
      </Part>
    </Brick>
    <Brick refID="7" designID="6266">
      <Part refID="7" designID="6266" materials="26">
        <Bone refID="7" transformation="1,0,0,0,1,0,0,0,1,-0.39999771118164063,1.1200000047683716,-0.40000152587890625">
        </Bone>
      </Part>
    </Brick>
    <Brick refID="8" designID="48493">
      <Part refID="8" designID="48493" materials="184">
        <Bone refID="8" transformation="1,0,0,0,1,0,0,0,1,0,3.9900999069213867,-0.40000152587890625">
        </Bone>
      </Part>
    </Brick>
    <Brick refID="9" designID="3626">
      <Part refID="9" designID="3626" materials="26,0,0,0" decoration="0,0,0">
        <Bone refID="9" transformation="0,0,1,0,0.99999994039535522,0,-1,0,0,0,3.0300998687744141,-0.40000152587890625">
        </Bone>
      </Part>
    </Brick>
    <Brick refID="10" designID="87747">
      <Part refID="10" designID="87747" materials="148">
        <Bone refID="10" transformation="0.0054252380505204201,0.010907683521509171,-0.99992573261260986,-0.17364315688610077,-0.98473930358886719,-0.011684154160320759,-0.98479366302490234,0.17369365692138672,-0.003448473522439599,-0.83937454223632813,2.2006239891052246,1.1951065063476563">
        </Bone>
      </Part>
    </Brick>
  </Bricks>
  <RigidSystems>
    <RigidSystem>
      <Rigid refID="0" transformation="-0.0054254080168902874,-0.010907303541898727,0.99992579221725464,0.17364399135112762,0.98473918437957764,0.011683812364935875,-0.98479354381561279,0.17369449138641357,-0.0034486234653741121,8.2454080581665039,3.8156032562255859,34.814266204833984" boneRefs="0"/>
      <Rigid refID="1" transformation="-0.0054254066199064255,-0.01090729609131813,0.99992579221725464,0.17364400625228882,0.98473918437957764,0.011683804914355278,-0.98479354381561279,0.17369450628757477,-0.0034486234653741121,7.9293756484985352,2.0233778953552246,34.793003082275391" boneRefs="1,2,3,4,5,6,7"/>
      <Rigid refID="2" transformation="1,0,0,0,1,0,0,0,1,8.7999963760375977,3.990107536315918,33.200000762939453" boneRefs="8,9"/>
      <Rigid refID="3" transformation="0.0054252380505204201,0.010907683521509171,-0.99992573261260986,-0.17364315688610077,-0.98473930358886719,-0.011684154160320759,-0.98479366302490234,0.17369365692138672,-0.003448473522439599,7.9606256484985352,2.2006316184997559,34.795108795166016" boneRefs="10"/>
      <Joint type="hinge">
        <RigidRef rigidRef="0" a="0,1,0" z="0,0,1" t="0,-0.40000000596046448,0"/>
        <RigidRef rigidRef="1" a="0,1,0" z="0,0,1" t="0,1.4199999570846558,0"/>
      </Joint>
      <Joint type="hinge">
        <RigidRef rigidRef="1" a="0.010907302610576153,-0.98473924398422241,-0.17369450628757477" z="0.99992579221725464,0.011683805845677853,-0.0034486670047044754" t="-1.6085871458053589,1.1239323616027832,-0.67702782154083252"/>
        <RigidRef rigidRef="2" a="0,-1,0" z="-1,0,0" t="0,-0.96000003814697266,0"/>
      </Joint>
      <Joint type="hinge">
        <RigidRef rigidRef="1" a="0,-1,0" z="0,0,-1" t="0,0.18000003695487976,0"/>
        <RigidRef rigidRef="3" a="0,1,0" z="0,0,1" t="0,0,0"/>
      </Joint>
    </RigidSystem>
  </RigidSystems>
  <GroupSystems>
    <GroupSystem>
    </GroupSystem>
  </GroupSystems>
</LXFML>
