<?xml version="1.0" encoding="UTF-8" standalone="no" ?>
<LXFML versionMajor="5" versionMinor="0">
  <Meta>
    <Application name="CCOP" versionMajor="0" versionMinor="0"/>
    <Brand name="LEGOUniverse"/>
    <BrickSet version="215"/>
  </Meta>
  <Bricks>
    <Brick refID="0" designID="3626">
      <Part refID="0" designID="3626" materials="1,0,0,0" decoration="57755,0,0">
        <Bone refID="0" transformation="-0.4313187301158905,0.80815351009368896,-0.40106365084648132,0,0.444539874792099,0.89575916528701782,0.90219962596893311,0.38635775446891785,-0.19173826277256012,0,1.9824336767196655,-1.3033739328384399">
        </Bone>
      </Part>
    </Brick>
    <Brick refID="1" designID="6260">
      <Part refID="1" designID="6260" materials="1">
        <Bone refID="1" transformation="-1,0,0,0,0.44454008340835571,0.89575916528701782,0,0.89575916528701782,-0.44453984498977661,0.39999979734420776,1.1999999284744263,-2.8799986839294434">
        </Bone>
      </Part>
    </Brick>
    <Brick refID="2" designID="6265">
      <Part refID="2" designID="6265" materials="1">
        <Bone refID="2" transformation="0.93859285116195679,0.15780061483383179,0.30682644248008728,-0.24839682877063751,0.92624759674072266,0.28348615765571594,-0.2394629567861557,-0.34229278564453125,0.90856653451919556,0.80068701505661011,1.871113657951355,-1.5270653963088989">
        </Bone>
      </Part>
    </Brick>
    <Brick refID="3" designID="6265">
      <Part refID="3" designID="6265" materials="1">
        <Bone refID="3" transformation="-0.97309982776641846,0.10241588950157166,0.20636804401874542,0.20318001508712769,0.80376678705215454,0.55917567014694214,-0.10860326141119003,0.58606356382369995,-0.80295383930206299,-0.80000001192092896,1.871113657951355,-1.5270653963088989">
        </Bone>
      </Part>
    </Brick>
    <Brick refID="4" designID="6266">
      <Part refID="4" designID="6266" materials="1">
        <Bone refID="4" transformation="-1,0,0,0,0.25257116556167603,0.96757835149765015,0,0.96757835149765015,-0.25257116556167603,0.40000075101852417,1.2000006437301636,-2.8799991607666016">
        </Bone>
      </Part>
    </Brick>
    <Brick refID="5" designID="6266">
      <Part refID="5" designID="6266" materials="1">
        <Bone refID="5" transformation="-1,0,0,0,0.1760094165802002,0.98438858985900879,0,0.98438858985900879,-0.17600926756858826,-0.39999943971633911,1.1999996900558472,-2.8799991607666016">
        </Bone>
      </Part>
    </Brick>
    <Brick refID="6" designID="6060">
      <Part refID="6" designID="6060" materials="192">
        <Bone refID="6" transformation="0,0,-1.0000001192092896,0,-1,0,-1.0000001192092896,0,0,-0.014999210834503174,3.6959924697875977,5.1999998092651367">
        </Bone>
      </Part>
    </Brick>
    <Brick refID="7" designID="3070">
      <Part refID="7" designID="3070" materials="192">
        <Bone refID="7" transformation="-1,0,0,0,-1,0,0,0,1,-0.014999210834503174,0.81599229574203491,1.999998927116394">
        </Bone>
      </Part>
    </Brick>
    <Brick refID="8" designID="6019">
      <Part refID="8" designID="6019" materials="192">
        <Bone refID="8" transformation="1,0,0,0,-1,0,0,0,-1,-0.014999210834503174,0.81599235534667969,1.1999996900558472">
        </Bone>
      </Part>
    </Brick>
    <Brick refID="9" designID="3298">
      <Part refID="9" designID="3298" materials="192">
        <Bone refID="9" transformation="-1,0,0,0,1,0,0,0,-1,0.39999979734420776,0.639992356300354,-0.40000069141387939">
        </Bone>
      </Part>
    </Brick>
    <Brick refID="10" designID="48336">
      <Part refID="10" designID="48336" materials="192">
        <Bone refID="10" transformation="1,0,0,0,1,0,0,0,1,-0.39999943971633911,0.31999236345291138,-0.40000069141387939">
        </Bone>
      </Part>
    </Brick>
    <Brick refID="11" designID="6019">
      <Part refID="11" designID="6019" materials="194">
        <Bone refID="11" transformation="0,0,-1,0,0.99999994039535522,0,1,0,0,0.40000170469284058,0.31999236345291138,-1.2000004053115845">
        </Bone>
      </Part>
    </Brick>
    <Brick refID="12" designID="3023">
      <Part refID="12" designID="3023" materials="194">
        <Bone refID="12" transformation="1,0,0,0,1,0,0,0,1,-0.39999940991401672,0.31999236345291138,-1.9999997615814209">
        </Bone>
      </Part>
    </Brick>
    <Brick refID="13" designID="6019">
      <Part refID="13" designID="6019" materials="194">
        <Bone refID="13" transformation="0,0,1,0,0.99999994039535522,0,-1,0,0,-0.39999943971633911,0.31999236345291138,-1.1999994516372681">
        </Bone>
      </Part>
    </Brick>
    <Brick refID="14" designID="3034">
      <Part refID="14" designID="3034" materials="106">
        <Bone refID="14" transformation="0,0,1,0,0.99999994039535522,0,-1,0,0,-0.39999943971633911,0,-5.9999995231628418">
        </Bone>
      </Part>
    </Brick>
    <Brick refID="15" designID="4738">
      <Part refID="15" designID="4738" materials="297">
        <Bone refID="15" transformation="-1,0,0,0,1,0,0,0,-1,1.2000010013580322,1.5999922752380371,-5.9999990463256836">
        </Bone>
      </Part>
    </Brick>
    <Brick refID="16" designID="3022">
      <Part refID="16" designID="3022" materials="199">
        <Bone refID="16" transformation="1,0,0,0,1,0,0,0,1,-0.39999949932098389,1.2799923419952393,-5.1999988555908203">
        </Bone>
      </Part>
    </Brick>
    <Brick refID="17" designID="6019">
      <Part refID="17" designID="6019" materials="194">
        <Bone refID="17" transformation="0,0,-1,0,0.99999994039535522,0,1,0,0,0.40000158548355103,0.3199923038482666,-4.3999991416931152">
        </Bone>
      </Part>
    </Brick>
    <Brick refID="18" designID="47457">
      <Part refID="18" designID="47457" materials="199">
        <Bone refID="18" transformation="1,0,0,0,1,0,0,0,1,-0.39999955892562866,0.639992356300354,-4.399998664855957">
        </Bone>
      </Part>
    </Brick>
    <Brick refID="19" designID="3069">
      <Part refID="19" designID="3069" materials="192,0" decoration="0">
        <Bone refID="19" transformation="-1,0,0,0,1,0,0,0,-1,0.40022367238998413,0.31999999284744263,-3.5999999046325684">
        </Bone>
      </Part>
    </Brick>
    <Brick refID="20" designID="85984">
      <Part refID="20" designID="85984" materials="192">
        <Bone refID="20" transformation="0,0,-1,0,0.99999994039535522,0,1,0,0,0.40000051259994507,0.31999999284744263,-2.7999997138977051">
        </Bone>
      </Part>
    </Brick>
    <Brick refID="21" designID="2420">
      <Part refID="21" designID="2420" materials="28">
        <Bone refID="21" transformation="0,0,-1,0,0.99999994039535522,0,1,0,0,-0.39999896287918091,0.31999999284744263,-4.3999996185302734">
        </Bone>
      </Part>
    </Brick>
    <Brick refID="22" designID="3004">
      <Part refID="22" designID="3004" materials="199,0,0,0" decoration="0,0,0">
        <Bone refID="22" transformation="1,0,0,0,1,0,0,0,1,-0.39999943971633911,0.31999236345291138,-5.9999990463256836">
        </Bone>
      </Part>
    </Brick>
    <Brick refID="23" designID="6060">
      <Part refID="23" designID="6060" materials="192">
        <Bone refID="23" transformation="-1,0,0,0,-1,0,0,0,1,6.0000009536743164,3.6955924034118652,-1.1870018243789673">
        </Bone>
      </Part>
    </Brick>
    <Brick refID="24" designID="60478">
      <Part refID="24" designID="60478" materials="192">
        <Bone refID="24" transformation="1,0,0,0,-1,0,0,0,-1,2,0.81559216976165771,-1.1870008707046509">
        </Bone>
      </Part>
    </Brick>
    <Brick refID="25" designID="4739">
      <Part refID="25" designID="4739" materials="297">
        <Bone refID="25" transformation="-1,0,0,0,1,0,0,0,-1,1.2000010013580322,1.5999921560287476,-5.9999995231628418">
        </Bone>
      </Part>
    </Brick>
    <Brick refID="26" designID="6060">
      <Part refID="26" designID="6060" materials="192">
        <Bone refID="26" transformation="-1,0,0,0,-1,0,0,0,1,6,3.6955924034118652,-4.3869996070861816">
        </Bone>
      </Part>
    </Brick>
    <Brick refID="27" designID="60478">
      <Part refID="27" designID="60478" materials="192">
        <Bone refID="27" transformation="1,0,0,0,-1,0,0,0,-1,2.0000004768371582,0.81559216976165771,-4.3869996070861816">
        </Bone>
      </Part>
    </Brick>
    <Brick refID="28" designID="6060">
      <Part refID="28" designID="6060" materials="192">
        <Bone refID="28" transformation="1,0,0,0,-1,0,0,0,-1,-6,3.6955924034118652,-1.1869989633560181">
        </Bone>
      </Part>
    </Brick>
    <Brick refID="29" designID="60478">
      <Part refID="29" designID="60478" materials="192">
        <Bone refID="29" transformation="-1,0,0,0,-1,0,0,0,1,-2,0.81559228897094727,-1.1869989633560181">
        </Bone>
      </Part>
    </Brick>
  </Bricks>
  <RigidSystems>
    <RigidSystem>
      <Rigid refID="0" transformation="-0.4313187301158905,0.80815351009368896,-0.40106365084648132,0,0.444539874792099,0.89575916528701782,0.90219962596893311,0.38635775446891785,-0.19173826277256012,0.80000019073486328,1.9824336767196655,0.29662609100341797" boneRefs="0"/>
      <Rigid refID="1" transformation="-1,0,0,0,0.44454008340835571,0.89575916528701782,0,0.89575916528701782,-0.44453984498977661,1.1999998092651367,1.1999999284744263,-1.279998779296875" boneRefs="1"/>
      <Rigid refID="2" transformation="0.93859285116195679,0.15780061483383179,0.30682644248008728,-0.24839682877063751,0.92624759674072266,0.28348615765571594,-0.2394629567861557,-0.34229278564453125,0.90856653451919556,1.6006870269775391,1.871113657951355,0.072934627532958984" boneRefs="2"/>
      <Rigid refID="3" transformation="-0.97309982776641846,0.10241588950157166,0.20636804401874542,0.20318001508712769,0.80376678705215454,0.55917567014694214,-0.10860326141119003,0.58606356382369995,-0.80295383930206299,0,1.871113657951355,0.072934627532958984" boneRefs="3"/>
      <Rigid refID="4" transformation="-1,0,0,0,0.25257116556167603,0.96757835149765015,0,0.96757835149765015,-0.25257116556167603,1.2000007629394531,1.2000006437301636,-1.2799992561340332" boneRefs="4"/>
      <Rigid refID="5" transformation="-1,0,0,0,0.1760094165802002,0.98438858985900879,0,0.98438858985900879,-0.17600926756858826,0.40000057220458984,1.1999996900558472,-1.2799992561340332" boneRefs="5"/>
      <Joint type="hinge">
        <RigidRef rigidRef="1" a="0,-0.99999994039535522,0" z="0,0,1" t="0.40000000596046448,1.7601000070571899,0"/>
        <RigidRef rigidRef="0" a="0,-0.99999994039535522,0" z="0,0,1" t="0,0,0"/>
      </Joint>
      <Joint type="hinge">
        <RigidRef rigidRef="4" a="1,0,0" z="0,0,0.99999994039535522" t="0.15999999642372131,0,0"/>
        <RigidRef rigidRef="1" a="1,0,0" z="0,0.20388413965702057,0.97899484634399414" t="0.15999898314476013,0,0"/>
      </Joint>
      <Joint type="hinge">
        <RigidRef rigidRef="5" a="-1,0,0" z="0,0,0.99999994039535522" t="-0.15999999642372131,0,0"/>
        <RigidRef rigidRef="1" a="-1,0,0" z="0,0.27993795275688171,0.96001797914505005" t="0.63999921083450317,0,0"/>
      </Joint>
      <Joint type="ball">
        <RigidRef rigidRef="3" a="0,1,0" z="0,0,1" t="0,0,0"/>
        <RigidRef rigidRef="1" a="0.98388504981994629,0.17880217730998993,0" z="0,0,1" t="1.2000099420547485,1.5102399587631226,-0.00027700001373887062"/>
      </Joint>
      <Joint type="ball">
        <RigidRef rigidRef="2" a="0,1,0" z="0,0,1" t="0,0,0"/>
        <RigidRef rigidRef="1" a="-0.98388504981994629,0.17880217730998993,0" z="0,0,1" t="-0.40068700909614563,1.5102399587631226,-0.00027700001373887062"/>
      </Joint>
    </RigidSystem>
    <RigidSystem>
      <Rigid refID="6" transformation="0,0,-1.0000001192092896,0,-1,0,-1.0000001192092896,0,0,0.78500080108642578,3.6959924697875977,6.7999997138977051" boneRefs="6,7,8"/>
      <Rigid refID="7" transformation="-1,0,0,0,1,0,0,0,-1,1.1999998092651367,0.639992356300354,1.1999993324279785" boneRefs="9,10,11,12,13,14,15,16,17,18,19,20,21,22"/>
      <Rigid refID="8" transformation="-1,0,0,0,-1,0,0,0,1,6.8000011444091797,3.6955924034118652,0.41299819946289063" boneRefs="23,24"/>
      <Rigid refID="9" transformation="-1,0,0,0,1,0,0,0,-1,2.0000009536743164,1.5999921560287476,-4.3999996185302734" boneRefs="25"/>
      <Rigid refID="10" transformation="-1,0,0,0,-1,0,0,0,1,6.8000001907348633,3.6955924034118652,-2.7869997024536133" boneRefs="26,27"/>
      <Rigid refID="11" transformation="1,0,0,0,-1,0,0,0,-1,-5.1999998092651367,3.6955924034118652,0.41300106048583984" boneRefs="28,29"/>
      <Joint type="hinge">
        <RigidRef rigidRef="7" a="-1,0,0" z="0,0,-0.99999994039535522" t="-0.17500065267086029,-0.072000041604042053,-0.80000001192092896"/>
        <RigidRef rigidRef="6" a="0,0,-0.99999988079071045" z="-0.99999982118606567,0,0" t="4.7999997138977051,3.1280004978179932,-0.58999913930892944"/>
      </Joint>
      <Joint type="hinge">
        <RigidRef rigidRef="8" a="0,0,-1" z="0,1,0" t="4.8000016212463379,3.1275997161865234,-0.1729990541934967"/>
        <RigidRef rigidRef="7" a="0,0,1" z="0,-1,0" t="-0.80000030994415283,-0.072000116109848022,0.96000009775161743"/>
      </Joint>
      <Joint type="hinge">
        <RigidRef rigidRef="9" a="-1.0000001192092896,0,0" z="0,-1.0000001192092896,0" t="1.2000000476837158,1.1399999856948853,-1.059999942779541"/>
        <RigidRef rigidRef="7" a="-1,0,0" z="0,1,0" t="0.39999842643737793,2.0999999046325684,4.5399985313415527"/>
      </Joint>
      <Joint type="hinge">
        <RigidRef rigidRef="10" a="0,0,-1" z="0,1,0" t="4.8000001907348633,3.1275997161865234,-0.17300000786781311"/>
        <RigidRef rigidRef="7" a="0,0,1" z="0,-1,0" t="-0.80000102519989014,-0.072000116109848022,4.159998893737793"/>
      </Joint>
      <Joint type="hinge">
        <RigidRef rigidRef="11" a="0,0,-1" z="0,1,0" t="4.7999997138977051,3.1275999546051025,-0.1730002760887146"/>
        <RigidRef rigidRef="7" a="0,0,-1" z="0,-1,0" t="1.5999997854232788,-0.071999996900558472,0.6139984130859375"/>
      </Joint>
    </RigidSystem>
  </RigidSystems>
  <GroupSystems>
    <GroupSystem>
    </GroupSystem>
  </GroupSystems>
</LXFML>
