<?xml version="1.0" encoding="UTF-8" standalone="no" ?>
<LXFML versionMajor="5" versionMinor="0">
  <Meta>
    <Application name="LEGO Universe" versionMajor="0" versionMinor="0"/>
    <Brand name="LEGOUniverse"/>
    <BrickSet version="330"/>
  </Meta>
  <Bricks>
    <Brick refID="0" designID="3460">
      <Part refID="0" designID="3460" materials="5">
        <Bone refID="0" transformation="1,0,0,0,1,0,0,0,1,-1.9999992847442627,0,-3.5999894142150879">
        </Bone>
      </Part>
    </Brick>
    <Brick refID="1" designID="4589">
      <Part refID="1" designID="4589" materials="25">
        <Bone refID="1" transformation="0.76203596591949463,0,0.64753466844558716,0,1,0,-0.64753466844558716,0,0.76203596591949463,-1.6000244617462158,2.5600020885467529,1.2874603271484375E-005">
        </Bone>
      </Part>
    </Brick>
    <Brick refID="2" designID="4733">
      <Part refID="2" designID="4733" materials="25">
        <Bone refID="2" transformation="0.37381565570831299,0,0.92750310897827148,0,1,0,-0.92750310897827148,0,0.37381565570831299,-1.5999948978424072,1.6000015735626221,1.3828277587890625E-005">
        </Bone>
      </Part>
    </Brick>
    <Brick refID="3" designID="2423">
      <Part refID="3" designID="2423" materials="210">
        <Bone refID="3" transformation="-0.21972331404685974,0.80901700258255005,-0.54517257213592529,-0.92750310897827148,0,0.37381568551063538,0.30242326855659485,0.58778518438339233,0.75036579370498657,-1.9709932804107666,2.1600003242492676,0.14954233169555664">
        </Bone>
      </Part>
    </Brick>
    <Brick refID="4" designID="2423">
      <Part refID="4" designID="2423" materials="6">
        <Bone refID="4" transformation="-0.54517263174057007,0.80901682376861572,0.21972405910491943,0.37381580471992493,0,0.92750316858291626,0.7503657341003418,0.58778560161590576,-0.30242276191711426,-1.4504683017730713,2.1600027084350586,0.37101602554321289">
        </Bone>
      </Part>
    </Brick>
    <Brick refID="5" designID="2423">
      <Part refID="5" designID="2423" materials="29">
        <Bone refID="5" transformation="0.21972361207008362,0.80901730060577393,0.54517227411270142,0.92750310897827148,0,-0.37381607294082642,-0.30242353677749634,0.58778500556945801,-0.75036585330963135,-1.2289984226226807,2.1600003242492676,-0.14950704574584961">
        </Bone>
      </Part>
    </Brick>
    <Brick refID="6" designID="2423">
      <Part refID="6" designID="2423" materials="233">
        <Bone refID="6" transformation="0.54517269134521484,0.80901700258255005,-0.21972329914569855,-0.37381583452224731,0,-0.92750310897827148,-0.7503657341003418,0.58778530359268188,0.30242341756820679,-1.7495157718658447,2.1599984169006348,-0.37098836898803711">
        </Bone>
      </Part>
    </Brick>
    <Brick refID="7" designID="3062">
      <Part refID="7" designID="3062" materials="25">
        <Bone refID="7" transformation="0,0,1,0,0.99999994039535522,0,-1,0,0,-1.5999815464019775,0.64000129699707031,1.3828277587890625E-005">
        </Bone>
      </Part>
    </Brick>
    <Brick refID="8" designID="30503">
      <Part refID="8" designID="30503" materials="138">
        <Bone refID="8" transformation="1.0000001192092896,0,0,0,1,0,0,0,1.0000001192092896,-2.7999775409698486,0.32000136375427246,-0.39998769760131836">
        </Bone>
      </Part>
    </Brick>
    <Brick refID="9" designID="3666">
      <Part refID="9" designID="3666" materials="5">
        <Bone refID="9" transformation="0,0,1.0000001192092896,0,1,0,-1.0000001192092896,0,0,-2.7999823093414307,0,-3.5999927520751953">
        </Bone>
      </Part>
    </Brick>
    <Brick refID="10" designID="30504">
      <Part refID="10" designID="30504" materials="5">
        <Bone refID="10" transformation="1.0000001192092896,0,0,0,1,0,0,0,1.0000001192092896,-1.99997878074646,1.52587890625E-005,-2.7999706268310547">
        </Bone>
      </Part>
    </Brick>
    <Brick refID="11" designID="41770">
      <Part refID="11" designID="41770" materials="138">
        <Bone refID="11" transformation="0,0,-1.0000001192092896,0,0.99999994039535522,0,1.0000001192092896,0,0,0.40002664923667908,0.32000160217285156,-1.1999908685684204">
        </Bone>
      </Part>
    </Brick>
    <Brick refID="12" designID="30503">
      <Part refID="12" designID="30503" materials="138">
        <Bone refID="12" transformation="-1.0000001192092896,0,0,0,1,0,0,0,-1.0000001192092896,-0.39998036623001099,0.32000136375427246,-1.19999098777771">
        </Bone>
      </Part>
    </Brick>
    <Brick refID="13" designID="3623">
      <Part refID="13" designID="3623" materials="5">
        <Bone refID="13" transformation="0,0,1.0000001192092896,0,1,0,-1.0000001192092896,0,0,-2.7999777793884277,0,1.2000110149383545">
        </Bone>
      </Part>
    </Brick>
  </Bricks>
  <RigidSystems>
    <RigidSystem>
      <Rigid refID="0" transformation="1,0,0,0,1,0,0,0,1,-2.7999992370605469,0,-1.1999893188476563" boneRefs="0,1,2,3,4,5,6,7,8,9,10,11,12,13"/>
    </RigidSystem>
  </RigidSystems>
  <GroupSystems>
    <GroupSystem>
    </GroupSystem>
  </GroupSystems>
</LXFML>
