<?xml version="1.0" encoding="UTF-8" standalone="no" ?>
<LXFML versionMajor="5" versionMinor="0">
  <Meta>
    <Application name="CCOP" versionMajor="0" versionMinor="0"/>
    <Brand name="LEGOUniverse"/>
    <BrickSet version="215"/>
  </Meta>
  <Bricks>
    <Brick refID="0" designID="4162">
      <Part refID="0" designID="4162" materials="194">
        <Bone refID="0" transformation="0.57304823398590088,0.57080185413360596,-0.58804845809936523,-0.78800857067108154,0.58085227012634277,-0.20409098267555237,0.22507381439208984,0.58034121990203857,0.7826530933380127,-2.1565523147583008,0.4952080249786377,1.9989057779312134">
        </Bone>
      </Part>
    </Brick>
    <Brick refID="1" designID="4733">
      <Part refID="1" designID="4733" materials="194">
        <Bone refID="1" transformation="0.57304823398590088,0.57080185413360596,-0.58804845809936523,-0.78800857067108154,0.58085227012634277,-0.20409096777439117,0.22507379949092865,0.58034121990203857,0.7826530933380127,0.20447100698947906,1.5358349084854126,0.5482974648475647">
        </Bone>
      </Part>
    </Brick>
    <Brick refID="2" designID="4162">
      <Part refID="2" designID="4162" materials="194">
        <Bone refID="2" transformation="0.78800857067108154,-0.58085250854492188,0.20409093797206879,0.22507390379905701,0.5803411602973938,0.78265327215194702,-0.57304841279983521,-0.57080179452896118,0.58804851770401001,-2.353208065032959,3.7196352481842041,0.1756131500005722">
        </Bone>
      </Part>
    </Brick>
    <Brick refID="3" designID="4162">
      <Part refID="3" designID="4162" materials="194">
        <Bone refID="3" transformation="-0.22507309913635254,-0.58034121990203857,-0.78265345096588135,0.573047935962677,0.57080262899398804,-0.58804821968078613,0.78800904750823975,-0.58085179328918457,0.20409107208251953,0.6226123571395874,3.7143881320953369,2.3902158737182617">
        </Bone>
      </Part>
    </Brick>
  </Bricks>
  <RigidSystems>
    <RigidSystem>
      <Rigid refID="0" transformation="0.57304823398590088,0.57080185413360596,-0.58804845809936523,-0.78800857067108154,0.58085227012634277,-0.20409098267555237,0.22507381439208984,0.58034121990203857,0.7826530933380127,-2.1565523147583008,0.44021186232566833,1.9989057779312134" boneRefs="0,1,2,3"/>
    </RigidSystem>
  </RigidSystems>
  <GroupSystems>
    <GroupSystem>
    </GroupSystem>
  </GroupSystems>
</LXFML>
