<?xml version="1.0" encoding="UTF-8" standalone="no" ?>
<LXFML versionMajor="5" versionMinor="0">
  <Meta>
    <Application name="LEGO Universe" versionMajor="0" versionMinor="0"/>
    <Brand name="LEGOUniverse"/>
    <BrickSet version="330"/>
  </Meta>
  <Bricks>
    <Brick refID="0" designID="73983">
      <Part refID="0" designID="2429" materials="312">
        <Bone refID="0" transformation="-0.69685250520706177,1.4905954230926E-005,0.71721446514129639,4.2214676795993E-005,0.99999994039535522,2.0233066607033834E-005,-0.71721446514129639,4.4376440200721845E-005,-0.69685250520706177,0.93859744071960449,0.32004764676094055,1.4978755712509155">
        </Bone>
      </Part>
      <Part refID="1" designID="2430" materials="312">
        <Bone refID="1" transformation="-0.93396329879760742,6.4286221459042281E-005,0.35736900568008423,8.5313396994024515E-005,1,4.3074116547359154E-005,-0.35736900568008423,7.0718007918912917E-005,-0.93396329879760742,-0.41503262519836426,0.32009878754615784,2.5966610908508301">
        </Bone>
      </Part>
    </Brick>
    <Brick refID="1" designID="3710">
      <Part refID="2" designID="3710" materials="312">
        <Bone refID="2" transformation="-0.69685232639312744,1.4905936041031964E-005,0.71721464395523071,4.2214760469505563E-005,1,2.0233163013472222E-005,-0.71721464395523071,4.43765711679589E-005,-0.69685232639312744,2.0535557270050049,2.3713002519798465E-005,0.35034871101379395">
        </Bone>
      </Part>
    </Brick>
    <Brick refID="2" designID="73983">
      <Part refID="3" designID="2430" materials="312">
        <Bone refID="3" transformation="-0.69685304164886475,1.490602608100744E-005,0.71721398830413818,4.2214767745463178E-005,1,2.0233101167832501E-005,-0.71721398830413818,4.4376516598276794E-005,-0.69685304164886475,2.0535633563995361,0.3200238049030304,0.3503563404083252">
        </Bone>
      </Part>
      <Part refID="4" designID="2429" materials="312">
        <Bone refID="4" transformation="-0.36050501465797424,0,0.93275725841522217,-5.1757775509031489E-005,1,0,-0.93275725841522217,-5.1757775509031489E-005,-0.36050501465797424,2.8512732982635498,0.32001420855522156,-1.1903873682022095">
        </Bone>
      </Part>
    </Brick>
    <Brick refID="3" designID="60596">
      <Part refID="5" designID="60596" materials="192">
        <Bone refID="5" transformation="0.69685256481170654,-1.4906088836141862E-005,-0.71721440553665161,4.221498966217041E-005,1,2.0233192117302679E-005,0.71721440553665161,-4.4376749428920448E-005,0.69685256481170654,0.38113307952880859,0.64005959033966064,2.071662425994873">
        </Bone>
      </Part>
    </Brick>
    <Brick refID="4" designID="2431">
      <Part refID="6" designID="2431" materials="312,0" decoration="0">
        <Bone refID="6" transformation="-0.69685250520706177,1.4905895113770384E-005,0.71721446514129639,4.2214716813759878E-005,1,2.0233188479323871E-005,-0.71721446514129639,4.4376549340086058E-005,-0.69685250520706177,2.0538151264190674,6.4000248908996582,0.3504784107208252">
        </Bone>
      </Part>
    </Brick>
    <Brick refID="5" designID="57895">
      <Part refID="7" designID="57895" materials="111">
        <Bone refID="7" transformation="0.69685268402099609,-1.4906086107657757E-005,-0.71721428632736206,4.2214982386212796E-005,1,2.0233199393260293E-005,0.71721428632736206,-4.4376745790941641E-005,0.69685268402099609,0.47437191009521484,0.64005839824676514,2.1622538566589355">
        </Bone>
      </Part>
    </Brick>
    <Brick refID="6" designID="3710">
      <Part refID="8" designID="3710" materials="312">
        <Bone refID="8" transformation="-0.93396627902984619,6.4286308770533651E-005,0.35736119747161865,8.531304047210142E-005,1,4.307459676056169E-005,-0.35736119747161865,7.0717789640184492E-005,-0.93396627902984619,-0.41499495506286621,7.3048693593591452E-005,2.5966658592224121">
        </Bone>
      </Part>
    </Brick>
    <Brick refID="7" designID="73983">
      <Part refID="9" designID="2429" materials="312">
        <Bone refID="9" transformation="-0.93396651744842529,6.4286425185855478E-005,0.35736054182052612,8.5313033196143806E-005,1,4.3074400309706107E-005,-0.35736054182052612,7.0717556809540838E-005,-0.93396651744842529,-1.9093648195266724,0.32018852233886719,3.1683745384216309">
        </Bone>
      </Part>
      <Part refID="10" designID="2430" materials="312">
        <Bone refID="10" transformation="-1,7.689838093938306E-005,0,7.689838093938306E-005,1,3.7156627513468266E-005,0,3.715663478942588E-005,-1,-3.5716803073883057,0.32029631733894348,3.6251235008239746">
        </Bone>
      </Part>
    </Brick>
    <Brick refID="8" designID="60596">
      <Part refID="11" designID="60596" materials="192">
        <Bone refID="11" transformation="0.93396812677383423,-6.4291547460015863E-005,-0.35735630989074707,8.5319516074378043E-005,1,4.3077900045318529E-005,0.35735630989074707,-7.0722853706683964E-005,0.93396812677383423,-2.6565098762512207,0.64025324583053589,3.4542555809020996">
        </Bone>
      </Part>
    </Brick>
    <Brick refID="9" designID="2431">
      <Part refID="12" designID="2431" materials="312,0" decoration="0">
        <Bone refID="12" transformation="0.933968186378479,-6.4291540184058249E-005,-0.35735616087913513,8.5319494246505201E-005,1,4.3077896407339722E-005,0.35735616087913513,-7.0722831878811121E-005,0.933968186378479,-2.6560177803039551,6.4002609252929687,3.4545073509216309">
        </Bone>
      </Part>
    </Brick>
    <Brick refID="10" designID="57895">
      <Part refID="13" designID="57895" materials="111">
        <Bone refID="13" transformation="0.933968186378479,-6.4291525632143021E-005,-0.35735616087913513,8.5319472418632358E-005,1,4.3077892769360915E-005,0.35735616087913513,-7.0722824602853507E-005,0.933968186378479,-2.6100578308105469,0.64025479555130005,3.5756735801696777">
        </Bone>
      </Part>
    </Brick>
    <Brick refID="11" designID="3710">
      <Part refID="14" designID="3710" materials="312">
        <Bone refID="14" transformation="-0.36050516366958618,0,0.93275731801986694,-5.1757779147010297E-005,1,0,-0.93275731801986694,-5.1757768233073875E-005,-0.36050516366958618,3.4280884265899658,6.3229977968148887E-005,-2.6826577186584473">
        </Bone>
      </Part>
    </Brick>
    <Brick refID="12" designID="73983">
      <Part refID="15" designID="2430" materials="312">
        <Bone refID="15" transformation="-0.36050540208816528,0,0.93275725841522217,-5.1757739129243419E-005,1,0,-0.93275725841522217,-5.1757742767222226E-005,-0.36050540208816528,3.4280726909637451,0.3200710117816925,-2.6826648712158203">
        </Bone>
      </Part>
      <Part refID="16" designID="2429" materials="312">
        <Bone refID="16" transformation="1.998344851017464E-005,0,1,0,1,0,-1,0,1.998344851017464E-005,3.5998852252960205,0.3200249969959259,-4.4001984596252441">
        </Bone>
      </Part>
    </Brick>
    <Brick refID="13" designID="60596">
      <Part refID="17" designID="60596" materials="192">
        <Bone refID="17" transformation="0.36050543189048767,0,-0.93275719881057739,-3.548491804394871E-005,1,0,0.93275725841522217,3.5484925319906324E-005,0.36050543189048767,2.5628535747528076,0.63998979330062866,-0.44426143169403076">
        </Bone>
      </Part>
    </Brick>
    <Brick refID="14" designID="2431">
      <Part refID="18" designID="2431" materials="312,0" decoration="0">
        <Bone refID="18" transformation="-0.36050531268119812,0,0.93275725841522217,-5.175775004317984E-005,1,0,-0.93275725841522217,-5.1757753681158647E-005,-0.36050531268119812,3.4278175830841064,6.4000654220581055,-2.6828558444976807">
        </Bone>
      </Part>
    </Brick>
    <Brick refID="15" designID="57895">
      <Part refID="19" designID="57895" materials="111">
        <Bone refID="19" transformation="0.36050543189048767,0,-0.93275719881057739,-3.548491804394871E-005,1,0,0.93275725841522217,3.5484925319906324E-005,0.36050543189048767,2.6840999126434326,0.64000022411346436,-0.39739406108856201">
        </Bone>
      </Part>
    </Brick>
    <Brick refID="16" designID="3023">
      <Part refID="20" designID="3023" materials="312">
        <Bone refID="20" transformation="1,0,0,0,1,0,0,0,1,-4.3712167739868164,6.4003567695617676,3.6281781196594238">
        </Bone>
      </Part>
    </Brick>
    <Brick refID="17" designID="60596">
      <Part refID="21" designID="60596" materials="192">
        <Bone refID="21" transformation="1,0,0,0,1,0,0,0,1,-5.9716453552246094,0.64048057794570923,3.6336188316345215">
        </Bone>
      </Part>
    </Brick>
    <Brick refID="18" designID="3710">
      <Part refID="22" designID="3710" materials="312">
        <Bone refID="22" transformation="1,0,0,0,1,0,0,0,1,-5.9999980926513672,2.4834869691403583E-005,3.6000304222106934">
        </Bone>
      </Part>
    </Brick>
    <Brick refID="19" designID="3023">
      <Part refID="23" designID="3023" materials="312">
        <Bone refID="23" transformation="1,0,0,0,1,0,0,0,1,-5.9716682434082031,0.32048085331916809,3.6336073875427246">
        </Bone>
      </Part>
    </Brick>
    <Brick refID="20" designID="57895">
      <Part refID="24" designID="57895" materials="111">
        <Bone refID="24" transformation="1,0,0,0,1,0,0,0,1,-5.9711875915527344,0.64048105478286743,3.7636198997497559">
        </Bone>
      </Part>
    </Brick>
    <Brick refID="21" designID="3020">
      <Part refID="25" designID="3020" materials="312">
        <Bone refID="25" transformation="0.0035339088644832373,-3.7428562791319564E-005,0.99999374151229858,7.702998846070841E-005,1,3.7156580219743773E-005,-0.99999374151229858,7.6898199040442705E-005,0.0035339116584509611,-5.9796848297119141,6.4005699157714844,1.2338460683822632">
        </Bone>
      </Part>
    </Brick>
    <Brick refID="22" designID="3747">
      <Part refID="26" designID="3747" materials="141">
        <Bone refID="26" transformation="-1,7.689838093938306E-005,0,7.689838093938306E-005,1,3.7156616599531844E-005,0,3.7156623875489458E-005,-1,-5.1796665191650391,6.7205157279968262,1.2310308218002319">
        </Bone>
      </Part>
    </Brick>
    <Brick refID="23" designID="3747">
      <Part refID="27" designID="3747" materials="141">
        <Bone refID="27" transformation="-1,7.689838093938306E-005,0,7.689838093938306E-005,1,3.715660932357423E-005,0,3.7156616599531844E-005,-1,-5.1852474212646484,7.680567741394043,-0.36892282962799072">
        </Bone>
      </Part>
    </Brick>
    <Brick refID="24" designID="3005">
      <Part refID="28" designID="3005" materials="141,0" decoration="0">
        <Bone refID="28" transformation="-0.0035347077064216137,3.7428588257171214E-005,-0.99999374151229858,7.7029879321344197E-005,0.99999994039535522,3.7156543839955702E-005,0.99999374151229858,-7.6898060797248036E-005,-0.0035347105003893375,-5.9851703643798828,8.6406373977661133,-0.36606061458587646">
        </Bone>
      </Part>
    </Brick>
    <Brick refID="25" designID="3020">
      <Part refID="29" designID="3020" materials="141">
        <Bone refID="29" transformation="0.0035336704459041357,-3.7428533687489107E-005,0.99999374151229858,7.7029973908793181E-005,1,3.7156569305807352E-005,-0.99999374151229858,7.6898199040442705E-005,0.0035336732398718596,-5.9935817718505859,9.6007184982299805,-2.7660012245178223">
        </Bone>
      </Part>
    </Brick>
    <Brick refID="26" designID="3747">
      <Part refID="30" designID="3747" materials="141">
        <Bone refID="30" transformation="-1,7.6898402767255902E-005,0,7.6898402767255902E-005,1,3.7156602047616616E-005,0,3.715660932357423E-005,-1,-5.1908226013183594,8.6406326293945313,-1.9688745737075806">
        </Bone>
      </Part>
    </Brick>
    <Brick refID="27" designID="2639">
      <Part refID="31" designID="2639" materials="141">
        <Bone refID="31" transformation="-0.0035347077064216137,3.7428580981213599E-005,-0.99999374151229858,7.7029864769428968E-005,0.99999994039535522,3.7156536563998088E-005,0.99999374151229858,-7.6898046245332807E-005,-0.0035347105003893375,-5.1964130401611328,9.6006841659545898,-3.5688300132751465">
        </Bone>
      </Part>
    </Brick>
    <Brick refID="28" designID="3747">
      <Part refID="32" designID="3747" materials="141">
        <Bone refID="32" transformation="0.0035339088644832373,-3.7428559153340757E-005,0.99999374151229858,7.7029952080920339E-005,1,3.7156576581764966E-005,-0.99999374151229858,7.6898162660654634E-005,0.0035339116584509611,-2.0049898624420166,8.6405353546142578,-5.9801554679870605">
        </Bone>
      </Part>
    </Brick>
    <Brick refID="29" designID="3747">
      <Part refID="33" designID="3747" materials="141">
        <Bone refID="33" transformation="0.0035339088644832373,-3.7428573705255985E-005,0.99999374151229858,7.7029973908793181E-005,1,3.7156591133680195E-005,-0.99999374151229858,7.6898184488527477E-005,0.0035339116584509611,-0.40507340431213379,7.6804132461547852,-5.985846996307373">
        </Bone>
      </Part>
    </Brick>
    <Brick refID="30" designID="3747">
      <Part refID="34" designID="3747" materials="141">
        <Bone refID="34" transformation="0.0035339088644832373,-3.7428570067277178E-005,0.99999374151229858,7.7029966632835567E-005,1,3.7156587495701388E-005,-0.99999374151229858,7.6898177212569863E-005,0.0035339116584509611,1.1948525905609131,6.7202987670898437,-5.9915499687194824">
        </Bone>
      </Part>
    </Brick>
    <Brick refID="31" designID="3003">
      <Part refID="35" designID="3003" materials="141,0,0" decoration="0,0">
        <Bone refID="35" transformation="-0.0035348269157111645,3.7428588257171214E-005,-0.99999374151229858,7.7029886597301811E-005,0.99999994039535522,3.7156532926019281E-005,0.99999374151229858,-7.689806807320565E-005,-0.0035348297096788883,1.197772741317749,7.6802620887756348,-5.1915163993835449">
        </Bone>
      </Part>
    </Brick>
    <Brick refID="32" designID="58846">
      <Part refID="36" designID="58846" materials="141">
        <Bone refID="36" transformation="1,0,0,0,1,0,0,0,1,-5.1851863861083984,8.6405668258666992,-0.36887991428375244">
        </Bone>
      </Part>
    </Brick>
    <Brick refID="33" designID="58846">
      <Part refID="37" designID="58846" materials="141">
        <Bone refID="37" transformation="1,0,0,0,1,0,0,0,1,-3.5796186923980713,7.6803817749023437,1.2254117727279663">
        </Bone>
      </Part>
    </Brick>
    <Brick refID="34" designID="58846">
      <Part refID="38" designID="58846" materials="141">
        <Bone refID="38" transformation="1,0,0,0,1,0,0,0,1,-1.974041223526001,6.7201991081237793,2.8197150230407715">
        </Bone>
      </Part>
    </Brick>
    <Brick refID="35" designID="3747">
      <Part refID="39" designID="3747" materials="141">
        <Bone refID="39" transformation="0.0035339088644832373,-3.7428533687489107E-005,0.99999374151229858,7.7029944804962724E-005,1,3.7156551115913317E-005,-0.99999374151229858,7.689815538469702E-005,0.0035339116584509611,2.0004823207855225,6.7201614379882813,-4.394381046295166">
        </Bone>
      </Part>
    </Brick>
    <Brick refID="36" designID="3747">
      <Part refID="40" designID="3747" materials="141">
        <Bone refID="40" transformation="0.0035341472830623388,-3.7428566429298371E-005,0.99999374151229858,7.7029966632835567E-005,1,3.7156565667828545E-005,-0.99999374151229858,7.6898169936612248E-005,0.0035341500770300627,0.40060210227966309,7.6802935600280762,-4.3886818885803223">
        </Bone>
      </Part>
    </Brick>
    <Brick refID="37" designID="3747">
      <Part refID="41" designID="3747" materials="141">
        <Bone refID="41" transformation="0.0035345049109309912,-3.7428591895150021E-005,0.99999374151229858,7.7029930253047496E-005,1,3.7156562029849738E-005,-0.99999374151229858,7.6898119004908949E-005,0.003534507704898715,-1.1993391513824463,8.6404094696044922,-4.3829941749572754">
        </Bone>
      </Part>
    </Brick>
    <Brick refID="38" designID="3747">
      <Part refID="42" designID="3747" materials="141">
        <Bone refID="42" transformation="-1,7.6898366387467831E-005,0,7.6898366387467831E-005,1,3.7156631151447073E-005,0,3.7156638427404687E-005,-1,-3.5768532752990723,6.720360279083252,2.0253767967224121">
        </Bone>
      </Part>
    </Brick>
    <Brick refID="39" designID="3747">
      <Part refID="43" designID="3747" materials="141">
        <Bone refID="43" transformation="-1,7.6898366387467831E-005,0,7.6898366387467831E-005,1,3.7156627513468266E-005,0,3.715663478942588E-005,-1,-3.5824415683746338,7.6804122924804687,0.42542397975921631">
        </Bone>
      </Part>
    </Brick>
    <Brick refID="40" designID="3747">
      <Part refID="44" designID="3747" materials="141">
        <Bone refID="44" transformation="-1,7.6898344559594989E-005,0,7.6898344559594989E-005,1,3.7156663893256336E-005,0,3.7156671169213951E-005,-1,-3.5880224704742432,8.6404809951782227,-1.1745373010635376">
        </Bone>
      </Part>
    </Brick>
    <Brick refID="41" designID="3003">
      <Part refID="45" designID="3003" materials="141,0,0" decoration="0,0">
        <Bone refID="45" transformation="-0.0035348269157111645,3.7428595533128828E-005,-0.99999374151229858,7.7029893873259425E-005,0.99999994039535522,3.7156540201976895E-005,0.99999374151229858,-7.6898075349163264E-005,-0.0035348297096788883,-5.1796035766601563,7.6805076599121094,1.2310765981674194">
        </Bone>
      </Part>
    </Brick>
    <Brick refID="42" designID="4286">
      <Part refID="46" designID="4286" materials="141">
        <Bone refID="46" transformation="1,0,0,0,1,0,0,0,1,-5.9823513031005859,8.6406068801879883,0.43394219875335693">
        </Bone>
      </Part>
    </Brick>
    <Brick refID="43" designID="4286">
      <Part refID="47" designID="4286" materials="141">
        <Bone refID="47" transformation="-0.0035348269157111645,3.7428591895150021E-005,-0.99999374151229858,7.7029893873259425E-005,0.99999994039535522,3.7156540201976895E-005,0.99999374151229858,-7.689806807320565E-005,-0.0035348297096788883,0.39499068260192871,8.6403522491455078,-5.9886345863342285">
        </Bone>
      </Part>
    </Brick>
    <Brick refID="44" designID="3020">
      <Part refID="48" designID="3020" materials="312">
        <Bone refID="48" transformation="1,0,0,0,1,0,0,0,1,1.1998612880706787,6.4000248908996582,-5.2001681327819824">
        </Bone>
      </Part>
    </Brick>
    <Brick refID="45" designID="60596">
      <Part refID="49" designID="60596" materials="192">
        <Bone refID="49" transformation="-2.0428500647540204E-005,0,-1,0,0.99999994039535522,0,1,0,-2.0428500647540204E-005,3.5999009609222412,0.64002472162246704,-3.6001954078674316">
        </Bone>
      </Part>
    </Brick>
    <Brick refID="46" designID="3710">
      <Part refID="50" designID="3710" materials="312">
        <Bone refID="50" transformation="-2.0428500647540204E-005,0,-1,0,0.99999994039535522,0,1,0,-2.0428500647540204E-005,3.5999352931976318,2.4834869691403583E-005,-3.6001992225646973">
        </Bone>
      </Part>
    </Brick>
    <Brick refID="47" designID="3023">
      <Part refID="51" designID="3023" materials="312">
        <Bone refID="51" transformation="-2.0428500647540204E-005,0,-1,0,0.99999994039535522,0,1,0,-2.0428500647540204E-005,3.5998852252960205,0.3200249969959259,-5.2002053260803223">
        </Bone>
      </Part>
    </Brick>
    <Brick refID="48" designID="3023">
      <Part refID="52" designID="3023" materials="312">
        <Bone refID="52" transformation="1.9745029931073077E-005,0,1,0,1,0,-1,0,1.9745029931073077E-005,3.5999162197113037,6.4000244140625,-4.4002060890197754">
        </Bone>
      </Part>
    </Brick>
    <Brick refID="49" designID="3297">
      <Part refID="53" designID="3297" materials="141">
        <Bone refID="53" transformation="-0.0035347077064216137,3.7428584619192407E-005,-0.99999374151229858,7.7029893873259425E-005,0.99999994039535522,3.7156540201976895E-005,0.99999374151229858,-7.6898075349163264E-005,-0.0035347105003893375,3.6061680316925049,6.7199864387512207,-2.8000435829162598">
        </Bone>
      </Part>
    </Brick>
    <Brick refID="50" designID="4161">
      <Part refID="54" designID="4161" materials="141">
        <Bone refID="54" transformation="-0.0035344692878425121,3.7428599171107635E-005,-0.99999374151229858,7.7029893873259425E-005,0.99999994039535522,3.7156572943786159E-005,0.99999374151229858,-7.6898082625120878E-005,-0.003534472081810236,2.0005662441253662,7.6801776885986328,-4.3943400382995605">
        </Bone>
      </Part>
    </Brick>
    <Brick refID="51" designID="3003">
      <Part refID="55" designID="3003" materials="141,0,0" decoration="0,0">
        <Bone refID="55" transformation="-0.0035344692878425121,3.7428602809086442E-005,-0.99999374151229858,7.7029893873259425E-005,0.99999994039535522,3.7156576581764966E-005,0.99999374151229858,-7.6898082625120878E-005,-0.003534472081810236,2.7976548671722412,6.7201385498046875,-5.1972002983093262">
        </Bone>
      </Part>
    </Brick>
    <Brick refID="52" designID="57895">
      <Part refID="56" designID="57895" materials="111">
        <Bone refID="56" transformation="-2.0428500647540204E-005,0,-1,0,0.99999994039535522,0,1,0,-2.0428500647540204E-005,3.7299468517303467,0.64002948999404907,-3.6001982688903809">
        </Bone>
      </Part>
    </Brick>
    <Brick refID="53" designID="3005">
      <Part refID="57" designID="3005" materials="141,0" decoration="0">
        <Bone refID="57" transformation="-0.0035345884971320629,3.7428573705255985E-005,-0.99999374151229858,7.7029864769428968E-005,0.99999994039535522,3.7156540201976895E-005,0.99999374151229858,-7.6898053521290421E-005,-0.0035345912910997868,-0.40500116348266602,8.6404142379760742,-5.985811710357666">
        </Bone>
      </Part>
    </Brick>
    <Brick refID="54" designID="3020">
      <Part refID="58" designID="3020" materials="141">
        <Bone refID="58" transformation="1,0,0,0,1,0,0,0,1,-2.8020768165588379,9.6005687713623047,-5.1772980690002441">
        </Bone>
      </Part>
    </Brick>
    <Brick refID="55" designID="3004">
      <Part refID="59" designID="3004" materials="141,0,0,0" decoration="0,0,0">
        <Bone refID="59" transformation="-0.0035345884971320629,3.7428566429298371E-005,-0.99999374151229858,7.7029864769428968E-005,0.99999994039535522,3.7156532926019281E-005,0.99999374151229858,-7.6898053521290421E-005,-0.0035345912910997868,-1.2021658420562744,8.6404523849487305,-5.182990550994873">
        </Bone>
      </Part>
    </Brick>
    <Brick refID="56" designID="3004">
      <Part refID="60" designID="3004" materials="141,0,0,0" decoration="0,0,0">
        <Bone refID="60" transformation="1,0,0,0,1,0,0,0,1,-5.9879970550537109,8.6406583786010742,-1.166049599647522">
        </Bone>
      </Part>
    </Brick>
    <Brick refID="57" designID="3003">
      <Part refID="61" designID="3003" materials="141,0,0" decoration="0,0">
        <Bone refID="61" transformation="-0.0035348269157111645,3.7428599171107635E-005,-0.99999374151229858,7.7029893873259425E-005,0.99999994039535522,3.7156543839955702E-005,0.99999374151229858,-7.689806807320565E-005,-0.0035348297096788883,-5.1740245819091797,6.7204475402832031,2.8310294151306152">
        </Bone>
      </Part>
    </Brick>
    <Brick refID="58" designID="4161">
      <Part refID="62" designID="4161" materials="141">
        <Bone refID="62" transformation="1,0,0,0,1,0,0,0,1,-5.9767665863037109,7.680546760559082,2.0338988304138184">
        </Bone>
      </Part>
    </Brick>
    <Brick refID="59" designID="3297">
      <Part refID="63" designID="3297" materials="141">
        <Bone refID="63" transformation="1,0,0,0,1,0,0,0,1,-5.1711788177490234,6.7204256057739258,3.6310172080993652">
        </Bone>
      </Part>
    </Brick>
    <Brick refID="60" designID="6106">
      <Part refID="64" designID="6106" materials="141">
        <Bone refID="64" transformation="1,0,0,0,1,0,0,0,1,-4.3992595672607422,9.6006546020507812,-4.3716492652893066">
        </Bone>
      </Part>
    </Brick>
    <Brick refID="61" designID="87079">
      <Part refID="65" designID="87079" materials="141">
        <Bone refID="65" transformation="-0.0035343500785529613,3.7428591895150021E-005,-0.99999374151229858,7.7029886597301811E-005,0.99999994039535522,3.7156572943786159E-005,0.99999374151229858,-7.6898082625120878E-005,-0.0035343528725206852,-0.39643311500549316,9.9203166961669922,-3.5857796669006348">
        </Bone>
      </Part>
    </Brick>
    <Brick refID="62" designID="87079">
      <Part refID="66" designID="87079" materials="141">
        <Bone refID="66" transformation="-0.0035347077064216137,3.7428584619192407E-005,-0.99999374151229858,7.7029879321344197E-005,0.99999994039535522,3.7156540201976895E-005,0.99999374151229858,-7.6898060797248036E-005,-0.0035347105003893375,-1.9964239597320557,9.9204387664794922,-3.5801224708557129">
        </Bone>
      </Part>
    </Brick>
    <Brick refID="63" designID="87079">
      <Part refID="67" designID="87079" materials="141">
        <Bone refID="67" transformation="-0.0035343500785529613,3.7428584619192407E-005,-0.99999374151229858,7.7029879321344197E-005,0.99999994039535522,3.7156565667828545E-005,0.99999374151229858,-7.6898075349163264E-005,-0.0035343528725206852,-3.5964033603668213,9.920562744140625,-3.5744695663452148">
        </Bone>
      </Part>
    </Brick>
    <Brick refID="64" designID="87079">
      <Part refID="68" designID="87079" materials="141">
        <Bone refID="68" transformation="-0.0035347077064216137,3.7428577343234792E-005,-0.99999374151229858,7.7029864769428968E-005,0.99999994039535522,3.7156532926019281E-005,0.99999374151229858,-7.6898046245332807E-005,-0.0035347105003893375,-5.1963863372802734,9.9206838607788086,-3.568819522857666">
        </Bone>
      </Part>
    </Brick>
    <Brick refID="65" designID="87079">
      <Part refID="69" designID="87079" materials="141">
        <Bone refID="69" transformation="1,0,0,0,1,0,0,0,1,-5.9907379150390625,9.9206867218017578,-1.9660021066665649">
        </Bone>
      </Part>
    </Brick>
    <Brick refID="66" designID="87079">
      <Part refID="70" designID="87079" materials="141">
        <Bone refID="70" transformation="1,0,0,0,1,0,0,0,1,-5.9850864410400391,9.9206275939941406,-0.36600744724273682">
        </Bone>
      </Part>
    </Brick>
    <Brick refID="67" designID="3068">
      <Part refID="71" designID="3068" materials="141,0" decoration="0">
        <Bone refID="71" transformation="-0.0035343500785529613,3.7428591895150021E-005,-0.99999374151229858,7.7029886597301811E-005,0.99999994039535522,3.7156572943786159E-005,0.99999374151229858,-7.6898082625120878E-005,-0.0035343528725206852,-1.9907629489898682,9.920379638671875,-1.9801317453384399">
        </Bone>
      </Part>
    </Brick>
    <Brick refID="68" designID="3070">
      <Part refID="72" designID="3070" materials="141,0" decoration="0">
        <Bone refID="72" transformation="-0.0035343500785529613,3.7428591895150021E-005,-0.99999374151229858,7.7029886597301811E-005,0.99999994039535522,3.7156572943786159E-005,0.99999374151229858,-7.6898082625120878E-005,-0.0035343528725206852,-2.787935733795166,9.9204111099243164,-1.1773134469985962">
        </Bone>
      </Part>
    </Brick>
    <Brick refID="69" designID="3070">
      <Part refID="73" designID="3070" materials="141,0" decoration="0">
        <Bone refID="73" transformation="-0.0035347077064216137,3.7428584619192407E-005,-0.99999374151229858,7.7029879321344197E-005,0.99999994039535522,3.7156540201976895E-005,0.99999374151229858,-7.6898060797248036E-005,-0.0035347105003893375,-1.1935944557189941,9.9203481674194336,-2.7829575538635254">
        </Bone>
      </Part>
    </Brick>
    <Brick refID="70" designID="3069">
      <Part refID="74" designID="3069" materials="141,0" decoration="0">
        <Bone refID="74" transformation="-0.0035348269157111645,3.7428602809086442E-005,-0.99999374151229858,7.7029886597301811E-005,0.99999994039535522,3.715654747793451E-005,0.99999374151229858,-7.689806807320565E-005,-0.0035348297096788883,0.39792418479919434,9.6003150939941406,-5.188387393951416">
        </Bone>
      </Part>
    </Brick>
    <Brick refID="71" designID="3069">
      <Part refID="75" designID="3069" materials="141,0" decoration="0">
        <Bone refID="75" transformation="1,0,0,0,1,0,0,0,1,-5.9825000762939453,9.6005992889404297,0.43398034572601318">
        </Bone>
      </Part>
    </Brick>
    <Brick refID="72" designID="4286">
      <Part refID="76" designID="4286" materials="141">
        <Bone refID="76" transformation="1,0,0,0,1,0,0,0,1,-5.9711847305297852,6.7204790115356445,3.6338162422180176">
        </Bone>
      </Part>
    </Brick>
    <Brick refID="73" designID="4286">
      <Part refID="77" designID="4286" materials="141">
        <Bone refID="77" transformation="-0.0035139655228704214,3.7428097130032256E-005,-0.99999380111694336,7.7030199463479221E-005,0.99999994039535522,3.7157646147534251E-005,0.99999380111694336,-7.6899159466847777E-005,-0.0035139683168381453,3.5949714183807373,6.7201070785522461,-5.9998126029968262">
        </Bone>
      </Part>
    </Brick>
  </Bricks>
  <RigidSystems>
    <RigidSystem>
      <Rigid refID="0" transformation="-0.69685250520706177,1.4905954230926E-005,0.71721446514129639,4.2214676795993E-005,0.99999994039535522,2.0233066607033834E-005,-0.71721446514129639,4.4376440200721845E-005,-0.69685250520706177,4.1385974884033203,0.32004761695861816,3.0978755950927734" boneRefs="0,2,3,5,6,7"/>
      <Rigid refID="1" transformation="-0.93396329879760742,6.4286221459042281E-005,0.35736900568008423,8.5313396994024515E-005,1,4.3074116547359154E-005,-0.35736900568008423,7.0718007918912917E-005,-0.93396329879760742,2.7849674224853516,0.32009875774383545,4.1966609954833984" boneRefs="1,8,9,11,12,13"/>
      <Rigid refID="2" transformation="-0.36050501465797424,0,0.93275725841522217,-5.1757775509031489E-005,1,0,-0.93275725841522217,-5.1757775509031489E-005,-0.36050501465797424,6.0512733459472656,0.32001417875289917,0.40961265563964844" boneRefs="4,14,15,17,18,19"/>
      <Rigid refID="3" transformation="1,0,0,0,1,0,0,0,1,-1.1712169647216797,6.4003567695617676,5.2281780242919922" boneRefs="20,21,10,22,23,24,25,26,27,28,29,30,31,32,33,34,35,36,37,38,39,40,41,42,43,44,45,46,47,48,49,16,50,51,52,53,54,55,56,57,58,59,60,61,62,63,64,65,66,67,68,69,70,71,72,73,74,75"/>
      <Rigid refID="4" transformation="1,0,0,0,1,0,0,0,1,-2.7711849212646484,6.7204790115356445,5.2338161468505859" boneRefs="76"/>
      <Rigid refID="5" transformation="-0.0035139655228704214,3.7428097130032256E-005,-0.99999380111694336,7.7030199463479221E-005,0.99999994039535522,3.7157646147534251E-005,0.99999380111694336,-7.6899159466847777E-005,-0.0035139683168381453,6.7949714660644531,6.7201070785522461,-4.3998126983642578" boneRefs="77"/>
      <Joint type="hinge">
        <RigidRef rigidRef="1" a="0,-1,0" z="-1,0,0" t="-0.40000000596046448,0.15999999642372131,0.40000000596046448"/>
        <RigidRef rigidRef="0" a="0,-1,0" z="-1,0,0" t="1.2000000476837158,0.15999999642372131,0.40000000596046448"/>
      </Joint>
      <Joint type="hinge">
        <RigidRef rigidRef="0" a="0,-1,0" z="-1,0,0" t="-1.9999843835830688,0.16000001132488251,0.3999817967414856"/>
        <RigidRef rigidRef="2" a="0,-1,0" z="-1,0,0" t="1.2000000476837158,0.15999999642372131,0.40000000596046448"/>
      </Joint>
      <Joint type="hinge">
        <RigidRef rigidRef="3" a="-7.689838093938306E-005,-1,-3.7156627513468266E-005" z="1,-7.689838093938306E-005,0" t="1.1995489597320557,-5.9200763702392578,-0.40304872393608093"/>
        <RigidRef rigidRef="1" a="0,-1,0" z="-1,0,0" t="2.7999603748321533,0.15998686850070953,0.40007954835891724"/>
      </Joint>
      <Joint type="hinge">
        <RigidRef rigidRef="3" a="0,-1,0" z="-1.998344851017464E-005,0,-1" t="7.5711259841918945,-5.9203319549560547,-6.8283686637878418"/>
        <RigidRef rigidRef="2" a="0,-1,0" z="-1,0,0" t="-1.9998722076416016,0.16004134714603424,0.39995944499969482"/>
      </Joint>
      <Joint type="hinge">
        <RigidRef rigidRef="5" a="0,1,0" z="0,0,1" t="0,0,0"/>
        <RigidRef rigidRef="3" a="0,1,0" z="0,0,1" t="7.9710779190063477,0.31966811418533325,-9.6283464431762695"/>
      </Joint>
      <Joint type="hinge">
        <RigidRef rigidRef="4" a="0,1,0" z="0,0,1" t="0,0,0"/>
        <RigidRef rigidRef="3" a="7.702998846070841E-005,1,3.7156580219743773E-005" z="-0.99999374151229858,7.6898199040442705E-005,0.0035339116584509611" t="-1.5999619960784912,0.32012331485748291,0.0056647947058081627"/>
      </Joint>
    </RigidSystem>
  </RigidSystems>
  <GroupSystems>
    <GroupSystem>
    </GroupSystem>
  </GroupSystems>
</LXFML>
