<?xml version="1.0" encoding="UTF-8" standalone="no" ?>
<LXFML versionMajor="5" versionMinor="0">
  <Meta>
    <Application name="CCOP" versionMajor="0" versionMinor="0"/>
    <Brand name="LEGOUniverse"/>
    <BrickSet version="215"/>
  </Meta>
  <Bricks>
    <Brick refID="0" designID="48336">
      <Part refID="0" designID="48336" materials="199">
        <Bone refID="0" transformation="0.99999994039535522,0,0,0,0,1,0,-1,0,2.3999996185302734,2.0617291927337646,0">
        </Bone>
      </Part>
    </Brick>
    <Brick refID="1" designID="4162">
      <Part refID="1" designID="4162" materials="24">
        <Bone refID="1" transformation="0.99999994039535522,0,0,0,0,1,0,-1,0,-2.4000003337860107,2.0617291927337646,0.31999999284744263">
        </Bone>
      </Part>
    </Brick>
    <Brick refID="2" designID="48336">
      <Part refID="2" designID="48336" materials="199">
        <Bone refID="2" transformation="0.99999994039535522,0,0,0,0,1,0,-1,0,-2.4000003337860107,2.0617291927337646,0">
        </Bone>
      </Part>
    </Brick>
    <Brick refID="3" designID="3710">
      <Part refID="3" designID="3710" materials="199">
        <Bone refID="3" transformation="0.99999994039535522,0,0,0,0,1,0,-1,0,-0.80000019073486328,2.0617291927337646,0">
        </Bone>
      </Part>
    </Brick>
    <Brick refID="4" designID="48729">
      <Part refID="4" designID="48729" materials="199">
        <Bone refID="4" transformation="0,0.38268321752548218,0.92387968301773071,0,0.92387974262237549,-0.38268321752548218,-1.0000001192092896,0,0,2.7999992370605469,0.15307328104972839,0.70922005176544189">
        </Bone>
      </Part>
    </Brick>
    <Brick refID="5" designID="48729">
      <Part refID="5" designID="48729" materials="199">
        <Bone refID="5" transformation="0,-0.38268354535102844,0.92387956380844116,0,0.92387962341308594,0.38268354535102844,-1.0000001192092896,0,0,3.1999993324279785,0.15307343006134033,-0.20922023057937622">
        </Bone>
      </Part>
    </Brick>
    <Brick refID="6" designID="48729">
      <Part refID="6" designID="48729" materials="199">
        <Bone refID="6" transformation="0,-0.38268354535102844,0.92387956380844116,0,0.92387962341308594,0.38268354535102844,-1.0000001192092896,0,0,-2,0.15307343006134033,-0.20922023057937622">
        </Bone>
      </Part>
    </Brick>
    <Brick refID="7" designID="48729">
      <Part refID="7" designID="48729" materials="199">
        <Bone refID="7" transformation="0,0.38268321752548218,0.92387968301773071,0,0.92387974262237549,-0.38268321752548218,-1.0000001192092896,0,0,-2.4000000953674316,0.15307328104972839,0.70922005176544189">
        </Bone>
      </Part>
    </Brick>
  </Bricks>
  <RigidSystems>
    <RigidSystem>
      <Rigid refID="0" transformation="0.99999994039535522,0,0,0,0,1,0,-1,0,4.7999997138977051,1.940000057220459,0" boneRefs="0,1,2,3"/>
      <Rigid refID="1" transformation="0,0.38268321752548218,0.92387968301773071,0,0.92387974262237549,-0.38268321752548218,-1.0000001192092896,0,0,5.1999993324279785,0.031344249844551086,0.70922005176544189" boneRefs="4"/>
      <Rigid refID="2" transformation="0,-0.38268354535102844,0.92387956380844116,0,0.92387962341308594,0.38268354535102844,-1.0000001192092896,0,0,5.5999994277954102,0.031344395130872726,-0.20922023057937622" boneRefs="5"/>
      <Rigid refID="3" transformation="0,-0.38268354535102844,0.92387956380844116,0,0.92387962341308594,0.38268354535102844,-1.0000001192092896,0,0,0.40000000596046448,0.031344395130872726,-0.20922023057937622" boneRefs="6"/>
      <Rigid refID="4" transformation="0,0.38268321752548218,0.92387968301773071,0,0.92387974262237549,-0.38268321752548218,-1.0000001192092896,0,0,0,0.031344249844551086,0.70922005176544189" boneRefs="7"/>
      <Joint type="hinge">
        <RigidRef rigidRef="1" a="0,0,1.0000001192092896" z="1.0000001192092896,0,0" t="0,1.2039999961853027,0.15999999642372131"/>
        <RigidRef rigidRef="0" a="-1.0000003576278687,0,0" z="0,0.92387980222702026,-0.38268324732780457" t="0.23999941349029541,0.24846954643726349,0.79630458354949951"/>
      </Joint>
      <Joint type="hinge">
        <RigidRef rigidRef="2" a="0,0,1.0000001192092896" z="1.0000001192092896,0,0" t="0,1.2039999961853027,0.15999999642372131"/>
        <RigidRef rigidRef="0" a="-1.0000003576278687,0,0" z="0,0.92387968301773071,0.38268360495567322" t="0.64000004529953003,0.25153079628944397,0.79630458354949951"/>
      </Joint>
      <Joint type="hinge">
        <RigidRef rigidRef="3" a="0,0,1.0000001192092896" z="1.0000001192092896,0,0" t="0,1.2039999961853027,0.15999999642372131"/>
        <RigidRef rigidRef="0" a="-1.0000003576278687,0,0" z="0,0.92387968301773071,0.38268360495567322" t="-4.559999942779541,0.25153079628944397,0.79630458354949951"/>
      </Joint>
      <Joint type="hinge">
        <RigidRef rigidRef="4" a="0,0,1.0000001192092896" z="1.0000001192092896,0,0" t="0,1.2039999961853027,0.15999999642372131"/>
        <RigidRef rigidRef="0" a="-1.0000003576278687,0,0" z="0,0.92387980222702026,-0.38268324732780457" t="-4.9600000381469727,0.24846954643726349,0.79630458354949951"/>
      </Joint>
    </RigidSystem>
  </RigidSystems>
  <GroupSystems>
    <GroupSystem>
    </GroupSystem>
  </GroupSystems>
</LXFML>
