<?xml version="1.0" encoding="UTF-8" standalone="no" ?>
<LXFML versionMajor="5" versionMinor="0">
  <Meta>
    <Application name="LEGO Universe" versionMajor="0" versionMinor="0"/>
    <Brand name="LEGOUniverse"/>
    <BrickSet version="330"/>
  </Meta>
  <Bricks>
    <Brick refID="0" designID="53989">
      <Part refID="0" designID="53989" materials="154">
        <Bone refID="0" transformation="-1,0,0,0,-0.87779748439788818,-0.47903192043304443,0,-0.47903192043304443,0.87779784202575684,1.2000010013580322,3.1119484901428223,-0.50422364473342896">
        </Bone>
      </Part>
    </Brick>
    <Brick refID="1" designID="44301">
      <Part refID="1" designID="44301" materials="26">
        <Bone refID="1" transformation="0,0.44231340289115906,0.89686065912246704,1.0000001192092896,0,0,0,0.89686065912246704,-0.44231331348419189,1.6129953861236572,2.561525821685791,-2.1743972301483154">
        </Bone>
      </Part>
    </Brick>
    <Brick refID="2" designID="4733">
      <Part refID="2" designID="4733" materials="26">
        <Bone refID="2" transformation="0,0.71628201007843018,-0.69781094789505005,0,-0.69781088829040527,-0.71628201007843018,-1,0,0,1.2129919528961182,3.1292004585266113,-1.4145300388336182">
        </Bone>
      </Part>
    </Brick>
    <Brick refID="3" designID="44301">
      <Part refID="3" designID="44301" materials="26">
        <Bone refID="3" transformation="0,0.44231259822845459,0.89686107635498047,-1.0000001192092896,0,0,0,-0.89686107635498047,0.44231268763542175,0.81299883127212524,2.5614931583404541,-2.1744024753570557">
        </Bone>
      </Part>
    </Brick>
    <Brick refID="4" designID="3069">
      <Part refID="4" designID="3069" materials="26,0" decoration="0">
        <Bone refID="4" transformation="0,-0.69780963659286499,-0.71628332138061523,0,0.71628344058990479,-0.69780963659286499,1,0,0,1.2129926681518555,3.3042213916778564,-1.8081076145172119">
        </Bone>
      </Part>
    </Brick>
    <Brick refID="5" designID="3070">
      <Part refID="5" designID="3070" materials="26,0" decoration="0">
        <Bone refID="5" transformation="1,0,0,0,-0.71628326177597046,0.69780963659286499,0,-0.69780963659286499,-0.71628326177597046,1.2130005359649658,1.7143685817718506,-1.376455545425415">
        </Bone>
      </Part>
    </Brick>
    <Brick refID="6" designID="60478">
      <Part refID="6" designID="60478" materials="26">
        <Bone refID="6" transformation="0,0.69780713319778442,0.71628564596176147,0,-0.71628570556640625,0.69780713319778442,1,0,0,1.2130053043365479,1.9435877799987793,-1.5997723340988159">
        </Bone>
      </Part>
    </Brick>
    <Brick refID="7" designID="60478">
      <Part refID="7" designID="60478" materials="26">
        <Bone refID="7" transformation="0,-0.69780713319778442,-0.7162858247756958,0,-0.7162858247756958,0.69780713319778442,-1,0,0,1.2130041122436523,2.7310416698455811,-1.250044584274292">
        </Bone>
      </Part>
    </Brick>
    <Brick refID="8" designID="3069">
      <Part refID="8" designID="3069" materials="26,0" decoration="0">
        <Bone refID="8" transformation="0,0.44231367111206055,0.89686053991317749,1.0000001192092896,0,0,0,0.89686053991317749,-0.442313551902771,1.9329941272735596,2.561403751373291,-2.1745893955230713">
        </Bone>
      </Part>
    </Brick>
    <Brick refID="9" designID="3069">
      <Part refID="9" designID="3069" materials="26,0" decoration="0">
        <Bone refID="9" transformation="0,0.44231364130973816,0.89686053991317749,-1.0000001192092896,0,0,0,-0.89686059951782227,0.44231376051902771,0.49299150705337524,2.5614078044891357,-2.1746008396148682">
        </Bone>
      </Part>
    </Brick>
    <Brick refID="10" designID="3032">
      <Part refID="10" designID="3032" materials="5">
        <Bone refID="10" transformation="1,0,0,0,1,0,0,0,1,-1.9999988079071045,0,2.8000023365020752">
        </Bone>
      </Part>
    </Brick>
    <Brick refID="11" designID="3021">
      <Part refID="11" designID="3021" materials="138">
        <Bone refID="11" transformation="0,0,1,0,0.99999994039535522,0,-1,0,0,0.40000170469284058,0.31999999284744263,-1.2000129222869873">
        </Bone>
      </Part>
    </Brick>
    <Brick refID="12" designID="3032">
      <Part refID="12" designID="3032" materials="5">
        <Bone refID="12" transformation="1,0,0,0,1,0,0,0,1,-1.9999988079071045,0,-1.1999976634979248">
        </Bone>
      </Part>
    </Brick>
    <Brick refID="13" designID="41770">
      <Part refID="13" designID="41770" materials="138">
        <Bone refID="13" transformation="0,0,1,0,0.99999994039535522,0,-1,0,0,-1.1999995708465576,0.31999999284744263,-3.5999991893768311">
        </Bone>
      </Part>
    </Brick>
    <Brick refID="14" designID="3741">
      <Part refID="14" designID="3741" materials="108">
        <Bone refID="14" transformation="1,0,0,0,1,0,0,0,1,-1.200000524520874,0.63999998569488525,-2.7999999523162842">
        </Bone>
      </Part>
    </Brick>
    <Brick refID="15" designID="3024">
      <Part refID="15" designID="3024" materials="138">
        <Bone refID="15" transformation="1,0,0,0,1,0,0,0,1,-0.39999848604202271,0.31999999284744263,-1.1999976634979248">
        </Bone>
      </Part>
    </Brick>
    <Brick refID="16" designID="30357">
      <Part refID="16" designID="30357" materials="138">
        <Bone refID="16" transformation="0,0,-1,0,0.99999994039535522,0,1,0,0,-0.39999848604202271,0.31999999284744263,-2.0000007152557373">
        </Bone>
      </Part>
    </Brick>
    <Brick refID="17" designID="2555">
      <Part refID="17" designID="2555" materials="5">
        <Bone refID="17" transformation="0,0,1,0,0.99999994039535522,0,-1,0,0,1.2000019550323486,0.63999998569488525,-1.9999969005584717">
        </Bone>
      </Part>
    </Brick>
    <Brick refID="18" designID="3666">
      <Part refID="18" designID="3666" materials="5">
        <Bone refID="18" transformation="1,0,0,0,1,0,0,0,1,-1.9999988079071045,0,-0.40000230073928833">
        </Bone>
      </Part>
    </Brick>
    <Brick refID="19" designID="30357">
      <Part refID="19" designID="30357" materials="138">
        <Bone refID="19" transformation="0,0,1,0,0.99999994039535522,0,-1,0,0,-0.39999848604202271,0.31999999284744263,-0.40000993013381958">
        </Bone>
      </Part>
    </Brick>
    <Brick refID="20" designID="3062">
      <Part refID="20" designID="3062" materials="151">
        <Bone refID="20" transformation="1,0,0,0,1,0,0,0,1,-1.1999986171722412,0.63999998569488525,-0.40000993013381958">
        </Bone>
      </Part>
    </Brick>
    <Brick refID="21" designID="71075">
      <Part refID="21" designID="71075" materials="151">
        <Bone refID="21" transformation="1,0,0,0,1,0,0,0,1,-1.1999986171722412,1.5999999046325684,-0.40000993013381958">
        </Bone>
      </Part>
    </Brick>
    <Brick refID="22" designID="47905">
      <Part refID="22" designID="47905" materials="151">
        <Bone refID="22" transformation="0,0,1,0,0.99999994039535522,0,-1,0,0,-1.1999986171722412,3.1999995708465576,-0.40000993013381958">
        </Bone>
      </Part>
    </Brick>
    <Brick refID="23" designID="71076">
      <Part refID="23" designID="71076" materials="151">
        <Bone refID="23" transformation="0,1.0000001192092896,0,0,0,-1.0000001192092896,-1.0000001192092896,0,0,-1.1999986171722412,3.7599992752075195,-0.80001145601272583">
        </Bone>
      </Part>
    </Brick>
    <Brick refID="24" designID="6141">
      <Part refID="24" designID="6141" materials="151">
        <Bone refID="24" transformation="1,0,0,0,-1,0,0,0,-1,-1.1999995708465576,5.2799992561340332,-2.0000121593475342">
        </Bone>
      </Part>
    </Brick>
    <Brick refID="25" designID="71076">
      <Part refID="25" designID="71076" materials="151">
        <Bone refID="25" transformation="0,0,-1,0,-1,0,-1,0,0,-1.1999986171722412,4.9599981307983398,1.1999924182891846">
        </Bone>
      </Part>
    </Brick>
    <Brick refID="26" designID="6141">
      <Part refID="26" designID="6141" materials="151">
        <Bone refID="26" transformation="1,0,0,0,-1,0,0,0,-1,-1.1999986171722412,5.2799983024597168,1.1999924182891846">
        </Bone>
      </Part>
    </Brick>
    <Brick refID="27" designID="71075">
      <Part refID="27" designID="71075" materials="151">
        <Bone refID="27" transformation="1,0,0,0,1,0,0,0,1,-1.1999986171722412,4.1599993705749512,-0.40000993013381958">
        </Bone>
      </Part>
    </Brick>
    <Brick refID="28" designID="6141">
      <Part refID="28" designID="6141" materials="151">
        <Bone refID="28" transformation="1,0,0,0,1,0,0,0,1,-1.1999986171722412,5.7599992752075195,-0.40001374483108521">
        </Bone>
      </Part>
    </Brick>
    <Brick refID="29" designID="43723">
      <Part refID="29" designID="43723" materials="138">
        <Bone refID="29" transformation="1,0,0,0,1,0,0,0,1,0.40000265836715698,0.31999999284744263,1.2000038623809814">
        </Bone>
      </Part>
    </Brick>
    <Brick refID="30" designID="3741">
      <Part refID="30" designID="3741" materials="192">
        <Bone refID="30" transformation="1,0,0,0,1,0,0,0,1,-1.5999991893768311,0.31999999284744263,2.4000008106231689">
        </Bone>
      </Part>
    </Brick>
    <Brick refID="31" designID="3741">
      <Part refID="31" designID="3741" materials="108">
        <Bone refID="31" transformation="0,0,1,0,0.99999994039535522,0,-1,0,0,-1.5999991893768311,0.79999995231628418,2.4000008106231689">
        </Bone>
      </Part>
    </Brick>
    <Brick refID="32" designID="3623">
      <Part refID="32" designID="3623" materials="138">
        <Bone refID="32" transformation="0,0,1,0,0.99999994039535522,0,-1,0,0,2.0000021457672119,0.31999999284744263,-1.1999976634979248">
        </Bone>
      </Part>
    </Brick>
    <Brick refID="33" designID="50746">
      <Part refID="33" designID="50746" materials="26">
        <Bone refID="33" transformation="1,0,0,0,0.69781005382537842,0.71628284454345703,0,-0.71628284454345703,0.69781005382537842,1.212993860244751,3.2059774398803711,-1.3357512950897217">
        </Bone>
      </Part>
    </Brick>
    <Brick refID="34" designID="61184">
      <Part refID="34" designID="61184" materials="26">
        <Bone refID="34" transformation="-1,0,0,0,0.69780987501144409,0.71628296375274658,0,0.71628296375274658,-0.69780993461608887,1.212993860244751,3.2059528827667236,-1.33574378490448">
        </Bone>
      </Part>
    </Brick>
    <Brick refID="35" designID="30552">
      <Part refID="35" designID="30552" materials="26">
        <Bone refID="35" transformation="0,0.69780868291854858,0.71628421545028687,-1,0,0,0,-0.71628421545028687,0.69780868291854858,1.2129871845245361,1.1962931156158447,-3.3986403942108154">
        </Bone>
      </Part>
    </Brick>
    <Brick refID="36" designID="32123">
      <Part refID="36" designID="32123" materials="26">
        <Bone refID="36" transformation="1,0,0,0,0.71628314256668091,-0.69780975580215454,0,0.69780975580215454,0.71628314256668091,1.212993860244751,2.3127870559692383,-2.2525908946990967">
        </Bone>
      </Part>
    </Brick>
    <Brick refID="37" designID="64847">
      <Part refID="37" designID="64847" materials="5">
        <Bone refID="37" transformation="0.97942167520523071,-0.17716114223003387,-0.096680402755737305,0.20182459056377411,0.85973387956619263,0.46917423605918884,0,-0.47903192043304443,0.87779748439788818,1.2000010013580322,2.9420323371887207,1.1414825916290283">
        </Bone>
      </Part>
    </Brick>
  </Bricks>
  <RigidSystems>
    <RigidSystem>
      <Rigid refID="0" transformation="-1,0,0,0,-0.87779748439788818,-0.47903192043304443,0,-0.47903192043304443,0.87779784202575684,2.0000009536743164,3.1119484901428223,0.2957763671875" boneRefs="0"/>
      <Rigid refID="1" transformation="0,0.44231340289115906,0.89686065912246704,1.0000001192092896,0,0,0,0.89686065912246704,-0.44231331348419189,2.4129953384399414,2.561525821685791,-1.3743972778320313" boneRefs="1,2,3,4,5,6,7,8,9"/>
      <Rigid refID="2" transformation="1,0,0,0,1,0,0,0,1,-1.1999988555908203,0,3.6000022888183594" boneRefs="10,11,12,13,14,15,16,17,18,19,20,21,22,23,24,25,26,27,28,29,30,31,32"/>
      <Rigid refID="3" transformation="1,0,0,0,0.69781005382537842,0.71628284454345703,0,-0.71628284454345703,0.69781005382537842,2.0129938125610352,3.2059774398803711,-0.5357513427734375" boneRefs="33,34"/>
      <Rigid refID="4" transformation="0,0.69780868291854858,0.71628421545028687,-1,0,0,0,-0.71628421545028687,0.69780868291854858,2.0129871368408203,1.1962931156158447,-2.5986404418945312" boneRefs="35"/>
      <Rigid refID="5" transformation="1,0,0,0,0.71628314256668091,-0.69780975580215454,0,0.69780975580215454,0.71628314256668091,2.0129938125610352,2.3127870559692383,-1.4525909423828125" boneRefs="36"/>
      <Rigid refID="6" transformation="0.97942167520523071,-0.17716114223003387,-0.096680402755737305,0.20182459056377411,0.85973387956619263,0.46917423605918884,0,-0.47903192043304443,0.87779748439788818,2.0000009536743164,2.9420323371887207,1.9414825439453125" boneRefs="37"/>
      <Joint type="hinge">
        <RigidRef rigidRef="1" a="0,-1,0" z="0.30901294946670532,0,-0.95105785131454468" t="1.7413523197174072,-0.57299131155014038,-0.24509337544441223"/>
        <RigidRef rigidRef="0" a="1,0,0" z="0,0.29448223114013672,0.95565700531005859" t="0.15999719500541687,1.9370745576452464E-005,0"/>
      </Joint>
      <Joint type="hinge">
        <RigidRef rigidRef="6" a="0,0,1" z="1,0,0" t="0,0,0"/>
        <RigidRef rigidRef="0" a="0,0,1" z="-0.97942167520523071,0.20182472467422485,0" t="0,-0.63919353485107422,1.5259915590286255"/>
      </Joint>
      <Joint type="hinge">
        <RigidRef rigidRef="2" a="-1,0,0" z="0,0,1" t="3.0400006771087646,1.2079999446868896,-4.7999992370605469"/>
        <RigidRef rigidRef="1" a="0,-1,0" z="0.89686053991317749,0,-0.44231340289115906" t="-0.44226959347724915,-0.57299309968948364,-1.2910635471343994"/>
      </Joint>
      <Joint type="hinge">
        <RigidRef rigidRef="3" a="0,1,0" z="-1,0,0" t="0,-0.80001163482666016,2.2682897906634025E-005"/>
        <RigidRef rigidRef="1" a="0.95105665922164917,0,0.30901658535003662" z="0,-1,0" t="0.2763487696647644,-0.4000016450881958,-0.040199756622314453"/>
      </Joint>
      <Joint type="hinge">
        <RigidRef rigidRef="4" a="-1,0,0" z="0,0,1" t="0.40000000596046448,0,0"/>
        <RigidRef rigidRef="3" a="0,-1,0" z="0,0,1" t="0,-2.4799900054931641,0"/>
      </Joint>
      <Joint type="hinge">
        <RigidRef rigidRef="5" a="0,0,1" z="1,0,0" t="0,0,0"/>
        <RigidRef rigidRef="3" a="0,1,0" z="1,0,0" t="0,-1.2799936532974243,0"/>
      </Joint>
    </RigidSystem>
  </RigidSystems>
  <GroupSystems>
    <GroupSystem>
    </GroupSystem>
  </GroupSystems>
</LXFML>
