<?xml version="1.0" encoding="UTF-8" standalone="no" ?>
<LXFML versionMajor="5" versionMinor="0">
  <Meta>
    <Application name="CCOP" versionMajor="0" versionMinor="0"/>
    <Brand name="LEGOUniverse"/>
    <BrickSet version="215"/>
  </Meta>
  <Bricks>
    <Brick refID="0" designID="60478">
      <Part refID="0" designID="60478" materials="192">
        <Bone refID="0" transformation="0,-0.23202763497829437,-0.97270923852920532,0,0.97270935773849487,-0.23202763497829437,1.0000001192092896,0,0,-0.40000039339065552,1.4649691581726074,-0.32071733474731445">
        </Bone>
      </Part>
    </Brick>
    <Brick refID="1" designID="4733">
      <Part refID="1" designID="4733" materials="192">
        <Bone refID="1" transformation="-1,0,0,0,-0.23202782869338989,-0.97270911931991577,0,-0.97270911931991577,0.23202787339687347,-0.40000060200691223,1.20582115650177,0.3168107271194458">
        </Bone>
      </Part>
    </Brick>
    <Brick refID="2" designID="3069">
      <Part refID="2" designID="3069" materials="1,0" decoration="0">
        <Bone refID="2" transformation="0,-0.23202921450138092,-0.97270882129669189,0,-0.97270882129669189,0.23202921450138092,-1,0,0,-0.40000033378601074,0.68685376644134521,-0.13487827777862549">
        </Bone>
      </Part>
    </Brick>
    <Brick refID="3" designID="2555">
      <Part refID="3" designID="2555" materials="192">
        <Bone refID="3" transformation="0,-0.97270911931991577,0.23202763497829437,1,0,0,0,0.23202763497829437,0.97270917892456055,0,1.0758856534957886,-0.2279059886932373">
        </Bone>
      </Part>
    </Brick>
    <Brick refID="4" designID="3005">
      <Part refID="4" designID="3005" materials="192,0" decoration="0">
        <Bone refID="4" transformation="1,0,0,0,-0.23202748596668243,-0.97270923852920532,0,0.97270923852920532,-0.23202748596668243,-0.40000030398368835,0.98307466506958008,-0.61698979139328003">
        </Bone>
      </Part>
    </Brick>
    <Brick refID="5" designID="3005">
      <Part refID="5" designID="3005" materials="192,0" decoration="0">
        <Bone refID="5" transformation="1,0,0,0,-0.23202748596668243,-0.97270923852920532,0,0.97270923852920532,-0.23202748596668243,-0.40000000596046448,0.76032805442810059,-1.5507903099060059">
        </Bone>
      </Part>
    </Brick>
    <Brick refID="6" designID="50746">
      <Part refID="6" designID="50746" materials="192">
        <Bone refID="6" transformation="-1,0,0,0,-0.23202782869338989,-0.97270911931991577,0,-0.97270911931991577,0.23202787339687347,-0.39999961853027344,0.53758144378662109,-2.484591007232666">
        </Bone>
      </Part>
    </Brick>
    <Brick refID="7" designID="2555">
      <Part refID="7" designID="2555" materials="192">
        <Bone refID="7" transformation="0,0.97270917892456055,-0.23202764987945557,-1.0000001192092896,0,0,0,0.23202766478061676,0.97270935773849487,-0.80000001192092896,1.075885534286499,-0.22790622711181641">
        </Bone>
      </Part>
    </Brick>
    <Brick refID="8" designID="60478">
      <Part refID="8" designID="60478" materials="5">
        <Bone refID="8" transformation="0.96985900402069092,0.23701702058315277,-0.056537490338087082,-0.2436668872833252,0.94339066743850708,-0.22503438591957092,0,0.23202793300151825,0.97270911931991577,1.4042186737060547,1.0288991928100586,-0.23006248474121094">
        </Bone>
      </Part>
    </Brick>
    <Brick refID="9" designID="50305">
      <Part refID="9" designID="50305" materials="5">
        <Bone refID="9" transformation="-0.96985888481140137,-0.23701769113540649,0.056535389274358749,-0.24366706609725952,0.94339025020599365,-0.22503690421581268,0,-0.23202987015247345,-0.97270864248275757,6.7574567794799805,2.6580772399902344,-0.61868280172348022">
        </Bone>
      </Part>
    </Brick>
    <Brick refID="10" designID="3022">
      <Part refID="10" designID="3022" materials="5">
        <Bone refID="10" transformation="0.96985900402069092,0.23701708018779755,-0.05653732642531395,-0.24366691708564758,0.94339066743850708,-0.22503440082073212,0,0.23202791810035706,0.97270911931991577,0.62833160161972046,0.65366369485855103,-0.96300047636032104">
        </Bone>
      </Part>
    </Brick>
    <Brick refID="11" designID="3069">
      <Part refID="11" designID="3069" materials="5,0" decoration="0">
        <Bone refID="11" transformation="0,-0.23202760517597198,-0.97270917892456055,-0.24366658926010132,0.94339084625244141,-0.22503402829170227,0.96985900402069092,0.23701669275760651,-0.056537475436925888,0.55035823583602905,0.95560044050216675,-1.0347944498062134">
        </Bone>
      </Part>
    </Brick>
    <Brick refID="12" designID="4085">
      <Part refID="12" designID="4085" materials="5">
        <Bone refID="12" transformation="0.96985900402069092,0.23701705038547516,-0.056537322700023651,-0.2436668872833252,0.94339066743850708,-0.22503440082073212,0,0.23202791810035706,0.97270911931991577,2.95599365234375,1.4081257581710815,-0.32052278518676758">
        </Bone>
      </Part>
    </Brick>
    <Brick refID="13" designID="6019">
      <Part refID="13" designID="6019" materials="191">
        <Bone refID="13" transformation="-1,0,0,0,1,0,0,0,-1,-0.38700065016746521,1.6434340476989746,1.1999999284744263">
        </Bone>
      </Part>
    </Brick>
    <Brick refID="14" designID="4287">
      <Part refID="14" designID="4287" materials="191">
        <Bone refID="14" transformation="1,0,0,0,1,0,0,0,1,-0.38700070977210999,0.68343406915664673,1.1999994516372681">
        </Bone>
      </Part>
    </Brick>
    <Brick refID="15" designID="3069">
      <Part refID="15" designID="3069" materials="191,0" decoration="0">
        <Bone refID="15" transformation="0,0,-1,0,1,0,1,0,0,-0.38700085878372192,1.6434340476989746,2.8002223968505859">
        </Bone>
      </Part>
    </Brick>
    <Brick refID="16" designID="3024">
      <Part refID="16" designID="3024" materials="1">
        <Bone refID="16" transformation="1,0,0,0,1,0,0,0,1,-0.38700085878372192,1.9634339809417725,1.2000001668930054">
        </Bone>
      </Part>
    </Brick>
    <Brick refID="17" designID="63864">
      <Part refID="17" designID="63864" materials="102">
        <Bone refID="17" transformation="0,0,-1,0,1,0,1,0,0,-0.38700085878372192,2.2834339141845703,1.2000001668930054">
        </Bone>
      </Part>
    </Brick>
    <Brick refID="18" designID="60478">
      <Part refID="18" designID="60478" materials="5">
        <Bone refID="18" transformation="-0.95185607671737671,0.29817914962768555,-0.07112768292427063,0.3065451979637146,0.92587882280349731,-0.22085849940776825,0,-0.23202936351299286,-0.97270876169204712,-2.2053861618041992,1.082165002822876,-0.24276900291442871">
        </Bone>
      </Part>
    </Brick>
    <Brick refID="19" designID="50304">
      <Part refID="19" designID="50304" materials="5">
        <Bone refID="19" transformation="0.95185607671737671,-0.29817968606948853,0.071127146482467651,0.30654558539390564,0.92587918043136597,-0.22085706889629364,0,0.23202782869338989,0.97270923852920532,-7.4376869201660156,3.0482516288757324,-0.71175450086593628">
        </Bone>
      </Part>
    </Brick>
    <Brick refID="20" designID="3022">
      <Part refID="20" designID="3022" materials="5">
        <Bone refID="20" transformation="0.95185607671737671,-0.29817968606948853,0.071127146482467651,0.30654558539390564,0.92587918043136597,-0.22085706889629364,0,0.23202782869338989,0.97270923852920532,-2.2053866386413574,0.89654320478439331,-1.0209358930587769">
        </Bone>
      </Part>
    </Brick>
    <Brick refID="21" designID="3069">
      <Part refID="21" designID="3069" materials="5,0" decoration="0">
        <Bone refID="21" transformation="0,-0.23202770948410034,-0.9727092981338501,0.30654537677764893,0.92587935924530029,-0.22085699439048767,0.95185625553131104,-0.29817953705787659,0.071127124130725861,-1.3458070755004883,0.95433264970779419,-1.0344915390014648">
        </Bone>
      </Part>
    </Brick>
    <Brick refID="22" designID="4085">
      <Part refID="22" designID="4085" materials="5">
        <Bone refID="22" transformation="0.95185607671737671,-0.29817968606948853,0.071127146482467651,0.30654558539390564,0.92587918043136597,-0.22085706889629364,0,0.23202782869338989,0.97270923852920532,-3.7283563613891602,1.5592525005340576,-0.35657203197479248">
        </Bone>
      </Part>
    </Brick>
  </Bricks>
  <RigidSystems>
    <RigidSystem>
      <Rigid refID="0" transformation="0,-0.23202763497829437,-0.97270923852920532,0,0.97270935773849487,-0.23202763497829437,1.0000001192092896,0,0,0.39999961853027344,-0.17887169122695923,1.2792826890945435" boneRefs="0,1,2,3,4,5,6,7"/>
      <Rigid refID="1" transformation="0.96985900402069092,0.23701702058315277,-0.056537490338087082,-0.2436668872833252,0.94339066743850708,-0.22503438591957092,0,0.23202793300151825,0.97270911931991577,2.2042186260223389,-0.61494159698486328,1.369937539100647" boneRefs="8,9,10,11,12"/>
      <Rigid refID="2" transformation="-1,0,0,0,1,0,0,0,-1,0.41299936175346375,-0.00040674937190487981,2.7999999523162842" boneRefs="13,14,15,16,17"/>
      <Rigid refID="3" transformation="-0.95185607671737671,0.29817914962768555,-0.07112768292427063,0.3065451979637146,0.92587882280349731,-0.22085849940776825,0,-0.23202936351299286,-0.97270876169204712,-1.4053860902786255,-0.56167572736740112,1.3572310209274292" boneRefs="18,19,20,21,22"/>
      <Joint type="hinge">
        <RigidRef rigidRef="3" a="0,0,-1" z="0,1,0" t="-0.80000001192092896,0.24759998917579651,-0.17299999296665192"/>
        <RigidRef rigidRef="0" a="-0.99999994039535522,0,0" z="0,0.95185595750808716,0.30654516816139221" t="-0.16000033915042877,-0.39999935030937195,-0.96800011396408081"/>
      </Joint>
      <Joint type="hinge">
        <RigidRef rigidRef="2" a="-1.0000001192092896,0,0" z="0,1.0000001192092896,0" t="-0.1600000262260437,0.24800001084804535,0.80000001192092896"/>
        <RigidRef rigidRef="0" a="0,0,1" z="-0.2320275753736496,0.97270911931991577,0" t="-0.79999983310699463,0.24760004878044128,0.17299975454807281"/>
      </Joint>
      <Joint type="hinge">
        <RigidRef rigidRef="1" a="0,0,1" z="0,1,0" t="-0.80000001192092896,0.2476000040769577,0.17299999296665192"/>
        <RigidRef rigidRef="0" a="-0.99999994039535522,0,0" z="0,0.96985882520675659,-0.24366685748100281" t="-0.16000044345855713,-0.3999999463558197,0.96799975633621216"/>
      </Joint>
    </RigidSystem>
  </RigidSystems>
  <GroupSystems>
    <GroupSystem>
    </GroupSystem>
  </GroupSystems>
</LXFML>
