<?xml version="1.0" encoding="UTF-8" standalone="no" ?>
<LXFML versionMajor="5" versionMinor="0">
  <Meta>
    <Application name="LEGO Universe" versionMajor="0" versionMinor="0"/>
    <Brand name="LEGOUniverse"/>
    <BrickSet version="318"/>
  </Meta>
  <Bricks>
    <Brick refID="0" designID="75535">
      <Part refID="0" designID="75535" materials="24">
        <Bone refID="0" transformation="-0.70710712671279907,0,-0.70710641145706177,0,0.99999994039535522,0,0.70710641145706177,0,-0.70710712671279907,1.9962584972381592,0.4000052809715271,1.2605836391448975">
        </Bone>
      </Part>
    </Brick>
    <Brick refID="1" designID="75535">
      <Part refID="1" designID="75535" materials="24">
        <Bone refID="1" transformation="-1,0,0,0,1,0,0,0,-1,2.0497825145721436,0.40000134706497192,-0.78294628858566284">
        </Bone>
      </Part>
    </Brick>
    <Brick refID="2" designID="75535">
      <Part refID="2" designID="75535" materials="24">
        <Bone refID="2" transformation="-0.70710611343383789,0,0.70710742473602295,0,1,0,-0.70710742473602295,0,-0.70710611343383789,0.87694817781448364,0.40000391006469727,-2.3628404140472412">
        </Bone>
      </Part>
    </Brick>
    <Brick refID="3" designID="75535">
      <Part refID="3" designID="75535" materials="24">
        <Bone refID="3" transformation="0,0,-1,0,0.99999994039535522,0,1,0,0,0.41636449098587036,0.40000319480895996,2.4334185123443604">
        </Bone>
      </Part>
    </Brick>
    <Brick refID="4" designID="75535">
      <Part refID="4" designID="75535" materials="24">
        <Bone refID="4" transformation="0,0,1,0,0.99999994039535522,0,-1,0,0,-1.1665818691253662,0.39999997615814209,-2.4163639545440674">
        </Bone>
      </Part>
    </Brick>
    <Brick refID="5" designID="75535">
      <Part refID="5" designID="75535" materials="24">
        <Bone refID="5" transformation="1,0,0,0,1,0,0,0,1,-2.8000001907348633,0.40000027418136597,0.80000001192092896">
        </Bone>
      </Part>
    </Brick>
    <Brick refID="6" designID="75535">
      <Part refID="6" designID="75535" materials="24">
        <Bone refID="6" transformation="0.70710742473602295,0,0.70710617303848267,0,1,0,-0.70710617303848267,0,0.70710742473602295,-2.7464766502380371,0.40000134706497192,-1.2435305118560791">
        </Bone>
      </Part>
    </Brick>
    <Brick refID="7" designID="75535">
      <Part refID="7" designID="75535" materials="24">
        <Bone refID="7" transformation="0.70710599422454834,0,-0.7071075439453125,0,1,0,0.7071075439453125,0,0.70710599422454834,-1.6271653175354004,0.40000331401824951,2.3798940181732178">
        </Bone>
      </Part>
    </Brick>
  </Bricks>
  <RigidSystems>
    <RigidSystem>
      <Rigid refID="0" transformation="-0.70710712671279907,0,-0.70710641145706177,0,0.99999994039535522,0,0.70710641145706177,0,-0.70710712671279907,1.196258544921875,0.39999997615814209,0.46058368682861328" boneRefs="0"/>
    </RigidSystem>
    <RigidSystem>
      <Rigid refID="1" transformation="-1,0,0,0,1,0,0,0,-1,1.2497825622558594,0.39999604225158691,-1.5829463005065918" boneRefs="1"/>
    </RigidSystem>
    <RigidSystem>
      <Rigid refID="2" transformation="-0.70710611343383789,0,0.70710742473602295,0,1,0,-0.70710742473602295,0,-0.70710611343383789,0.076948165893554688,0.39999860525131226,-3.1628403663635254" boneRefs="2"/>
    </RigidSystem>
    <RigidSystem>
      <Rigid refID="3" transformation="0,0,-1,0,0.99999994039535522,0,1,0,0,-0.38363552093505859,0.39999788999557495,1.6334185600280762" boneRefs="3"/>
    </RigidSystem>
    <RigidSystem>
      <Rigid refID="4" transformation="0,0,1,0,0.99999994039535522,0,-1,0,0,-1.9665818214416504,0.39999467134475708,-3.2163639068603516" boneRefs="4"/>
    </RigidSystem>
    <RigidSystem>
      <Rigid refID="5" transformation="1,0,0,0,1,0,0,0,1,-3.6000001430511475,0.39999496936798096,0" boneRefs="5"/>
    </RigidSystem>
    <RigidSystem>
      <Rigid refID="6" transformation="0.70710742473602295,0,0.70710617303848267,0,1,0,-0.70710617303848267,0,0.70710742473602295,-3.5464766025543213,0.39999604225158691,-2.0435304641723633" boneRefs="6"/>
    </RigidSystem>
    <RigidSystem>
      <Rigid refID="7" transformation="0.70710599422454834,0,-0.7071075439453125,0,1,0,0.7071075439453125,0,0.70710599422454834,-2.4271652698516846,0.3999980092048645,1.5798940658569336" boneRefs="7"/>
    </RigidSystem>
  </RigidSystems>
  <GroupSystems>
    <GroupSystem>
    </GroupSystem>
  </GroupSystems>
</LXFML>
