<?xml version="1.0" encoding="UTF-8" standalone="no" ?>
<LXFML versionMajor="5" versionMinor="0">
  <Meta>
    <Application name="CCOP" versionMajor="0" versionMinor="0"/>
    <Brand name="LEGOUniverse"/>
    <BrickSet version="203"/>
  </Meta>
  <Bricks>
    <Brick refID="0" designID="53988">
      <Part refID="0" designID="53988" materials="194">
        <Bone refID="0" transformation="1,0,0,0,1,0,0,0,1,-0.38350123167037964,1.8459399938583374,-0.40796363353729248">
        </Bone>
      </Part>
    </Brick>
    <Brick refID="1" designID="53989">
      <Part refID="1" designID="53989" materials="194">
        <Bone refID="1" transformation="1,0,0,0,0.70710700750350952,0.70710653066635132,0,-0.70710653066635132,0.70710700750350952,-1.1670010089874268,3.1259398460388184,-0.40796363353729248">
        </Bone>
      </Part>
    </Brick>
    <Brick refID="2" designID="48729">
      <Part refID="2" designID="48729" materials="194">
        <Bone refID="2" transformation="1,0,0,0,-0.70710653066635132,0.70710700750350952,0,-0.70710700750350952,-0.70710653066635132,-1.1670010089874268,2.1181719303131104,-0.3041609525680542">
        </Bone>
      </Part>
    </Brick>
    <Brick refID="3" designID="53989">
      <Part refID="3" designID="53989" materials="194">
        <Bone refID="3" transformation="0.99999994039535522,0,0,0,0.70710676908493042,0.70710688829421997,0,-0.70710688829421997,0.70710676908493042,1.1999986171722412,3.1259398460388184,-0.40796363353729248">
        </Bone>
      </Part>
    </Brick>
    <Brick refID="4" designID="48729">
      <Part refID="4" designID="48729" materials="194">
        <Bone refID="4" transformation="0.99999994039535522,0,0,0,-0.70710688829421997,0.70710676908493042,0,-0.70710676908493042,-0.70710688829421997,1.1999986171722412,2.1181719303131104,-0.3041609525680542">
        </Bone>
      </Part>
    </Brick>
    <Brick refID="5" designID="53984">
      <Part refID="5" designID="53984" materials="194">
        <Bone refID="5" transformation="1,0,0,0,1,0,0,0,1,-0.40000027418136597,0,0.39999973773956299">
        </Bone>
      </Part>
    </Brick>
    <Brick refID="6" designID="53984">
      <Part refID="6" designID="53984" materials="194">
        <Bone refID="6" transformation="1,0,0,0,1,0,0,0,1,0.43299847841262817,0,0.39999973773956299">
        </Bone>
      </Part>
    </Brick>
  </Bricks>
  <RigidSystems>
    <RigidSystem>
      <Rigid refID="0" transformation="1,0,0,0,1,0,0,0,1,-1.1835012435913086,1.8459399938583374,1.1920363903045654" boneRefs="0"/>
      <Rigid refID="1" transformation="1,0,0,0,0.70710700750350952,0.70710653066635132,0,-0.70710653066635132,0.70710700750350952,-1.9670009613037109,3.1259398460388184,1.1920363903045654" boneRefs="1"/>
      <Rigid refID="2" transformation="1,0,0,0,-0.70710653066635132,0.70710700750350952,0,-0.70710700750350952,-0.70710653066635132,-1.9670009613037109,2.1181719303131104,1.2958390712738037" boneRefs="2"/>
      <Rigid refID="3" transformation="0.99999994039535522,0,0,0,0.70710676908493042,0.70710688829421997,0,-0.70710688829421997,0.70710676908493042,0.39999866485595703,3.1259398460388184,1.1920363903045654" boneRefs="3"/>
      <Rigid refID="4" transformation="0.99999994039535522,0,0,0,-0.70710688829421997,0.70710676908493042,0,-0.70710676908493042,-0.70710688829421997,0.39999866485595703,2.1181719303131104,1.2958390712738037" boneRefs="4"/>
      <Rigid refID="5" transformation="1,0,0,0,1,0,0,0,1,-1.2000002861022949,0,1.9999997615814209" boneRefs="5"/>
      <Rigid refID="6" transformation="1,0,0,0,1,0,0,0,1,-0.36700153350830078,0,1.9999997615814209" boneRefs="6"/>
      <Joint type="hinge">
        <RigidRef rigidRef="1" a="1.0000001192092896,0,0" z="0,0,-1" t="0.15999999642372131,0,0"/>
        <RigidRef rigidRef="0" a="1.0000001192092896,0,0" z="0,0.70710647106170654,-0.7071070671081543" t="-0.62349975109100342,1.279999852180481,0"/>
      </Joint>
      <Joint type="hinge">
        <RigidRef rigidRef="3" a="-1.0000001192092896,0,0" z="0,0,-1" t="-0.1600000262260437,0,0"/>
        <RigidRef rigidRef="0" a="-1,0,0" z="0,0.7071068286895752,-0.7071068286895752" t="1.4234999418258667,1.279999852180481,0"/>
      </Joint>
      <Joint type="hinge">
        <RigidRef rigidRef="5" a="1,0,0" z="0,-0.61566096544265747,-0.78801113367080688" t="0.15800000727176666,1.8459399938583374,-0.80796301364898682"/>
        <RigidRef rigidRef="0" a="1,0,0" z="0,-0.61566096544265747,-0.78801113367080688" t="0.14150094985961914,0,0"/>
      </Joint>
      <Joint type="hinge">
        <RigidRef rigidRef="6" a="-1,0,0" z="0,-0.61566096544265747,-0.78801113367080688" t="-0.15800099074840546,1.845940113067627,-0.80796283483505249"/>
        <RigidRef rigidRef="0" a="-1,0,0" z="0,-0.61566096544265747,-0.78801113367080688" t="0.65849870443344116,0,0"/>
      </Joint>
      <Joint type="hinge">
        <RigidRef rigidRef="2" a="0,0.99999994039535522,0" z="1,0,0" t="0,0.81005394458770752,0"/>
        <RigidRef rigidRef="1" a="0,0,0.99999994039535522" z="1,0,0" t="0,-0.63920038938522339,1.596052885055542"/>
      </Joint>
      <Joint type="hinge">
        <RigidRef rigidRef="4" a="0,0.99999994039535522,0" z="1,0,0" t="0,0.81005394458770752,0"/>
        <RigidRef rigidRef="3" a="0,0,0.99999994039535522" z="1,0,0" t="0,-0.63919979333877563,1.5960531234741211"/>
      </Joint>
    </RigidSystem>
  </RigidSystems>
  <GroupSystems>
    <GroupSystem>
    </GroupSystem>
  </GroupSystems>
</LXFML>
