<?xml version="1.0" encoding="UTF-8" standalone="no" ?>
<LXFML versionMajor="5" versionMinor="0">
  <Meta>
    <Application name="LEGO Universe" versionMajor="0" versionMinor="0"/>
    <Brand name="LEGOUniverse"/>
    <BrickSet version="238"/>
  </Meta>
  <Bricks>
    <Brick refID="0" designID="53451">
      <Part refID="0" designID="53451" materials="154">
        <Bone refID="0" transformation="-0.61540377140045166,0.61540365219116211,0.49250045418739319,0.7071068286895752,0.7071073055267334,0,-0.34825032949447632,0.34825050830841064,-0.87031221389770508,1.0316680669784546,3.2944960594177246,-0.01131129264831543">
        </Bone>
      </Part>
    </Brick>
    <Brick refID="1" designID="4274">
      <Part refID="1" designID="4274" materials="154">
        <Bone refID="1" transformation="0.70710688829421997,-0.70710670948028564,0,0,0,1,-0.70710670948028564,-0.70710688829421997,0,0.56568419933319092,2.82851243019104,-0.01131129264831543">
        </Bone>
      </Part>
    </Brick>
    <Brick refID="2" designID="3960">
      <Part refID="2" designID="3960" materials="26">
        <Bone refID="2" transformation="0.70710700750350952,0.70710676908493042,0,0,0,-1.0000001192092896,-0.70710676908493042,0.70710694789886475,0,0,2.2628276348114014,-1.5813436508178711">
        </Bone>
      </Part>
    </Brick>
    <Brick refID="3" designID="3705">
      <Part refID="3" designID="3705" materials="26">
        <Bone refID="3" transformation="0.70710688829421997,0.70710670948028564,0,0.70710670948028564,-0.7071068286895752,0,0,0,-1,0,2.2628278732299805,-2.1113438606262207">
        </Bone>
      </Part>
    </Brick>
    <Brick refID="4" designID="6222">
      <Part refID="4" designID="6222" materials="26">
        <Bone refID="4" transformation="0.70710700750350952,0.70710676908493042,0,0,0,1.0000001192092896,0.70710676908493042,-0.70710694789886475,0,-0.56568610668182373,1.1314564943313599,-0.59134340286254883">
        </Bone>
      </Part>
    </Brick>
    <Brick refID="5" designID="87081">
      <Part refID="5" designID="87081" materials="26">
        <Bone refID="5" transformation="0.70710700750350952,0.70710676908493042,0,0,0,1.0000001192092896,0.70710676908493042,-0.70710694789886475,0,-0.56568610668182373,1.1314564943313599,0.36865663528442383">
        </Bone>
      </Part>
    </Brick>
    <Brick refID="6" designID="87081">
      <Part refID="6" designID="87081" materials="26">
        <Bone refID="6" transformation="0.70710700750350952,0.70710676908493042,0,0,0,-1.0000001192092896,-0.70710676908493042,0.70710694789886475,0,-1.1313713788986206,1.6971423625946045,-0.62134361267089844">
        </Bone>
      </Part>
    </Brick>
    <Brick refID="7" designID="3960">
      <Part refID="7" designID="3960" materials="26">
        <Bone refID="7" transformation="0.70710700750350952,0.70710676908493042,0,0,0,1.0000001192092896,0.70710676908493042,-0.70710694789886475,0,0,2.2628269195556641,1.3286566734313965">
        </Bone>
      </Part>
    </Brick>
    <Brick refID="8" designID="4274">
      <Part refID="8" designID="4274" materials="154">
        <Bone refID="8" transformation="-0.70710676908493042,0.7071068286895752,0,0,0,1,0.7071068286895752,0.70710676908493042,0,-0.56568610668182373,1.6971420049667358,-0.01131129264831543">
        </Bone>
      </Part>
    </Brick>
    <Brick refID="9" designID="53451">
      <Part refID="9" designID="53451" materials="154">
        <Bone refID="9" transformation="0.59659159183502197,-0.59659171104431152,0.53680270910263062,-0.7071068286895752,-0.70710676908493042,0,0.37957701086997986,-0.37957668304443359,-0.84370779991149902,-1.0316699743270874,1.2311582565307617,-0.01131129264831543">
        </Bone>
      </Part>
    </Brick>
    <Brick refID="10" designID="4274">
      <Part refID="10" designID="4274" materials="154">
        <Bone refID="10" transformation="0.70710688829421997,0.70710670948028564,0,0,0,1,0.70710670948028564,-0.70710688829421997,0,-0.56568610668182373,2.82851243019104,-0.01131129264831543">
        </Bone>
      </Part>
    </Brick>
    <Brick refID="11" designID="53451">
      <Part refID="11" designID="53451" materials="154">
        <Bone refID="11" transformation="0.56117522716522217,0.56117486953735352,-0.60841202735900879,-0.70710664987564087,0.70710700750350952,0,0.43021231889724731,0.43021216988563538,0.79362142086029053,-1.0316694974899292,3.2944958209991455,-0.01131129264831543">
        </Bone>
      </Part>
    </Brick>
    <Brick refID="12" designID="4274">
      <Part refID="12" designID="4274" materials="154">
        <Bone refID="12" transformation="-0.70710676908493042,-0.7071068286895752,0,0,0,1,-0.7071068286895752,0.70710676908493042,0,0.56568419933319092,1.6971420049667358,-0.01131129264831543">
        </Bone>
      </Part>
    </Brick>
    <Brick refID="13" designID="53451">
      <Part refID="13" designID="53451" materials="154">
        <Bone refID="13" transformation="0.14184881746768951,0.14184834063053131,-0.97967249155044556,0.70710694789886475,-0.70710670948028564,0,-0.69273293018341064,-0.69273316860198975,-0.20060406625270844,1.0316680669784546,1.2311582565307617,-0.01131129264831543">
        </Bone>
      </Part>
    </Brick>
  </Bricks>
  <RigidSystems>
    <RigidSystem>
      <Rigid refID="0" transformation="-0.61540377140045166,0.61540365219116211,0.49250045418739319,0.7071068286895752,0.7071073055267334,0,-0.34825032949447632,0.34825050830841064,-0.87031221389770508,-0.56833195686340332,3.2944939136505127,3.9886887073516846" boneRefs="0"/>
      <Rigid refID="1" transformation="0.70710688829421997,-0.70710670948028564,0,0,0,1,-0.70710670948028564,-0.70710688829421997,0,-1.034315824508667,2.8285102844238281,3.9886887073516846" boneRefs="1"/>
      <Rigid refID="2" transformation="0.70710700750350952,0.70710676908493042,0,0,0,-1.0000001192092896,-0.70710676908493042,0.70710694789886475,0,-1.6000006198883057,2.2628254890441895,2.4186563491821289" boneRefs="2,3,4,5,6,7"/>
      <Rigid refID="3" transformation="-0.70710676908493042,0.7071068286895752,0,0,0,1,0.7071068286895752,0.70710676908493042,0,-2.1656861305236816,1.6971399784088135,3.9886887073516846" boneRefs="8"/>
      <Rigid refID="4" transformation="0.59659159183502197,-0.59659171104431152,0.53680270910263062,-0.7071068286895752,-0.70710676908493042,0,0.37957701086997986,-0.37957668304443359,-0.84370779991149902,-2.6316699981689453,1.2311562299728394,3.9886887073516846" boneRefs="9"/>
      <Rigid refID="5" transformation="0.70710688829421997,0.70710670948028564,0,0,0,1,0.70710670948028564,-0.70710688829421997,0,-2.1656861305236816,2.8285102844238281,3.9886887073516846" boneRefs="10"/>
      <Rigid refID="6" transformation="0.56117522716522217,0.56117486953735352,-0.60841202735900879,-0.70710664987564087,0.70710700750350952,0,0.43021231889724731,0.43021216988563538,0.79362142086029053,-2.6316695213317871,3.2944936752319336,3.9886887073516846" boneRefs="11"/>
      <Rigid refID="7" transformation="-0.70710676908493042,-0.7071068286895752,0,0,0,1,-0.7071068286895752,0.70710676908493042,0,-1.034315824508667,1.6971399784088135,3.9886887073516846" boneRefs="12"/>
      <Rigid refID="8" transformation="0.14184881746768951,0.14184834063053131,-0.97967249155044556,0.70710694789886475,-0.70710670948028564,0,-0.69273293018341064,-0.69273316860198975,-0.20060406625270844,-0.56833195686340332,1.2311562299728394,3.9886887073516846" boneRefs="13"/>
      <Joint type="hinge">
        <RigidRef rigidRef="1" a="0,0,1" z="1,0,0" t="0,0,0"/>
        <RigidRef rigidRef="0" a="0,-1,0" z="-0.8703121542930603,0,-0.4925004243850708" t="0,-0.65900039672851563,0"/>
      </Joint>
      <Joint type="hinge">
        <RigidRef rigidRef="2" a="-1,0,0" z="0,0,-1" t="0.80000007152557373,-1.5700322389602661,0"/>
        <RigidRef rigidRef="1" a="0,0,1" z="1,0,0" t="0,0,0"/>
      </Joint>
      <Joint type="hinge">
        <RigidRef rigidRef="3" a="0,0,1" z="1,0,0" t="0,0,0"/>
        <RigidRef rigidRef="2" a="1,0,0" z="0,0,1" t="-0.80000001192092896,-1.5700322389602661,0"/>
      </Joint>
      <Joint type="hinge">
        <RigidRef rigidRef="5" a="0,0,1" z="1,0,0" t="0,0,0"/>
        <RigidRef rigidRef="2" a="0,0,-1" z="1,0,0" t="0,-1.5700322389602661,0.79999959468841553"/>
      </Joint>
      <Joint type="hinge">
        <RigidRef rigidRef="7" a="0,0,1" z="1,0,0" t="0,0,0"/>
        <RigidRef rigidRef="2" a="0,0,1" z="-1,0,0" t="0,-1.5700321197509766,-0.79999953508377075"/>
      </Joint>
      <Joint type="hinge">
        <RigidRef rigidRef="4" a="0,1,0" z="0,0,1" t="0,0.31999999284744263,0"/>
        <RigidRef rigidRef="3" a="0,0,-1" z="-0.53680282831192017,-0.84370774030685425,0" t="0,0,-0.97900068759918213"/>
      </Joint>
      <Joint type="hinge">
        <RigidRef rigidRef="6" a="0,1,0" z="0,0,1" t="0,0.31999999284744263,0"/>
        <RigidRef rigidRef="5" a="0,0,-1" z="0.60841202735900879,0.79362142086029053,0" t="0,0,-0.97899997234344482"/>
      </Joint>
      <Joint type="hinge">
        <RigidRef rigidRef="8" a="0,1,0" z="0,0,1" t="0,0.31999999284744263,0"/>
        <RigidRef rigidRef="7" a="0,0,-1" z="0.97967249155044556,-0.20060396194458008,0" t="0,0,-0.97900062799453735"/>
      </Joint>
    </RigidSystem>
  </RigidSystems>
  <GroupSystems>
    <GroupSystem>
    </GroupSystem>
  </GroupSystems>
</LXFML>
