<?xml version="1.0" encoding="UTF-8" standalone="no" ?>
<LXFML versionMajor="5" versionMinor="0">
  <Meta>
    <Application name="CCOP" versionMajor="0" versionMinor="0"/>
    <Brand name="LEGOUniverse"/>
    <BrickSet version="228"/>
  </Meta>
  <Bricks>
    <Brick refID="0" designID="32125">
      <Part refID="0" designID="32125" materials="28">
        <Bone refID="0" transformation="0.99998623132705688,-0.0052475854754447937,0,0.0052475854754447937,0.99998623132705688,0,0,0,1,-1.204567551612854,0.010495170950889587,-0.3999943733215332">
        </Bone>
      </Part>
    </Brick>
    <Brick refID="1" designID="30383">
      <Part refID="1" designID="30383" materials="28">
        <Bone refID="1" transformation="-0.49999323487281799,0.0026218874845653772,-0.86602532863616943,0.0052470020018517971,0.99998623132705688,0,0.86601340770721436,-0.0045449687168002129,-0.50000011920928955,-1.60288405418396,0.33258587121963501,-1.0928158760070801">
        </Bone>
      </Part>
    </Brick>
    <Brick refID="2" designID="30383">
      <Part refID="2" designID="30383" materials="28">
        <Bone refID="2" transformation="-0.49999323487281799,0.0026218879502266645,0.86602532863616943,0.0052405456081032753,0.99998623132705688,0,-0.86601346731185913,0.0045375130139291286,-0.50000011920928955,-1.6028850078582764,0.33259099721908569,0.29282474517822266">
        </Bone>
      </Part>
    </Brick>
    <Brick refID="3" designID="30383">
      <Part refID="3" designID="30383" materials="28">
        <Bone refID="3" transformation="0.99998635053634644,-0.0052248197607696056,0,0.0052248197607696056,0.99998635053634644,0,0,0,1,-0.40290045738220215,0.32629591226577759,-0.39999532699584961">
        </Bone>
      </Part>
    </Brick>
    <Brick refID="4" designID="30554">
      <Part refID="4" designID="30554" materials="28">
        <Bone refID="4" transformation="-0.33995726704597473,0.72793686389923096,-0.59543007612228394,0.36667332053184509,0.68562924861907959,0.62885880470275879,0.86601370573043823,-0.004543153103441,-0.49999961256980896,-1.9999414682388306,0.8946729302406311,-1.7856383323669434">
        </Bone>
      </Part>
    </Brick>
    <Brick refID="5" designID="41529">
      <Part refID="5" designID="41529" materials="106">
        <Bone refID="5" transformation="-0.86601340770721436,0.0045488122850656509,0.50000011920928955,-0.066393263638019562,-0.99215048551559448,-0.10596869140863419,0.49559333920478821,-0.12496694922447205,0.85951805114746094,-2.5436835289001465,2.0593712329864502,-2.738436222076416">
        </Bone>
      </Part>
    </Brick>
    <Brick refID="6" designID="30554">
      <Part refID="6" designID="30554" materials="28">
        <Bone refID="6" transformation="0.68652099370956421,0.72710996866226196,0,-0.72710996866226196,0.68652099370956421,0,0,0,1,0.40002477169036865,0.88209527730941772,-0.39999818801879883">
        </Bone>
      </Part>
    </Brick>
    <Brick refID="7" designID="41529">
      <Part refID="7" designID="41529" materials="106">
        <Bone refID="7" transformation="0,0,-1,-0.33283963799476624,-0.94298344850540161,0,-0.94298344850540161,0.33283963799476624,0,1.4984596967697144,2.0454702377319336,-0.39978647232055664">
        </Bone>
      </Part>
    </Brick>
    <Brick refID="8" designID="30554">
      <Part refID="8" designID="30554" materials="28">
        <Bone refID="8" transformation="-0.3399597704410553,0.72793740034103394,0.59542804956436157,0.36667168140411377,0.68562865257263184,-0.62886035442352295,-0.86601346731185913,0.0045393700711429119,-0.50000011920928955,-1.999942421913147,0.89468318223953247,0.98564291000366211">
        </Bone>
      </Part>
    </Brick>
    <Brick refID="9" designID="41529">
      <Part refID="9" designID="41529" materials="106">
        <Bone refID="9" transformation="0.86601310968399048,-0.0045403884723782539,0.50000089406967163,0.1874907910823822,-0.92405194044113159,-0.33312946557998657,0.46353933215141296,0.38223999738693237,-0.79938971996307373,-2.5440678596496582,2.0593819618225098,1.9382166862487793">
        </Bone>
      </Part>
    </Brick>
    <Brick refID="10" designID="3794">
      <Part refID="10" designID="3794" materials="28">
        <Bone refID="10" transformation="0.99998623132705688,-0.0052475854754447937,0,0.0052475854754447937,0.99998623132705688,0,0,0,1,-1.2012115716934204,0.65048635005950928,-0.39999675750732422">
        </Bone>
      </Part>
    </Brick>
    <Brick refID="11" designID="6255">
      <Part refID="11" designID="6255" materials="28">
        <Bone refID="11" transformation="0.99998635053634644,-0.0052248197607696056,0,0.0052248197607696056,0.99998635053634644,0,0,0,1,-0.79953896999359131,0.96838444471359253,-0.39999818801879883">
        </Bone>
      </Part>
    </Brick>
    <Brick refID="12" designID="6255">
      <Part refID="12" designID="6255" materials="28">
        <Bone refID="12" transformation="-0.99998623132705688,0.0052437763661146164,0,0.0052437763661146164,0.99998617172241211,0,0,0,-1,-0.79618299007415771,1.6083759069442749,-0.40000009536743164">
        </Bone>
      </Part>
    </Brick>
  </Bricks>
  <RigidSystems>
    <RigidSystem>
      <Rigid refID="0" transformation="0.99998623132705688,-0.0052475854754447937,0,0.0052475854754447937,0.99998623132705688,0,0,0,1,0.39543247222900391,0.010495364665985107,-5.9999942779541016" boneRefs="0,1,2,3"/>
      <Rigid refID="1" transformation="-0.33995726704597473,0.72793686389923096,-0.59543007612228394,0.36667332053184509,0.68562924861907959,0.62885880470275879,0.86601370573043823,-0.004543153103441,-0.49999961256980896,-0.39994144439697266,0.89467310905456543,-7.3856382369995117" boneRefs="4"/>
      <Rigid refID="2" transformation="-0.86601340770721436,0.0045488122850656509,0.50000011920928955,-0.066393263638019562,-0.99215048551559448,-0.10596869140863419,0.49559333920478821,-0.12496694922447205,0.85951805114746094,-0.94368362426757813,2.0593714714050293,-8.3384361267089844" boneRefs="5"/>
      <Rigid refID="3" transformation="0.68652099370956421,0.72710996866226196,0,-0.72710996866226196,0.68652099370956421,0,0,0,1,2.0000247955322266,0.88209545612335205,-5.9999980926513672" boneRefs="6"/>
      <Rigid refID="4" transformation="0,0,-1,-0.33283963799476624,-0.94298344850540161,0,-0.94298344850540161,0.33283963799476624,0,3.0984597206115723,2.0454704761505127,-5.999786376953125" boneRefs="7"/>
      <Rigid refID="5" transformation="-0.3399597704410553,0.72793740034103394,0.59542804956436157,0.36667168140411377,0.68562865257263184,-0.62886035442352295,-0.86601346731185913,0.0045393700711429119,-0.50000011920928955,-0.39994239807128906,0.8946833610534668,-4.6143569946289062" boneRefs="8"/>
      <Rigid refID="6" transformation="0.86601310968399048,-0.0045403884723782539,0.50000089406967163,0.1874907910823822,-0.92405194044113159,-0.33312946557998657,0.46353933215141296,0.38223999738693237,-0.79938971996307373,-0.94406795501708984,2.0593822002410889,-3.6617832183837891" boneRefs="9"/>
      <Rigid refID="7" transformation="0.99998623132705688,-0.0052475854754447937,0,0.0052475854754447937,0.99998623132705688,0,0,0,1,0.3987884521484375,0.6504865288734436,-5.9999966621398926" boneRefs="10,11,12"/>
      <Joint type="hinge">
        <RigidRef rigidRef="7" a="0,1,0" z="0,0,1" t="0.80000007152557373,0,0"/>
        <RigidRef rigidRef="0" a="-2.2766027541365474E-005,1,0" z="0,0,1" t="0.79999160766601563,0.64000320434570313,0"/>
      </Joint>
      <Joint type="hinge">
        <RigidRef rigidRef="5" a="0,0,-1" z="-0.99999994039535522,0,0" t="0,0,0"/>
        <RigidRef rigidRef="0" a="0.86602544784545898,0,0.50000011920928955" z="0,-1,0" t="-0.80000627040863037,0.87999963760375977,1.3856383562088013"/>
      </Joint>
      <Joint type="hinge">
        <RigidRef rigidRef="3" a="0,0,-1" z="-0.99999994039535522,0,0" t="0,0,0"/>
        <RigidRef rigidRef="0" a="0,0,-1.0000001192092896" z="2.2740345229976811E-005,-1.0000001192092896,0" t="1.59998619556427,0.88002145290374756,0"/>
      </Joint>
      <Joint type="hinge">
        <RigidRef rigidRef="1" a="0,0,-1" z="-0.99999994039535522,0,0" t="0,0,0"/>
        <RigidRef rigidRef="0" a="-0.86602538824081421,0,0.5000002384185791" z="0,-1.0000001192092896,0" t="-0.80000168085098267,0.87999451160430908,-1.3856427669525146"/>
      </Joint>
      <Joint type="hinge">
        <RigidRef rigidRef="2" a="-1.0000001192092896,0,0" z="0,0,1.0000001192092896" t="0.00021899999410379678,0,0"/>
        <RigidRef rigidRef="1" a="0,0,1" z="-0.99999994039535522,0,0" t="1.6000000238418579,0,0"/>
      </Joint>
      <Joint type="hinge">
        <RigidRef rigidRef="4" a="-1.0000001192092896,0,0" z="0,0,1.0000001192092896" t="0.00021899999410379678,0,0"/>
        <RigidRef rigidRef="3" a="0,0,1" z="-0.99999994039535522,0,0" t="1.6000000238418579,0,0"/>
      </Joint>
      <Joint type="hinge">
        <RigidRef rigidRef="6" a="-1.0000001192092896,0,0" z="0,0,1.0000001192092896" t="0.00021899999410379678,0,0"/>
        <RigidRef rigidRef="5" a="0,0,1" z="-0.99999994039535522,0,0" t="1.6000000238418579,0,0"/>
      </Joint>
    </RigidSystem>
  </RigidSystems>
  <GroupSystems>
    <GroupSystem>
    </GroupSystem>
  </GroupSystems>
</LXFML>
