<?xml version="1.0" encoding="UTF-8" standalone="no" ?>
<LXFML versionMajor="5" versionMinor="0">
  <Meta>
    <Application name="LEGO Universe" versionMajor="0" versionMinor="0"/>
    <Brand name="LEGOUniverse"/>
    <BrickSet version="434"/>
  </Meta>
  <Bricks>
    <Brick refID="0" designID="3068">
      <Part refID="0" designID="3068" materials="192,0" decoration="0">
        <Bone refID="0" transformation="-1,0,0,0,0.59342825412750244,-0.80488693714141846,0,-0.80488693714141846,-0.59342825412750244,-0.80000001192092896,7.5577473640441895,1.9883657693862915">
        </Bone>
      </Part>
    </Brick>
    <Brick refID="1" designID="87087">
      <Part refID="1" designID="87087" materials="192">
        <Bone refID="1" transformation="-1,0,0,0,0.80488669872283936,0.59342837333679199,0,0.59342837333679199,-0.80488681793212891,-1.2000000476837158,7.1915946006774902,2.21537184715271">
        </Bone>
      </Part>
    </Brick>
    <Brick refID="2" designID="3069">
      <Part refID="2" designID="3069" materials="192,0" decoration="0">
        <Bone refID="2" transformation="-1,0,0,0,0.80488669872283936,0.59342837333679199,0,0.59342837333679199,-0.80488681793212891,-1.19977867603302,8.4794130325317383,3.1648571491241455">
        </Bone>
      </Part>
    </Brick>
    <Brick refID="3" designID="3023">
      <Part refID="3" designID="3023" materials="192">
        <Bone refID="3" transformation="-1,0,0,0,0.80488669872283936,0.59342837333679199,0,0.59342837333679199,-0.80488681793212891,-1.2000012397766113,8.2218494415283203,2.974959135055542">
        </Bone>
      </Part>
    </Brick>
    <Brick refID="4" designID="3623">
      <Part refID="4" designID="3623" materials="192">
        <Bone refID="4" transformation="-1,0,0,0,0.80488669872283936,0.59342837333679199,0,0.59342837333679199,-0.80488681793212891,-0.40000128746032715,7.9642848968505859,2.7850620746612549">
        </Bone>
      </Part>
    </Brick>
    <Brick refID="5" designID="50746">
      <Part refID="5" designID="50746" materials="192">
        <Bone refID="5" transformation="0,0.59342849254608154,-0.80488687753677368,0,0.80488693714141846,0.59342849254608154,1,0,0,-0.40000173449516296,8.2218494415283203,2.9749593734741211">
        </Bone>
      </Part>
    </Brick>
    <Brick refID="6" designID="3005">
      <Part refID="6" designID="3005" materials="192,0" decoration="0">
        <Bone refID="6" transformation="-1,0,0,0,0.80488669872283936,0.59342837333679199,0,0.59342837333679199,-0.80488681793212891,-2.0000019073486328,7.1915931701660156,2.2153706550598145">
        </Bone>
      </Part>
    </Brick>
    <Brick refID="7" designID="3622">
      <Part refID="7" designID="3622" materials="192">
        <Bone refID="7" transformation="-1,0,0,0,0.80488669872283936,0.59342837333679199,0,0.59342837333679199,-0.80488681793212891,-0.40000066161155701,6.4189019203186035,1.6456795930862427">
        </Bone>
      </Part>
    </Brick>
    <Brick refID="8" designID="3666">
      <Part refID="8" designID="3666" materials="192">
        <Bone refID="8" transformation="-1,0,0,0,0.80488669872283936,0.59342837333679199,0,0.59342837333679199,-0.80488681793212891,2,6.1613378524780273,1.4557825326919556">
        </Bone>
      </Part>
    </Brick>
    <Brick refID="9" designID="3004">
      <Part refID="9" designID="3004" materials="192,0,0,0" decoration="0,0,0">
        <Bone refID="9" transformation="-1,0,0,0,0.80488669872283936,0.59342837333679199,0,0.59342837333679199,-0.80488681793212891,0.39999896287918091,5.3886466026306152,0.88609099388122559">
        </Bone>
      </Part>
    </Brick>
    <Brick refID="10" designID="3009">
      <Part refID="10" designID="3009" materials="192">
        <Bone refID="10" transformation="-1,0,0,0,0.80488669872283936,0.59342837333679199,0,0.59342837333679199,-0.80488681793212891,1.9999995231628418,4.6159543991088867,0.31639951467514038">
        </Bone>
      </Part>
    </Brick>
    <Brick refID="11" designID="3005">
      <Part refID="11" designID="3005" materials="192,0" decoration="0">
        <Bone refID="11" transformation="-1,0,0,0,0.80488669872283936,0.59342837333679199,0,0.59342837333679199,-0.80488681793212891,1.9999995231628418,5.3886466026306152,0.88609123229980469">
        </Bone>
      </Part>
    </Brick>
    <Brick refID="12" designID="3005">
      <Part refID="12" designID="3005" materials="192,0" decoration="0">
        <Bone refID="12" transformation="-1,0,0,0,0.80488669872283936,0.59342837333679199,0,0.59342837333679199,-0.80488681793212891,-2.0000026226043701,5.3886466026306152,0.88609069585800171">
        </Bone>
      </Part>
    </Brick>
    <Brick refID="13" designID="3666">
      <Part refID="13" designID="3666" materials="192">
        <Bone refID="13" transformation="-1,0,0,0,0.80488669872283936,0.59342837333679199,0,0.59342837333679199,-0.80488681793212891,1.9999990463256836,4.358391284942627,0.12650258839130402">
        </Bone>
      </Part>
    </Brick>
    <Brick refID="14" designID="30414">
      <Part refID="14" designID="30414" materials="23">
        <Bone refID="14" transformation="-1,0,0,0,0.80488669872283936,0.59342837333679199,0,0.59342837333679199,-0.80488681793212891,1.1999990940093994,3.5856995582580566,-0.44318929314613342">
        </Bone>
      </Part>
    </Brick>
    <Brick refID="15" designID="3666">
      <Part refID="15" designID="3666" materials="23">
        <Bone refID="15" transformation="-1,0,0,0,0.80488669872283936,0.59342837333679199,0,0.59342837333679199,-0.80488681793212891,1.9999990463256836,3.3281364440917969,-0.63308602571487427">
        </Bone>
      </Part>
    </Brick>
    <Brick refID="16" designID="3666">
      <Part refID="16" designID="3666" materials="23">
        <Bone refID="16" transformation="-1,0,0,0,0.80488669872283936,0.59342837333679199,0,0.59342837333679199,-0.80488681793212891,1.9999985694885254,3.0705711841583252,-0.82298386096954346">
        </Bone>
      </Part>
    </Brick>
    <Brick refID="17" designID="30414">
      <Part refID="17" designID="30414" materials="23">
        <Bone refID="17" transformation="-1,0,0,0,0.80488669872283936,0.59342837333679199,0,0.59342837333679199,-0.80488681793212891,1.1999979019165039,2.2978811264038086,-1.3926743268966675">
        </Bone>
      </Part>
    </Brick>
    <Brick refID="18" designID="3009">
      <Part refID="18" designID="3009" materials="23">
        <Bone refID="18" transformation="-1,0,0,0,0.80488669872283936,0.59342837333679199,0,0.59342837333679199,-0.80488681793212891,1.9999980926513672,1.5251893997192383,-1.9623658657073975">
        </Bone>
      </Part>
    </Brick>
    <Brick refID="19" designID="3032">
      <Part refID="19" designID="3032" materials="23">
        <Bone refID="19" transformation="-1,0,0,0,0.59342831373214722,-0.80488699674606323,0,-0.80488699674606323,-0.59342831373214722,2.0000002384185791,1.0542615652084351,-2.8065376281738281">
        </Bone>
      </Part>
    </Brick>
    <Brick refID="20" designID="3069">
      <Part refID="20" designID="3069" materials="23,0" decoration="0">
        <Bone refID="20" transformation="1,0,0,0,0.59342831373214722,-0.80488687753677368,0,0.80488687753677368,0.59342831373214722,-0.40022337436676025,1.2441586256027222,-3.0641014575958252">
        </Bone>
      </Part>
    </Brick>
    <Brick refID="21" designID="6636">
      <Part refID="21" designID="6636" materials="23,0" decoration="0">
        <Bone refID="21" transformation="0,-0.80488699674606323,-0.59342837333679199,0,0.59342843294143677,-0.80488705635070801,1.0000001192092896,0,0,1.9999992847442627,4.4637050628662109,-0.69038748741149902">
        </Bone>
      </Part>
    </Brick>
    <Brick refID="22" designID="6636">
      <Part refID="22" designID="6636" materials="21,0" decoration="0">
        <Bone refID="22" transformation="0,-0.80488699674606323,-0.59342837333679199,0,0.59342843294143677,-0.80488705635070801,1.0000001192092896,0,0,1.1999995708465576,4.4637050628662109,-0.69038748741149902">
        </Bone>
      </Part>
    </Brick>
    <Brick refID="23" designID="3070">
      <Part refID="23" designID="3070" materials="1,0" decoration="0">
        <Bone refID="23" transformation="-1,0,0,0,0.59342831373214722,-0.80488699674606323,0,-0.80488699674606323,-0.59342831373214722,-0.39999967813491821,3.1758882999420166,-1.6398725509643555">
        </Bone>
      </Part>
    </Brick>
    <Brick refID="24" designID="3070">
      <Part refID="24" designID="3070" materials="23,0" decoration="0">
        <Bone refID="24" transformation="-1,0,0,0,0.59342849254608154,-0.80488699674606323,0,-0.80488699674606323,-0.59342831373214722,-0.40000152587890625,2.5319781303405762,-2.1146161556243896">
        </Bone>
      </Part>
    </Brick>
    <Brick refID="25" designID="3070">
      <Part refID="25" designID="3070" materials="1,0" decoration="0">
        <Bone refID="25" transformation="-1,0,0,0,0.59342849254608154,-0.80488699674606323,0,-0.80488699674606323,-0.59342831373214722,0.3999982476234436,2.5319781303405762,-2.1146161556243896">
        </Bone>
      </Part>
    </Brick>
    <Brick refID="26" designID="3070">
      <Part refID="26" designID="3070" materials="23,0" decoration="0">
        <Bone refID="26" transformation="-1,0,0,0,0.59342831373214722,-0.80488699674606323,0,-0.80488699674606323,-0.59342831373214722,0.40000003576278687,3.1758880615234375,-1.6398724317550659">
        </Bone>
      </Part>
    </Brick>
    <Brick refID="27" designID="3070">
      <Part refID="27" designID="3070" materials="1,0" decoration="0">
        <Bone refID="27" transformation="-1,0,0,0,0.59342831373214722,-0.80488699674606323,0,-0.80488699674606323,-0.59342831373214722,-0.39999958872795105,1.8880674839019775,-2.5893592834472656">
        </Bone>
      </Part>
    </Brick>
    <Brick refID="28" designID="3070">
      <Part refID="28" designID="3070" materials="23,0" decoration="0">
        <Bone refID="28" transformation="-1,0,0,0,0.59342831373214722,-0.80488699674606323,0,-0.80488699674606323,-0.59342831373214722,0.40000015497207642,1.8880674839019775,-2.5893592834472656">
        </Bone>
      </Part>
    </Brick>
    <Brick refID="29" designID="41769">
      <Part refID="29" designID="41769" materials="1">
        <Bone refID="29" transformation="-1,0,0,0,0.59342831373214722,-0.80488699674606323,0,-0.80488699674606323,-0.59342831373214722,0.39999908208847046,4.2738080024719238,-0.43282374739646912">
        </Bone>
      </Part>
    </Brick>
    <Brick refID="30" designID="3070">
      <Part refID="30" designID="3070" materials="23,0" decoration="0">
        <Bone refID="30" transformation="-1,0,0,0,0.59342831373214722,-0.80488699674606323,0,-0.80488699674606323,-0.59342831373214722,0.39999908208847046,4.4637050628662109,-0.6903875470161438">
        </Bone>
      </Part>
    </Brick>
    <Brick refID="31" designID="3070">
      <Part refID="31" designID="3070" materials="1,0" decoration="0">
        <Bone refID="31" transformation="-1,0,0,0,0.59342831373214722,-0.80488699674606323,0,-0.80488699674606323,-0.59342831373214722,-0.40000069141387939,4.4637045860290527,-0.69038784503936768">
        </Bone>
      </Part>
    </Brick>
    <Brick refID="32" designID="4286">
      <Part refID="32" designID="4286" materials="192">
        <Bone refID="32" transformation="0,0.59342849254608154,-0.80488687753677368,0,0.80488693714141846,0.59342849254608154,1,0,0,0.39999836683273315,6.4189019203186035,1.6456794738769531">
        </Bone>
      </Part>
    </Brick>
    <Brick refID="33" designID="6636">
      <Part refID="33" designID="6636" materials="21,0" decoration="0">
        <Bone refID="33" transformation="0,0.80488705635070801,0.59342831373214722,0,0.59342843294143677,-0.80488705635070801,-1.0000001192092896,0,0,-1.2000007629394531,1.2441569566726685,-3.0641024112701416">
        </Bone>
      </Part>
    </Brick>
    <Brick refID="34" designID="6636">
      <Part refID="34" designID="6636" materials="23,0" decoration="0">
        <Bone refID="34" transformation="0,0.80488705635070801,0.59342831373214722,0,0.59342843294143677,-0.80488705635070801,-1.0000001192092896,0,0,-2.0000016689300537,1.2441564798355103,-3.064103364944458">
        </Bone>
      </Part>
    </Brick>
    <Brick refID="35" designID="30414">
      <Part refID="35" designID="30414" materials="23">
        <Bone refID="35" transformation="1,0,0,0,-0.80488705635070801,-0.59342813491821289,0,0.59342813491821289,-0.80488699674606323,-1.1999998092651367,1.2676265239715576,-2.1522634029388428">
        </Bone>
      </Part>
    </Brick>
    <Brick refID="36" designID="6636">
      <Part refID="36" designID="6636" materials="1,0" decoration="0">
        <Bone refID="36" transformation="-1,0,0,0,-0.80488681793212891,-0.59342843294143677,0,-0.59342843294143677,0.80488669872283936,1.9999995231628418,0.49493551254272461,-2.7219536304473877">
        </Bone>
      </Part>
    </Brick>
    <Brick refID="37" designID="3666">
      <Part refID="37" designID="3666" materials="23">
        <Bone refID="37" transformation="-1,0,0,0,-0.80488681793212891,-0.59342843294143677,0,-0.59342843294143677,0.80488669872283936,1.9999995231628418,1.5251893997192383,-1.9623658657073975">
        </Bone>
      </Part>
    </Brick>
    <Brick refID="38" designID="3040">
      <Part refID="38" designID="3040" materials="192,0" decoration="0">
        <Bone refID="38" transformation="0,0.59342849254608154,-0.80488687753677368,0,0.80488693714141846,0.59342849254608154,1,0,0,-0.4000011682510376,7.1915931701660156,2.2153708934783936">
        </Bone>
      </Part>
    </Brick>
    <Brick refID="39" designID="3070">
      <Part refID="39" designID="3070" materials="23,0" decoration="0">
        <Bone refID="39" transformation="-1,0,0,0,0.59342849254608154,-0.80488699674606323,0,-0.80488699674606323,-0.59342831373214722,-0.40000256896018982,3.8197958469390869,-1.165130615234375">
        </Bone>
      </Part>
    </Brick>
    <Brick refID="40" designID="3666">
      <Part refID="40" designID="3666" materials="23">
        <Bone refID="40" transformation="1,0,0,0,0.59342837333679199,-0.80488681793212891,0,0.80488687753677368,0.59342843294143677,-2.0000033378601074,3.6298987865447998,-0.90756666660308838">
        </Bone>
      </Part>
    </Brick>
    <Brick refID="41" designID="3070">
      <Part refID="41" designID="3070" materials="1,0" decoration="0">
        <Bone refID="41" transformation="-1,0,0,0,0.59342843294143677,-0.80488687753677368,0,-0.80488687753677368,-0.59342825412750244,0.3999975323677063,3.8197975158691406,-1.1651284694671631">
        </Bone>
      </Part>
    </Brick>
    <Brick refID="42" designID="3023">
      <Part refID="42" designID="3023" materials="1">
        <Bone refID="42" transformation="-1,0,0,0,0.59342831373214722,-0.80488699674606323,0,-0.80488699674606323,-0.59342831373214722,1.9999992847442627,4.2738080024719238,-0.43282368779182434">
        </Bone>
      </Part>
    </Brick>
    <Brick refID="43" designID="87087">
      <Part refID="43" designID="87087" materials="23">
        <Bone refID="43" transformation="0,0.59342843294143677,-0.80488681793212891,0,0.80488687753677368,0.59342843294143677,1,0,0,1.9999985694885254,3.5857014656066895,-0.44318711757659912">
        </Bone>
      </Part>
    </Brick>
    <Brick refID="44" designID="3070">
      <Part refID="44" designID="3070" materials="1,0" decoration="0">
        <Bone refID="44" transformation="0,0.59342861175537109,-0.80488669872283936,1.0000001192092896,0,0,0,-0.80488669872283936,-0.59342855215072632,2.3999984264373779,4.03643798828125,-0.11086732894182205">
        </Bone>
      </Part>
    </Brick>
    <Brick refID="45" designID="87087">
      <Part refID="45" designID="87087" materials="23">
        <Bone refID="45" transformation="0,-0.59342837333679199,0.80488681793212891,0,0.80488687753677368,0.59342837333679199,-1,0,0,-2.0000004768371582,3.5857014656066895,-0.44318747520446777">
        </Bone>
      </Part>
    </Brick>
    <Brick refID="46" designID="3069">
      <Part refID="46" designID="3069" materials="1,0" decoration="0">
        <Bone refID="46" transformation="0,0.80488681793212891,0.59342843294143677,-1,0,0,0,-0.59342843294143677,0.80488687753677368,-2.4000005722045898,4.0362582206726074,-0.11100003123283386">
        </Bone>
      </Part>
    </Brick>
    <Brick refID="47" designID="87087">
      <Part refID="47" designID="87087" materials="23">
        <Bone refID="47" transformation="0,-0.59342807531356812,0.80488705635070801,0,-0.80488699674606323,-0.59342807531356812,1,0,0,1.9999988079071045,1.2676278352737427,-2.1522603034973145">
        </Bone>
      </Part>
    </Brick>
    <Brick refID="48" designID="3069">
      <Part refID="48" designID="3069" materials="23,0" decoration="0">
        <Bone refID="48" transformation="0,-0.80488681793212891,-0.59342843294143677,1,0,0,0,-0.59342843294143677,0.80488687753677368,2.399998664855957,1.4609802961349487,-2.0097053050994873">
        </Bone>
      </Part>
    </Brick>
    <Brick refID="49" designID="87087">
      <Part refID="49" designID="87087" materials="23">
        <Bone refID="49" transformation="0,0.59342813491821289,-0.80488705635070801,0,-0.80488693714141846,-0.59342813491821289,-1,0,0,-2.0000007152557373,1.2676273584365845,-2.1522607803344727">
        </Bone>
      </Part>
    </Brick>
    <Brick refID="50" designID="87087">
      <Part refID="50" designID="87087" materials="23">
        <Bone refID="50" transformation="0,-0.59342843294143677,0.80488681793212891,0,0.80488687753677368,0.59342843294143677,-1,0,0,-2.0000002384185791,2.2978825569152832,-1.3926728963851929">
        </Bone>
      </Part>
    </Brick>
    <Brick refID="51" designID="63864">
      <Part refID="51" designID="63864" materials="23">
        <Bone refID="51" transformation="0,-0.80488711595535278,-0.59342789649963379,-1,0,0,0,0.59342789649963379,-0.80488711595535278,-2.4000003337860107,3.392528772354126,-0.58561044931411743">
        </Bone>
      </Part>
    </Brick>
    <Brick refID="52" designID="87087">
      <Part refID="52" designID="87087" materials="23">
        <Bone refID="52" transformation="0,0.59342837333679199,-0.80488675832748413,0,0.80488675832748413,0.59342837333679199,0.99999994039535522,0,0,1.9999985694885254,2.2978825569152832,-1.3926725387573242">
        </Bone>
      </Part>
    </Brick>
    <Brick refID="53" designID="63864">
      <Part refID="53" designID="63864" materials="23">
        <Bone refID="53" transformation="0,-0.80488681793212891,-0.59342843294143677,1,0,0,0,-0.59342843294143677,0.80488687753677368,2.399998664855957,3.3925285339355469,-0.58560973405838013">
        </Bone>
      </Part>
    </Brick>
    <Brick refID="54" designID="87087">
      <Part refID="54" designID="87087" materials="192">
        <Bone refID="54" transformation="-1,0,0,0,0.80488669872283936,0.59342837333679199,0,0.59342837333679199,-0.80488681793212891,-1.2000001668930054,5.3886480331420898,0.88609224557876587">
        </Bone>
      </Part>
    </Brick>
    <Brick refID="55" designID="3068">
      <Part refID="55" designID="3068" materials="192,0" decoration="0">
        <Bone refID="55" transformation="-1,0,0,0,0.59342825412750244,-0.80488693714141846,0,-0.80488693714141846,-0.59342825412750244,-0.80000001192092896,5.7548007965087891,0.65908610820770264">
        </Bone>
      </Part>
    </Brick>
    <Brick refID="56" designID="87087">
      <Part refID="56" designID="87087" materials="192">
        <Bone refID="56" transformation="-1,0,0,0,0.80488669872283936,0.59342837333679199,0,0.59342837333679199,-0.80488681793212891,1.1999995708465576,5.3886480331420898,0.88609260320663452">
        </Bone>
      </Part>
    </Brick>
    <Brick refID="57" designID="3068">
      <Part refID="57" designID="3068" materials="192,0" decoration="0">
        <Bone refID="57" transformation="-1,0,0,0,0.59342825412750244,-0.80488693714141846,0,-0.80488693714141846,-0.59342825412750244,1.5999996662139893,5.7548007965087891,0.65908640623092651">
        </Bone>
      </Part>
    </Brick>
    <Brick refID="58" designID="3069">
      <Part refID="58" designID="3069" materials="23,0" decoration="0">
        <Bone refID="58" transformation="0,-0.80488705635070801,-0.59342819452285767,-1.0000001192092896,0,0,0,0.59342819452285767,-0.80488693714141846,-2.4000008106231689,1.4609801769256592,-2.0097057819366455">
        </Bone>
      </Part>
    </Brick>
  </Bricks>
  <RigidSystems>
    <RigidSystem>
      <Rigid refID="0" transformation="-1,0,0,0,0.59342825412750244,-0.80488693714141846,0,-0.80488693714141846,-0.59342825412750244,0,7.5577473640441895,1.9883657693862915" boneRefs="0"/>
      <Rigid refID="1" transformation="-1,0,0,0,0.80488669872283936,0.59342837333679199,0,0.59342837333679199,-0.80488681793212891,-0.40000003576278687,7.1915946006774902,2.21537184715271" boneRefs="1"/>
      <Rigid refID="2" transformation="-1,0,0,0,0.80488669872283936,0.59342837333679199,0,0.59342837333679199,-0.80488681793212891,-0.39977863430976868,8.4794130325317383,3.1648571491241455" boneRefs="2,3,4,5,6,7,8,9,10,11,12,13,14,15,16,17,18,19,20,21,22,23,24,25,26,27,28,29,30,31,32,33,34,35,36,37,38,39,40,41,42"/>
      <Rigid refID="3" transformation="0,0.59342843294143677,-0.80488681793212891,0,0.80488687753677368,0.59342843294143677,1,0,0,2.7999985218048096,3.5857012271881104,-0.44318711757659912" boneRefs="43,44"/>
      <Rigid refID="4" transformation="0,-0.59342837333679199,0.80488681793212891,0,0.80488687753677368,0.59342837333679199,-1,0,0,-1.2000004053115845,3.5857012271881104,-0.44318747520446777" boneRefs="45"/>
      <Rigid refID="5" transformation="0,0.80488681793212891,0.59342843294143677,-1,0,0,0,-0.59342843294143677,0.80488687753677368,-1.6000005006790161,4.0362582206726074,-0.11100003123283386" boneRefs="46"/>
      <Rigid refID="6" transformation="0,-0.59342807531356812,0.80488705635070801,0,-0.80488699674606323,-0.59342807531356812,1,0,0,2.7999987602233887,1.2676277160644531,-2.1522603034973145" boneRefs="47"/>
      <Rigid refID="7" transformation="0,-0.80488681793212891,-0.59342843294143677,1,0,0,0,-0.59342843294143677,0.80488687753677368,3.1999986171722412,1.4609801769256592,-2.0097053050994873" boneRefs="48"/>
      <Rigid refID="8" transformation="0,0.59342813491821289,-0.80488705635070801,0,-0.80488693714141846,-0.59342813491821289,-1,0,0,-1.2000006437301636,1.2676272392272949,-2.1522607803344727" boneRefs="49"/>
      <Rigid refID="9" transformation="0,-0.59342843294143677,0.80488681793212891,0,0.80488687753677368,0.59342843294143677,-1,0,0,-1.2000002861022949,2.2978823184967041,-1.3926728963851929" boneRefs="50"/>
      <Rigid refID="10" transformation="0,-0.80488711595535278,-0.59342789649963379,-1,0,0,0,0.59342789649963379,-0.80488711595535278,-1.6000003814697266,3.3925285339355469,-0.58561044931411743" boneRefs="51"/>
      <Rigid refID="11" transformation="0,0.59342837333679199,-0.80488675832748413,0,0.80488675832748413,0.59342837333679199,0.99999994039535522,0,0,2.7999985218048096,2.2978823184967041,-1.3926725387573242" boneRefs="52"/>
      <Rigid refID="12" transformation="0,-0.80488681793212891,-0.59342843294143677,1,0,0,0,-0.59342843294143677,0.80488687753677368,3.1999986171722412,3.3925282955169678,-0.58560973405838013" boneRefs="53"/>
      <Rigid refID="13" transformation="-1,0,0,0,0.80488669872283936,0.59342837333679199,0,0.59342837333679199,-0.80488681793212891,-0.40000015497207642,5.3886480331420898,0.88609224557876587" boneRefs="54"/>
      <Rigid refID="14" transformation="-1,0,0,0,0.59342825412750244,-0.80488693714141846,0,-0.80488693714141846,-0.59342825412750244,0,5.7548007965087891,0.65908610820770264" boneRefs="55"/>
      <Rigid refID="15" transformation="-1,0,0,0,0.80488669872283936,0.59342837333679199,0,0.59342837333679199,-0.80488681793212891,1.9999996423721313,5.3886480331420898,0.88609260320663452" boneRefs="56"/>
      <Rigid refID="16" transformation="-1,0,0,0,0.59342825412750244,-0.80488693714141846,0,-0.80488693714141846,-0.59342825412750244,2.3999996185302734,5.7548007965087891,0.65908640623092651" boneRefs="57"/>
      <Rigid refID="17" transformation="0,-0.80488705635070801,-0.59342819452285767,-1.0000001192092896,0,0,0,0.59342819452285767,-0.80488693714141846,-1.6000007390975952,1.4609800577163696,-2.0097057819366455" boneRefs="58"/>
      <Joint type="hinge">
        <RigidRef rigidRef="0" a="0,1,0" z="0,0,1" t="0.40000000596046448,0,-0.40000003576278687"/>
        <RigidRef rigidRef="1" a="0,0,1" z="0,-1,0" t="0,0.55999994277954102,0.39999997615814209"/>
      </Joint>
      <Joint type="hinge">
        <RigidRef rigidRef="1" a="0,1,0" z="0,0,1" t="0,0.95999997854232788,0"/>
        <RigidRef rigidRef="2" a="0,1,0" z="0,0,1" t="0.00022268295288085938,-0.64000105857849121,0"/>
      </Joint>
      <Joint type="hinge">
        <RigidRef rigidRef="2" a="0,1,0" z="0,0,1" t="-3.1997778415679932,-6.0800023078918457,0"/>
        <RigidRef rigidRef="3" a="0,1,0" z="0,0,1" t="0,0,0"/>
      </Joint>
      <Joint type="hinge">
        <RigidRef rigidRef="2" a="0,1,0" z="0,0,1" t="0.80022215843200684,-6.0800023078918457,0"/>
        <RigidRef rigidRef="4" a="0,1,0" z="0,0,1" t="0,0,0"/>
      </Joint>
      <Joint type="hinge">
        <RigidRef rigidRef="2" a="0,-1,0" z="0,0,-1" t="-3.1997783184051514,-8.9600028991699219,0"/>
        <RigidRef rigidRef="6" a="0,1,0" z="0,0,1" t="0,0,0"/>
      </Joint>
      <Joint type="hinge">
        <RigidRef rigidRef="2" a="0,-1,0" z="0,0,-1" t="0.80022162199020386,-8.9600038528442383,0"/>
        <RigidRef rigidRef="8" a="0,1,0" z="0,0,1" t="0,0,0"/>
      </Joint>
      <Joint type="hinge">
        <RigidRef rigidRef="2" a="0,1,0" z="0,0,1" t="0.80022311210632324,-7.6800031661987305,0"/>
        <RigidRef rigidRef="9" a="0,1,0" z="0,0,1" t="0,0,0"/>
      </Joint>
      <Joint type="hinge">
        <RigidRef rigidRef="2" a="0,1,0" z="0,0,1" t="-3.1997768878936768,-7.6800031661987305,0"/>
        <RigidRef rigidRef="11" a="0,1,0" z="0,0,1" t="0,0,0"/>
      </Joint>
      <Joint type="hinge">
        <RigidRef rigidRef="2" a="0,1,0" z="0,0,1" t="0.00022172927856445313,-3.8400025367736816,0"/>
        <RigidRef rigidRef="13" a="0,1,0" z="0,0,1" t="0,0,0"/>
      </Joint>
      <Joint type="hinge">
        <RigidRef rigidRef="2" a="0,1,0" z="0,0,1" t="-2.3997783660888672,-3.8400025367736816,0"/>
        <RigidRef rigidRef="15" a="0,1,0" z="0,0,1" t="0,0,0"/>
      </Joint>
      <Joint type="hinge">
        <RigidRef rigidRef="4" a="0,0,1" z="0,-1,0" t="0,0.55999994277954102,0.39999997615814209"/>
        <RigidRef rigidRef="5" a="0,1,0" z="0,0,1" t="0.00022301077842712402,0,0"/>
      </Joint>
      <Joint type="hinge">
        <RigidRef rigidRef="6" a="0,0,1" z="0,-1,0" t="0,0.55999994277954102,0.39999997615814209"/>
        <RigidRef rigidRef="7" a="0,1,0" z="0,0,1" t="0.80022305250167847,0,0"/>
      </Joint>
      <Joint type="hinge">
        <RigidRef rigidRef="8" a="0,0,1" z="0,-1,0" t="0,0.55999994277954102,0.39999997615814209"/>
        <RigidRef rigidRef="17" a="0,1,0" z="0,0,1" t="0.80022305250167847,0,0"/>
      </Joint>
      <Joint type="hinge">
        <RigidRef rigidRef="9" a="0,0,1" z="0,-1,0" t="0,0.55999994277954102,0.39999997615814209"/>
        <RigidRef rigidRef="10" a="0,1,0" z="0,0,1" t="0.80000007152557373,0,0"/>
      </Joint>
      <Joint type="hinge">
        <RigidRef rigidRef="11" a="0,0,1" z="0,-1,0" t="0,0.55999994277954102,0.39999997615814209"/>
        <RigidRef rigidRef="12" a="0,1,0" z="0,0,1" t="0.80000007152557373,0,0"/>
      </Joint>
      <Joint type="hinge">
        <RigidRef rigidRef="13" a="0,0,1" z="0,-1,0" t="0,0.55999994277954102,0.39999997615814209"/>
        <RigidRef rigidRef="14" a="0,1,0" z="0,0,1" t="0.40000000596046448,0,-0.40000003576278687"/>
      </Joint>
      <Joint type="hinge">
        <RigidRef rigidRef="15" a="0,0,1" z="0,-1,0" t="0,0.55999994277954102,0.39999997615814209"/>
        <RigidRef rigidRef="16" a="0,1,0" z="0,0,1" t="0.40000000596046448,0,-0.40000003576278687"/>
      </Joint>
    </RigidSystem>
  </RigidSystems>
  <GroupSystems>
    <GroupSystem>
    </GroupSystem>
  </GroupSystems>
</LXFML>
