<?xml version="1.0" encoding="UTF-8" standalone="no" ?>
<LXFML versionMajor="5" versionMinor="0">
  <Meta>
    <Application name="LEGO Universe" versionMajor="0" versionMinor="0"/>
    <Brand name="LEGOUniverse"/>
    <BrickSet version="330"/>
  </Meta>
  <Bricks>
    <Brick refID="0" designID="3062">
      <Part refID="0" designID="3062" materials="141">
        <Bone refID="0" transformation="0.83932203054428101,0.18895092606544495,0.50974118709564209,-0.21962669491767883,0.97558403015136719,0,-0.49729534983634949,-0.11195280402898788,0.86032783985137939,0.13029348850250244,7.1824607849121094,0">
        </Bone>
      </Part>
    </Brick>
    <Brick refID="1" designID="4032">
      <Part refID="1" designID="4032" materials="141">
        <Bone refID="1" transformation="0.83932197093963623,0.18895092606544495,0.50974112749099731,-0.21962668001651764,0.97558397054672241,0,-0.49729529023170471,-0.11195279657840729,0.86032778024673462,-0.33407247066497803,6.7499151229858398,0.14023500680923462">
        </Bone>
      </Part>
    </Brick>
    <Brick refID="2" designID="6148">
      <Part refID="2" designID="6148" materials="141">
        <Bone refID="2" transformation="-0.49729537963867188,-0.11195279657840729,0.86032766103744507,-0.21962673962116241,0.97558397054672241,0,-0.83932197093963623,-0.18895098567008972,-0.50974130630493164,0.13404524326324463,6.5272893905639648,-0.54802650213241577">
        </Bone>
      </Part>
    </Brick>
    <Brick refID="3" designID="6148">
      <Part refID="3" designID="6148" materials="141">
        <Bone refID="3" transformation="0.83932209014892578,0.18895089626312256,0.50974094867706299,-0.21962662041187286,0.97558397054672241,0,-0.497295081615448,-0.11195272952318192,0.86032783985137939,-0.19351232051849365,6.1255407333374023,0.14023596048355103">
        </Bone>
      </Part>
    </Brick>
    <Brick refID="4" designID="2566">
      <Part refID="4" designID="2566" materials="141">
        <Bone refID="4" transformation="0.94513118267059326,0.21277119219303131,-0.24790184199810028,-0.21962679922580719,0.97558397054672241,0,0.24184904992580414,0.054445844143629074,0.96878516674041748,0.73646235466003418,4.4898505210876465,0">
        </Bone>
      </Part>
    </Brick>
    <Brick refID="5" designID="6148">
      <Part refID="5" designID="6148" materials="141">
        <Bone refID="5" transformation="0.49729564785957336,0.11195293068885803,-0.86032766103744507,-0.2196267694234848,0.97558403015136719,0,0.83932191133499146,0.18895094096660614,0.50974160432815552,0.40766394138336182,6.5888881683349609,0.54802805185317993">
        </Bone>
      </Part>
    </Brick>
    <Brick refID="6" designID="6148">
      <Part refID="6" designID="6148" materials="141">
        <Bone refID="6" transformation="-0.83932173252105713,-0.18895094096660614,-0.50974154472351074,-0.21962679922580719,0.97558397054672241,0,0.49729564785957336,0.11195296049118042,-0.86032760143280029,0.87578165531158447,6.3662643432617187,-0.14023301005363464">
        </Bone>
      </Part>
    </Brick>
    <Brick refID="7" designID="6135">
      <Part refID="7" designID="6135" materials="217">
        <Bone refID="7" transformation="0.97558403015136719,0.21962650120258331,0,-0.21962650120258331,0.97558403015136719,0,0,0,1,0.77555620670318604,4.3161935806274414,0">
        </Bone>
      </Part>
    </Brick>
    <Brick refID="8" designID="6135">
      <Part refID="8" designID="6135" materials="217">
        <Bone refID="8" transformation="0.91795313358306885,0.39668884873390198,0,-0.39668884873390198,0.91795313358306885,0,0,0,1,1.3424659967422485,3.0557575225830078,0">
        </Bone>
      </Part>
    </Brick>
    <Brick refID="9" designID="6135">
      <Part refID="9" designID="6135" materials="217">
        <Bone refID="9" transformation="0.97589528560638428,0.21823929250240326,0,-0.21823929250240326,0.97589528560638428,0,0,0,1,1.6240068674087524,1.7026486396789551,0">
        </Bone>
      </Part>
    </Brick>
    <Brick refID="10" designID="2419">
      <Part refID="10" designID="2419" materials="5">
        <Bone refID="10" transformation="1,0,0,0,1,0,0,0,1,-0.39999997615814209,0,0.40000200271606445">
        </Bone>
      </Part>
    </Brick>
    <Brick refID="11" designID="2563">
      <Part refID="11" designID="2563" materials="217">
        <Bone refID="11" transformation="1,0,0,0,1,0,0,0,1,1.1999996900558472,0.31999629735946655,0.40000182390213013">
        </Bone>
      </Part>
    </Brick>
    <Brick refID="12" designID="2419">
      <Part refID="12" designID="2419" materials="5">
        <Bone refID="12" transformation="-1,0,0,0,1,0,0,0,-1,3.6000003814697266,0,-0.40000122785568237">
        </Bone>
      </Part>
    </Brick>
  </Bricks>
  <RigidSystems>
    <RigidSystem>
      <Rigid refID="0" transformation="0.83932203054428101,0.18895092606544495,0.50974118709564209,-0.21962669491767883,0.97558403015136719,0,-0.49729534983634949,-0.11195280402898788,0.86032783985137939,-1.4697065353393555,7.1824607849121094,0" boneRefs="0,1,2,3,4,5,6"/>
      <Rigid refID="1" transformation="0.97558403015136719,0.21962650120258331,0,-0.21962650120258331,0.97558403015136719,0,0,0,1,-0.82444381713867188,4.3161935806274414,0" boneRefs="7"/>
      <Rigid refID="2" transformation="0.91795313358306885,0.39668884873390198,0,-0.39668884873390198,0.91795313358306885,0,0,0,1,-0.25753402709960938,3.0557575225830078,0" boneRefs="8"/>
      <Rigid refID="3" transformation="0.97589528560638428,0.21823929250240326,0,-0.21823929250240326,0.97589528560638428,0,0,0,1,0.024006843566894531,1.7026486396789551,0" boneRefs="9"/>
      <Rigid refID="4" transformation="1,0,0,0,1,0,0,0,1,-2,0,0.40000200271606445" boneRefs="10,11,12"/>
      <Joint type="hinge">
        <RigidRef rigidRef="1" a="0,-1,0" z="0,0,1" t="0,0.77499997615814209,0"/>
        <RigidRef rigidRef="0" a="0,-1,0" z="0.50974124670028687,0,0.86032783985137939" t="0,-2.1630008220672607,0"/>
      </Joint>
      <Joint type="ball">
        <RigidRef rigidRef="2" a="0,1,0" z="0,0,1" t="0,1.4900000095367432,0"/>
        <RigidRef rigidRef="1" a="0,1,0" z="0,0,1" t="0,0.10999999940395355,0"/>
      </Joint>
      <Joint type="ball">
        <RigidRef rigidRef="3" a="0,1,0" z="0,0,1" t="0,1.4900000095367432,0"/>
        <RigidRef rigidRef="2" a="0,1,0" z="0,0,1" t="0,0.10999999940395355,0"/>
      </Joint>
      <Joint type="ball">
        <RigidRef rigidRef="4" a="0,1,0" z="0,0,1" t="1.9999996423721313,1.8099963665008545,-0.4000001847743988"/>
        <RigidRef rigidRef="3" a="0,1,0" z="0,0,1" t="0,0.10999999940395355,0"/>
      </Joint>
    </RigidSystem>
  </RigidSystems>
  <GroupSystems>
    <GroupSystem>
    </GroupSystem>
  </GroupSystems>
</LXFML>
