<?xml version="1.0" encoding="UTF-8" standalone="no" ?>
<LXFML versionMajor="5" versionMinor="0">
  <Meta>
    <Application name="LEGO Universe" versionMajor="0" versionMinor="0"/>
    <Brand name="LEGOUniverse"/>
    <BrickSet version="61"/>
  </Meta>
  <Bricks>
    <Brick refID="0" designID="3023">
      <Part refID="0" designID="3023" materials="26">
        <Bone refID="0" transformation="0.95253562927246094,0.30442714691162109,0,-0.30442714691162109,0.95253562927246094,0,0,0,1,-2.6485500335693359,0.70039719343185425,-2.8000020980834961">
        </Bone>
      </Part>
    </Brick>
    <Brick refID="1" designID="2420">
      <Part refID="1" designID="2420" materials="26">
        <Bone refID="1" transformation="0,0,-1,-0.30442708730697632,0.95253556966781616,0,0.95253562927246094,0.30442714691162109,0,-1.9839382171630859,1.2487502098083496,-2.0000021457672119">
        </Bone>
      </Part>
    </Brick>
    <Brick refID="2" designID="3070">
      <Part refID="2" designID="3070" materials="1">
        <Bone refID="2" transformation="0.95253586769104004,0.30442720651626587,0,-0.30442717671394348,0.95253580808639526,0,0,0,1,-1.3193262815475464,1.7971034049987793,-2.8000020980834961">
        </Bone>
      </Part>
    </Brick>
    <Brick refID="3" designID="48183">
      <Part refID="3" designID="48183" materials="1">
        <Bone refID="3" transformation="-0.95253586769104004,-0.30442720651626587,0,-0.30442717671394348,0.95253580808639526,0,0,0,-1,-1.3193261623382568,1.7971034049987793,-3.6000022888183594">
        </Bone>
      </Part>
    </Brick>
    <Brick refID="4" designID="4590">
      <Part refID="4" designID="4590" materials="26">
        <Bone refID="4" transformation="0,0,1,-0.30442717671394348,0.95253580808639526,0,-0.95253586769104004,-0.30442720651626587,0,-2.7459666728973389,1.0052083730697632,-2.8000020980834961">
        </Bone>
      </Part>
    </Brick>
    <Brick refID="5" designID="4740">
      <Part refID="5" designID="4740" materials="43">
        <Bone refID="5" transformation="0.95253598690032959,0.30442684888839722,0,-0.30442681908607483,0.95253592729568481,0,0,0,1,-2.932145357131958,0.2738146185874939,-1.2000000476837158">
        </Bone>
      </Part>
    </Brick>
    <Brick refID="6" designID="4740">
      <Part refID="6" designID="4740" materials="43">
        <Bone refID="6" transformation="0.95253598690032959,0.30442643165588379,0,-0.3044264018535614,0.95253592729568481,0,0,0,1,-2.9321498870849609,0.2738146185874939,-3.6000025272369385">
        </Bone>
      </Part>
    </Brick>
    <Brick refID="7" designID="44302">
      <Part refID="7" designID="44302" materials="26">
        <Bone refID="7" transformation="-0.95253562927246094,-0.30442714691162109,0,-0.30442714691162109,0.95253562927246094,0,0,0,-1,-1.886521577835083,0.94393885135650635,-2.0000021457672119">
        </Bone>
      </Part>
    </Brick>
    <Brick refID="8" designID="3023">
      <Part refID="8" designID="3023" materials="26">
        <Bone refID="8" transformation="0,0,-1,-0.30442708730697632,0.95253556966781616,0,0.95253562927246094,0.30442714691162109,0,-1.7891048192977905,0.63912749290466309,-2.0000021457672119">
        </Bone>
      </Part>
    </Brick>
    <Brick refID="9" designID="3034">
      <Part refID="9" designID="3034" materials="26">
        <Bone refID="9" transformation="0,0,-1.0000001192092896,0.0029017545748502016,0.9999958872795105,0,0.9999958872795105,-0.0029017545748502016,0,0.39836364984512329,0.85106909275054932,1.5999934673309326">
        </Bone>
      </Part>
    </Brick>
    <Brick refID="10" designID="48183">
      <Part refID="10" designID="48183" materials="26">
        <Bone refID="10" transformation="0,0,1.0000001192092896,0.002901754342019558,0.99999576807022095,0,-0.99999576807022095,0.002901754342019558,0,-1.2007122039794922,1.1757106781005859,-4.8000049591064453">
        </Bone>
      </Part>
    </Brick>
    <Brick refID="11" designID="48183">
      <Part refID="11" designID="48183" materials="26">
        <Bone refID="11" transformation="0,0,1.0000001192092896,0.002901754342019558,0.99999576807022095,0,-0.99999576807022095,0.002901754342019558,0,-1.2007051706314087,1.1757105588912964,-0.80000430345535278">
        </Bone>
      </Part>
    </Brick>
    <Brick refID="12" designID="44567">
      <Part refID="12" designID="44567" materials="26">
        <Bone refID="12" transformation="0,0,-1.0000001192092896,0.002901754342019558,0.99999576807022095,0,0.99999576807022095,-0.002901754342019558,0,0.39928656816482544,1.1710677146911621,-1.6000069379806519">
        </Bone>
      </Part>
    </Brick>
    <Brick refID="13" designID="44567">
      <Part refID="13" designID="44567" materials="26">
        <Bone refID="13" transformation="0,0,1.0000001192092896,0.002901754342019558,0.99999576807022095,0,-0.99999576807022095,0.002901754342019558,0,-0.40071159601211548,1.173389196395874,-2.400005578994751">
        </Bone>
      </Part>
    </Brick>
    <Brick refID="14" designID="4598">
      <Part refID="14" designID="4598" materials="1">
        <Bone refID="14" transformation="0.99999576807022095,-0.002901754342019558,0,0.0029017541091889143,0.99999570846557617,0,0,0,1.0000001192092896,-0.39978155493736267,1.4933879375457764,-1.6000055074691772">
        </Bone>
      </Part>
    </Brick>
    <Brick refID="15" designID="3298">
      <Part refID="15" designID="3298" materials="1">
        <Bone refID="15" transformation="0.99999576807022095,-0.002901754342019558,0,0.0029017541091889143,0.99999570846557617,0,0,0,1.0000001192092896,-0.39977994561195374,1.4933878183364868,-0.80000549554824829">
        </Bone>
      </Part>
    </Brick>
    <Brick refID="16" designID="3839">
      <Part refID="16" designID="3839" materials="26">
        <Bone refID="16" transformation="-0.99999576807022095,0.002901754342019558,0,0.002901754342019558,0.99999576807022095,0,0,0,-1.0000001192092896,0.40300232172012329,2.4510622024536133,-0.8000069260597229">
        </Bone>
      </Part>
    </Brick>
    <Brick refID="17" designID="4081">
      <Part refID="17" designID="4081" materials="26">
        <Bone refID="17" transformation="0,0,-1.0000001192092896,0.0029017704073339701,0.99999576807022095,0,0.99999576807022095,-0.0029017704073339701,0,0.39929217100143433,1.1710677146911621,1.5999937057495117">
        </Bone>
      </Part>
    </Brick>
    <Brick refID="18" designID="4081">
      <Part refID="18" designID="4081" materials="26">
        <Bone refID="18" transformation="0,0,1.0000001192092896,0.0029017801862210035,0.99999576807022095,0,-0.99999576807022095,0.0029017801862210035,0,-0.40070462226867676,1.173389196395874,1.5999946594238281">
        </Bone>
      </Part>
    </Brick>
    <Brick refID="19" designID="2412">
      <Part refID="19" designID="2412" materials="1">
        <Bone refID="19" transformation="0.99999988079071045,0,0,0,0.99999988079071045,0,0,0,1,-0.39977607131004333,1.4933879375457764,1.5999946594238281">
        </Bone>
      </Part>
    </Brick>
    <Brick refID="20" designID="3023">
      <Part refID="20" designID="3023" materials="26">
        <Bone refID="20" transformation="0.9516139030456543,-0.30729624629020691,0,0.30729624629020691,0.9516139030456543,0,0,0,1,1.8850862979888916,0.93490791320800781,-2.8000082969665527">
        </Bone>
      </Part>
    </Brick>
    <Brick refID="21" designID="2420">
      <Part refID="21" designID="2420" materials="26">
        <Bone refID="21" transformation="0.9516139030456543,-0.30729624629020691,0,0.30729624629020691,0.9516139030456543,0,0,0,1,1.2221300601959229,1.4852613210678101,-2.8000082969665527">
        </Bone>
      </Part>
    </Brick>
    <Brick refID="22" designID="3070">
      <Part refID="22" designID="3070" materials="1">
        <Bone refID="22" transformation="0.9516139030456543,-0.30729624629020691,0,0.30729624629020691,0.9516139030456543,0,0,0,1,1.3204648494720459,1.7897777557373047,-2.8000082969665527">
        </Bone>
      </Part>
    </Brick>
    <Brick refID="23" designID="48183">
      <Part refID="23" designID="48183" materials="1">
        <Bone refID="23" transformation="0.9516139030456543,-0.30729624629020691,0,0.30729624629020691,0.9516139030456543,0,0,0,1,1.3204648494720459,1.7897777557373047,-1.2000000476837158">
        </Bone>
      </Part>
    </Brick>
    <Brick refID="24" designID="4590">
      <Part refID="24" designID="4590" materials="26">
        <Bone refID="24" transformation="0,0,-1,0.30729621648788452,0.95161384344100952,0,0.9516139030456543,-0.30729624629020691,0,2.7447123527526855,0.99358713626861572,-2.0000085830688477">
        </Bone>
      </Part>
    </Brick>
    <Brick refID="25" designID="4740">
      <Part refID="25" designID="4740" materials="43">
        <Bone refID="25" transformation="0.95161378383636475,-0.30729660391807556,0,0.30729660391807556,0.95161378383636475,0,0,0,1,2.9286870956420898,0.26163601875305176,-3.6000094413757324">
        </Bone>
      </Part>
    </Brick>
    <Brick refID="26" designID="4740">
      <Part refID="26" designID="4740" materials="43">
        <Bone refID="26" transformation="0.95161378383636475,-0.30729660391807556,0,0.30729660391807556,0.95161378383636475,0,0,0,1,2.9286906719207764,0.26163583993911743,-1.2000000476837158">
        </Bone>
      </Part>
    </Brick>
    <Brick refID="27" designID="44302">
      <Part refID="27" designID="44302" materials="26">
        <Bone refID="27" transformation="0.9516139030456543,-0.30729624629020691,0,0.30729624629020691,0.9516139030456543,0,0,0,1,1.8850862979888916,0.93490791320800781,-2.0000083446502686">
        </Bone>
      </Part>
    </Brick>
    <Brick refID="28" designID="3023">
      <Part refID="28" designID="3023" materials="26">
        <Bone refID="28" transformation="0,0,1,0.30729621648788452,0.95161384344100952,0,-0.9516139030456543,0.30729624629020691,0,1.7867517471313477,0.63039129972457886,-2.8000082969665527">
        </Bone>
      </Part>
    </Brick>
    <Brick refID="29" designID="3957">
      <Part refID="29" designID="3957" materials="41">
        <Bone refID="29" transformation="-0.99999159574508667,0.0029018260538578033,-0.0029017082415521145,0.0029017024207860231,0,-0.99999594688415527,-0.0029018318746238947,-0.99999594688415527,0,-1.1999886035919189,1.419378399848938,5.1219959259033203">
        </Bone>
      </Part>
    </Brick>
    <Brick refID="30" designID="3957">
      <Part refID="30" designID="3957" materials="41">
        <Bone refID="30" transformation="-0.99999159574508667,0.0029018260538578033,-0.0029017082415521145,0.0029017024207860231,0,-0.99999594688415527,-0.0029018318746238947,-0.99999594688415527,0,1.2000019550323486,1.41241455078125,5.1579933166503906">
        </Bone>
      </Part>
    </Brick>
  </Bricks>
  <RigidSystems>
    <RigidSystem>
      <Rigid refID="0" transformation="0.95253562927246094,0.30442714691162109,0,-0.30442714691162109,0.95253562927246094,0,0,0,1,-1.8485499620437622,-0.14834803342819214,-1.6000021696090698" boneRefs="0,1,2,3,4,5,6,7,8"/>
      <Rigid refID="1" transformation="0,0,-1.0000001192092896,0.0029017545748502016,0.9999958872795105,0,0.9999958872795105,-0.0029017545748502016,0,1.1983636617660522,0.0023238658905029297,2.7999935150146484" boneRefs="9,10,11,12,13,14,15,16,17,18,19"/>
      <Rigid refID="2" transformation="0.9516139030456543,-0.30729624629020691,0,0.30729624629020691,0.9516139030456543,0,0,0,1,2.6850862503051758,0.086162656545639038,-1.6000082492828369" boneRefs="20,21,22,23,24,25,26,27,28"/>
      <Rigid refID="3" transformation="-0.99999159574508667,0.0029018260538578033,-0.0029017082415521145,0.0029017024207860231,0,-0.99999594688415527,-0.0029018318746238947,-0.99999594688415527,0,-0.39998859167098999,0.5706331729888916,6.3219962120056152" boneRefs="29"/>
      <Rigid refID="4" transformation="-0.99999159574508667,0.0029018260538578033,-0.0029017082415521145,0.0029017024207860231,0,-0.99999594688415527,-0.0029018318746238947,-0.99999594688415527,0,2.0000019073486328,0.56366926431655884,6.3579931259155273" boneRefs="30"/>
      <Joint type="hinge">
        <RigidRef rigidRef="1" a="-1,0,0" z="0,0,-0.99999982118606567" t="3.5999984741210937,0.56799995899200439,-1.6000070571899414"/>
        <RigidRef rigidRef="0" a="0,0,1.0000002384185791" z="1.0000002384185791,0,0" t="1.5999999046325684,0.24799996614456177,0.80000001192092896"/>
      </Joint>
      <Joint type="hinge">
        <RigidRef rigidRef="2" a="0,0,1.0000002384185791" z="-1.0000002384185791,0,0" t="-0.80000001192092896,0.24799999594688416,0.7999998927116394"/>
        <RigidRef rigidRef="1" a="-1,0,0" z="0,0,0.99999982118606567" t="3.6000001430511475,0.56799995899200439,0.79999428987503052"/>
      </Joint>
      <Joint type="hinge">
        <RigidRef rigidRef="3" a="0,0.99999994039535522,0" z="1,0,0" t="0,3.679999828338623,0"/>
        <RigidRef rigidRef="1" a="0.99999582767486572,0,0.0029016900807619095" z="0.0029017080087214708,0,-0.99999576807022095" t="0.15798211097717285,0.56369990110397339,-1.5893163681030273"/>
      </Joint>
      <Joint type="hinge">
        <RigidRef rigidRef="4" a="0,-0.99999994039535522,0" z="1,0,0" t="0,0.5,0"/>
        <RigidRef rigidRef="1" a="-0.99999582767486572,0,-0.0029016900807619095" z="0.0029017080087214708,0,-0.99999576807022095" t="-3.0580012798309326,0.56367331743240356,0.80145657062530518"/>
      </Joint>
    </RigidSystem>
  </RigidSystems>
  <GroupSystems>
    <GroupSystem>
    </GroupSystem>
  </GroupSystems>
</LXFML>
