<?xml version="1.0" encoding="UTF-8" standalone="no" ?>
<LXFML versionMajor="5" versionMinor="0">
  <Meta>
    <Application name="LEGO Universe" versionMajor="0" versionMinor="0"/>
    <Brand name="LEGOUniverse"/>
    <BrickSet version="61"/>
  </Meta>
  <Bricks>
    <Brick refID="0" designID="76382">
      <Part refID="0" designID="3814" materials="21,0,0">
        <Bone refID="0" transformation="1,0,0,0,1,0,0,0,1,1.2000000476837158,1.5999999046325684,-1.2000000476837158">
        </Bone>
      </Part>
      <Part refID="1" designID="3818" materials="21">
        <Bone refID="1" transformation="0.98325490951538086,-0.1822354793548584,0,0.12654140591621399,0.68275678157806396,-0.71960431337356567,0.13113749027252197,0.70755451917648315,0.69438433647155762,0.98000031709671021,2.5099999904632568,-1.2000000476837158">
        </Bone>
      </Part>
      <Part refID="2" designID="3819" materials="21">
        <Bone refID="2" transformation="0.98325496912002563,0.18223541975021362,0,-0.098869942128658295,0.53345423936843872,0.84003061056137085,0.15308326482772827,-0.82596427202224731,0.54253911972045898,2.2200000286102295,2.5099999904632568,-1.2000000476837158">
        </Bone>
      </Part>
      <Part refID="3" designID="3820" materials="21">
        <Bone refID="3" transformation="0.9843217134475708,-0.17627048492431641,-0.0062796734273433685,0.11795622110366821,0.68432098627090454,-0.71957707405090332,0.13113750517368317,0.70755457878112793,0.69438421726226807,0.82728868722915649,2.8383991718292236,-0.52235603332519531">
        </Bone>
      </Part>
      <Part refID="4" designID="3820" materials="21">
        <Bone refID="4" transformation="0.98408031463623047,0.17757332324981689,-0.0073304101824760437,-0.090285807847976685,0.53502416610717773,0.83999860286712646,0.15308329463005066,-0.82596421241760254,0.54253906011581421,2.5589580535888672,1.8334797620773315,-1.0669056177139282">
        </Bone>
      </Part>
    </Brick>
    <Brick refID="1" designID="3838">
      <Part refID="5" designID="3838" materials="21">
        <Bone refID="5" transformation="-1,0,0,0,1,0,0,0,-1,1.6000001430511475,2.8799998760223389,-1.2000000476837158">
        </Bone>
      </Part>
    </Brick>
    <Brick refID="2" designID="73200">
      <Part refID="6" designID="3815" materials="21">
        <Bone refID="6" transformation="1,0,0,0,1,0,0,0,1,1.2000000476837158,1.5999999046325684,-1.2000000476837158">
        </Bone>
      </Part>
      <Part refID="7" designID="3816" materials="21">
        <Bone refID="7" transformation="1,0,0,0,1,0,0,0,1,1.2000000476837158,0,-1.2000000476837158">
        </Bone>
      </Part>
      <Part refID="8" designID="3817" materials="21">
        <Bone refID="8" transformation="1,0,0,0,1,0,0,0,1,2.0000002384185791,0,-1.2000000476837158">
        </Bone>
      </Part>
    </Brick>
    <Brick refID="3" designID="2447">
      <Part refID="9" designID="2447" materials="40">
        <Bone refID="9" transformation="1,0,0,0,0.50196713209152222,-0.86488670110702515,0,0.86488670110702515,0.50196713209152222,1.5999996662139893,3.6678967475891113,-1.2285182476043701">
        </Bone>
      </Part>
    </Brick>
    <Brick refID="4" designID="30124">
      <Part refID="10" designID="30124" materials="21,0">
        <Bone refID="10" transformation="1,0,0,0,1,0,0,0,1,1.5999996662139893,3.8615379333496094,-1.2000000476837158">
        </Bone>
      </Part>
    </Brick>
    <Brick refID="5" designID="3626">
      <Part refID="11" designID="3626" materials="24,0,0,0" decoration="55125">
        <Bone refID="11" transformation="1,0,0,0,1,0,0,0,1,1.6000001430511475,3.0299997329711914,-1.2000000476837158">
        </Bone>
      </Part>
    </Brick>
    <Brick refID="6" designID="73587">
      <Part refID="12" designID="4593" materials="26">
        <Bone refID="12" transformation="0.72859811782836914,-0.12412606924772263,-0.67360043525695801,0.091142795979976654,0.99226647615432739,-0.084263116121292114,0.67885041236877441,0,0.73427665233612061,-0.89160317182540894,2.799997091293335,-0.68511748313903809">
        </Bone>
      </Part>
      <Part refID="13" designID="4592" materials="26">
        <Bone refID="13" transformation="0,-1,0,0.7342764139175415,0,-0.67885065078735352,0.67885065078735352,0,0.7342764139175415,-1.1999990940093994,2.799997091293335,-0.40000006556510925">
        </Bone>
      </Part>
    </Brick>
    <Brick refID="7" designID="6141">
      <Part refID="14" designID="6141" materials="44">
        <Bone refID="14" transformation="0.7342764139175415,0,-0.67885065078735352,0.67885065078735352,0,0.7342764139175415,0,-1,0,-1.2221696376800537,2.799997091293335,0.16525077819824219">
        </Bone>
      </Part>
    </Brick>
    <Brick refID="8" designID="4733">
      <Part refID="15" designID="4733" materials="26">
        <Bone refID="15" transformation="0.7342764139175415,0,-0.67885065078735352,0,1,0,0.67885065078735352,0,0.7342764139175415,-1.4937098026275635,2.2399971485137939,-0.12845969200134277">
        </Bone>
      </Part>
    </Brick>
    <Brick refID="9" designID="73587">
      <Part refID="16" designID="4592" materials="26">
        <Bone refID="16" transformation="0,-1,0,-0.7342764139175415,0,0.67885065078735352,-0.67885065078735352,0,-0.7342764139175415,-1.7874209880828857,2.799997091293335,0.14308065176010132">
        </Bone>
      </Part>
      <Part refID="17" designID="4593" materials="26">
        <Bone refID="17" transformation="-0.73419028520584106,0.015307353809475899,0.67877113819122314,0.011239809915423393,0.99988281726837158,-0.010391427204012871,-0.67885065078735352,0,-0.73427635431289673,-2.0958173274993896,2.799997091293335,0.42819792032241821">
        </Bone>
      </Part>
    </Brick>
    <Brick refID="10" designID="3794">
      <Part refID="18" designID="3794" materials="26">
        <Bone refID="18" transformation="0.7342764139175415,0,-0.67885065078735352,0,1,0,0.67885065078735352,0,0.7342764139175415,-1.7874202728271484,1.9199970960617065,0.14308047294616699">
        </Bone>
      </Part>
    </Brick>
    <Brick refID="11" designID="4070">
      <Part refID="19" designID="4070" materials="26">
        <Bone refID="19" transformation="0.67885071039199829,0,0.73427635431289673,0,1,0,-0.73427635431289673,0,0.67885071039199829,-1.7874202728271484,0.95999717712402344,0.14308053255081177">
        </Bone>
      </Part>
    </Brick>
    <Brick refID="12" designID="4735">
      <Part refID="20" designID="4735" materials="26">
        <Bone refID="20" transformation="0.67885076999664307,0,0.73427629470825195,-0.7342764139175415,0,0.67885065078735352,0,-1,0,-1.9723567962646484,1.5199970006942749,0.31405693292617798">
        </Bone>
      </Part>
    </Brick>
    <Brick refID="13" designID="4070">
      <Part refID="21" designID="4070" materials="26">
        <Bone refID="21" transformation="-0.67885065078735352,0,-0.7342764139175415,0,1,0,0.7342764139175415,0,-0.67885065078735352,-1.1999990940093994,0.95999711751937866,-0.40000012516975403">
        </Bone>
      </Part>
    </Brick>
    <Brick refID="14" designID="4735">
      <Part refID="22" designID="4735" materials="26">
        <Bone refID="22" transformation="0.67885071039199829,0,0.73427635431289673,0.7342764139175415,0,-0.67885065078735352,0,1,0,-1.0150630474090576,1.5199971199035645,-0.57097733020782471">
        </Bone>
      </Part>
    </Brick>
    <Brick refID="15" designID="3938">
      <Part refID="23" designID="3938" materials="26">
        <Bone refID="23" transformation="0.73427635431289673,0,-0.67885071039199829,0,1,0,0.67885071039199829,0,0.73427635431289673,-1.7874202728271484,0.5599970817565918,0.14308059215545654">
        </Bone>
      </Part>
    </Brick>
    <Brick refID="16" designID="6141">
      <Part refID="24" designID="6141" materials="44">
        <Bone refID="24" transformation="-0.73427629470825195,0,0.67885082960128784,-0.67885082960128784,0,-0.73427623510360718,0,-1,0,-1.7652499675750732,2.799997091293335,-0.42217051982879639">
        </Bone>
      </Part>
    </Brick>
    <Brick refID="17" designID="3937">
      <Part refID="25" designID="3937" materials="26">
        <Bone refID="25" transformation="0.73427635431289673,0,-0.67885071039199829,0,1,0,0.67885071039199829,0,0.73427635431289673,-1.7874205112457275,0,0.14308059215545654">
        </Bone>
      </Part>
    </Brick>
  </Bricks>
  <RigidSystems>
    <RigidSystem>
      <Rigid refID="0" transformation="1,0,0,0,1,0,0,0,1,0.40000009536743164,1.5999999046325684,-0.40000009536743164" boneRefs="0,5,6"/>
      <Rigid refID="1" transformation="0.98325490951538086,-0.1822354793548584,0,0.12654140591621399,0.68275678157806396,-0.71960431337356567,0.13113749027252197,0.70755451917648315,0.69438433647155762,0.18000030517578125,2.5099999904632568,-0.40000009536743164" boneRefs="1"/>
      <Rigid refID="2" transformation="0.98325496912002563,0.18223541975021362,0,-0.098869942128658295,0.53345423936843872,0.84003061056137085,0.15308326482772827,-0.82596427202224731,0.54253911972045898,1.4200000762939453,2.5099999904632568,-0.40000009536743164" boneRefs="2"/>
      <Rigid refID="3" transformation="0.9843217134475708,-0.17627048492431641,-0.0062796734273433685,0.11795622110366821,0.68432098627090454,-0.71957707405090332,0.13113750517368317,0.70755457878112793,0.69438421726226807,0.027288656681776047,2.8383991718292236,0.27764394879341125" boneRefs="3"/>
      <Rigid refID="4" transformation="0.98408031463623047,0.17757332324981689,-0.0073304101824760437,-0.090285807847976685,0.53502416610717773,0.83999860286712646,0.15308329463005066,-0.82596421241760254,0.54253906011581421,1.758958101272583,1.8334797620773315,-0.26690557599067688" boneRefs="4"/>
      <Rigid refID="5" transformation="1,0,0,0,1,0,0,0,1,0.40000009536743164,0,-0.40000009536743164" boneRefs="7"/>
      <Rigid refID="6" transformation="1,0,0,0,1,0,0,0,1,1.2000002861022949,0,-0.40000009536743164" boneRefs="8"/>
      <Rigid refID="7" transformation="1,0,0,0,0.50196713209152222,-0.86488670110702515,0,0.86488670110702515,0.50196713209152222,0.79999971389770508,3.6678967475891113,-0.42851829528808594" boneRefs="9"/>
      <Rigid refID="8" transformation="1,0,0,0,1,0,0,0,1,0.79999971389770508,3.8615379333496094,-0.40000009536743164" boneRefs="10,11"/>
      <Joint type="hinge">
        <RigidRef rigidRef="0" a="1.0000001192092896,0,0" z="0,0,-1" t="0.22550000250339508,-0.47499999403953552,0"/>
        <RigidRef rigidRef="5" a="1.0000001192092896,0,0" z="0,0,-1" t="0.22550000250339508,1.125,0"/>
      </Joint>
      <Joint type="hinge">
        <RigidRef rigidRef="6" a="-1,0,0" z="0,0,0.99999994039535522" t="-0.22499999403953552,1.125,0"/>
        <RigidRef rigidRef="0" a="-1,0,0" z="0,0,0.99999994039535522" t="0.57499998807907104,-0.47499999403953552,0"/>
      </Joint>
      <Joint type="hinge">
        <RigidRef rigidRef="2" a="1.0000001192092896,0,0" z="0,0,-1" t="-0.15000000596046448,0,0"/>
        <RigidRef rigidRef="0" a="0.98325490951538086,0.1822354793548584,0" z="0,0,1" t="0.87251198291778564,0.88266497850418091,0"/>
      </Joint>
      <Joint type="hinge">
        <RigidRef rigidRef="8" a="0,-0.99999994039535522,0" z="1,0,0" t="0,-0.83153820037841797,0"/>
        <RigidRef rigidRef="0" a="0,-0.99999994039535522,0" z="1,0,0" t="0.40000000596046448,1.4299999475479126,0"/>
      </Joint>
      <Joint type="hinge">
        <RigidRef rigidRef="1" a="-1,0,0" z="0,0,0.99999994039535522" t="0.15000000596046448,0,0"/>
        <RigidRef rigidRef="0" a="-0.98325490951538086,0.1822354793548584,0" z="0,0,1" t="-0.072512000799179077,0.88266497850418091,0"/>
      </Joint>
      <Joint type="hinge">
        <RigidRef rigidRef="3" a="0,0,1.0000002384185791" z="1.0000002384185791,0,0" t="0,0,0.05000000074505806"/>
        <RigidRef rigidRef="1" a="0,0,1.0000001192092896" z="1.0000001192092896,0,0" t="-0.20999999344348907,-0.28274300694465637,0.73287898302078247"/>
      </Joint>
      <Joint type="hinge">
        <RigidRef rigidRef="4" a="0,0,1.0000002384185791" z="1.0000002384185791,0,0" t="0,0,0.05000000074505806"/>
        <RigidRef rigidRef="2" a="0,0,1.0000001192092896" z="1.0000001192092896,0,0" t="0.20999999344348907,-0.28260299563407898,0.73287898302078247"/>
      </Joint>
      <Joint type="hinge">
        <RigidRef rigidRef="8" a="-1.0000001192092896,0,0" z="0,-1.0000001192092896,0" t="0,-0.19364100694656372,-0.028518000617623329"/>
        <RigidRef rigidRef="7" a="-1.0000001192092896,0,0" z="0,1.0000001192092896,0" t="0,0,0"/>
      </Joint>
    </RigidSystem>
    <RigidSystem>
      <Rigid refID="9" transformation="0.72859811782836914,-0.12412606924772263,-0.67360043525695801,0.091142795979976654,0.99226647615432739,-0.084263116121292114,0.67885041236877441,0,0.73427665233612061,-1.6916031837463379,2.799997091293335,0.11488250643014908" boneRefs="12"/>
      <Rigid refID="10" transformation="0.7342764139175415,0,-0.67885065078735352,0.67885065078735352,0,0.7342764139175415,0,-1,0,-2.0221695899963379,2.799997091293335,0.96525079011917114" boneRefs="14,15,13,16,18,19,20,21,22,23,24"/>
      <Rigid refID="11" transformation="-0.73419028520584106,0.015307353809475899,0.67877113819122314,0.011239809915423393,0.99988281726837158,-0.010391427204012871,-0.67885065078735352,0,-0.73427635431289673,-2.8958172798156738,2.799997091293335,1.2281979322433472" boneRefs="17"/>
      <Rigid refID="12" transformation="0.73427635431289673,0,-0.67885071039199829,0,1,0,0.67885071039199829,0,0.73427635431289673,-2.5874204635620117,0,0.9430806040763855" boneRefs="25"/>
      <Joint type="hinge">
        <RigidRef rigidRef="10" a="0,-1.0000001192092896,0" z="0,0,-1.0000001192092896" t="0.8200000524520874,-0.39999991655349731,0"/>
        <RigidRef rigidRef="9" a="0,0,-1" z="0,-1,0" t="0,0,0"/>
      </Joint>
      <Joint type="hinge">
        <RigidRef rigidRef="12" a="-1,0,0" z="0,0,0.99999994039535522" t="0.40000000596046448,0.56000000238418579,0"/>
        <RigidRef rigidRef="10" a="-1,0,0" z="0,0.99999994039535522,0" t="0,-0.3999999463558197,2.2400000095367432"/>
      </Joint>
      <Joint type="hinge">
        <RigidRef rigidRef="11" a="0,0,-1" z="0,-1,0" t="0,0,0"/>
        <RigidRef rigidRef="10" a="0,1.0000001192092896,0" z="0,0,-1.0000001192092896" t="-0.82000052928924561,-0.40000027418136597,0"/>
      </Joint>
    </RigidSystem>
  </RigidSystems>
  <GroupSystems>
    <GroupSystem>
    </GroupSystem>
  </GroupSystems>
</LXFML>
