<?xml version="1.0" encoding="UTF-8" standalone="no" ?>
<LXFML versionMajor="5" versionMinor="0">
  <Meta>
    <Application name="LEGO Universe" versionMajor="0" versionMinor="0"/>
    <Brand name="LEGOUniverse"/>
    <BrickSet version="61"/>
  </Meta>
  <Bricks>
    <Brick refID="0" designID="76382">
      <Part refID="0" designID="3814" materials="297,0,0">
        <Bone refID="0" transformation="1,0,0,0,1,0,0,0,1,1.2000000476837158,1.6525664329528809,0.39999991655349731">
        </Bone>
      </Part>
      <Part refID="1" designID="3818" materials="297">
        <Bone refID="1" transformation="0.98325490951538086,-0.18223559856414795,0,0.10344197601079941,0.55812281370162964,0.82328534126281738,-0.15003190934658051,-0.80949938297271729,0.56762778759002686,0.98000031709671021,2.5625665187835693,0.39999991655349731">
        </Bone>
      </Part>
      <Part refID="2" designID="3819" materials="297">
        <Bone refID="2" transformation="0.98325502872467041,0.18223543465137482,0,-0.072769954800605774,0.39263111352920532,0.91681259870529175,0.16707569360733032,-0.90146046876907349,0.39931774139404297,2.2200000286102295,2.5625665187835693,0.39999991655349731">
        </Bone>
      </Part>
      <Part refID="3" designID="3820" materials="297">
        <Bone refID="3" transformation="0.98412013053894043,-0.17735818028450012,0.0071844533085823059,0.094857625663280487,0.55969178676605225,0.82325398921966553,-0.1500319242477417,-0.80949938297271729,0.56762772798538208,0.64181512594223022,1.8902403116226196,0.55484288930892944">
        </Bone>
      </Part>
      <Part refID="4" designID="3820" materials="297">
        <Bone refID="4" transformation="0.98385250568389893,0.17880219221115112,-0.0080004632472991943,-0.064186789095401764,0.39420643448829651,0.91677772998809814,0.16707569360733032,-0.90146052837371826,0.39931771159172058,2.5611371994018555,1.8742880821228027,0.41359269618988037">
        </Bone>
      </Part>
    </Brick>
    <Brick refID="1" designID="73200">
      <Part refID="5" designID="3815" materials="297">
        <Bone refID="5" transformation="1,0,0,0,1,0,0,0,1,1.2000000476837158,1.6525664329528809,0.39999991655349731">
        </Bone>
      </Part>
      <Part refID="6" designID="3816" materials="131">
        <Bone refID="6" transformation="1,0,0,0,0.87386137247085571,-0.48617517948150635,0,0.48617517948150635,0.87386137247085571,1.2000000476837158,0.19447219371795654,0.94694703817367554">
        </Bone>
      </Part>
      <Part refID="7" designID="3817" materials="297">
        <Bone refID="7" transformation="1,0,0,0,1,0,0,0,1,2.0000002384185791,0.0525665283203125,0.39999991655349731">
        </Bone>
      </Part>
    </Brick>
    <Brick refID="2" designID="3626">
      <Part refID="8" designID="3626" materials="297,0,0,0">
        <Bone refID="8" transformation="1,0,0,0,1,0,0,0,1,1.6000001430511475,2.9325661659240723,0.39999991655349731">
        </Bone>
      </Part>
    </Brick>
    <Brick refID="3" designID="30362">
      <Part refID="9" designID="30362" materials="1">
        <Bone refID="9" transformation="0,0,1,0,0.99999994039535522,0,-1,0,0,-0.39999979734420776,0,-0.40000027418136597">
        </Bone>
      </Part>
    </Brick>
    <Brick refID="4" designID="30367">
      <Part refID="10" designID="30367" materials="23">
        <Bone refID="10" transformation="0,-0.43964540958404541,-0.89817142486572266,0,0.89817154407501221,-0.43964540958404541,1,0,0,-1.2000010013580322,2.3871634006500244,0.1922033429145813">
        </Bone>
      </Part>
    </Brick>
    <Brick refID="5" designID="30361">
      <Part refID="11" designID="30361" materials="1">
        <Bone refID="11" transformation="0,-0.43964540958404541,-0.89817142486572266,0,0.89817154407501221,-0.43964540958404541,1,0,0,-1.6000006198883057,0.48681601881980896,0.67705386877059937">
        </Bone>
      </Part>
    </Brick>
    <Brick refID="6" designID="30362">
      <Part refID="12" designID="30362" materials="1">
        <Bone refID="12" transformation="0,0,-1,0,0.99999994039535522,0,1,0,0,-2.8000009059906006,0,0.40000003576278687">
        </Bone>
      </Part>
    </Brick>
  </Bricks>
  <RigidSystems>
    <RigidSystem>
      <Rigid refID="0" transformation="1,0,0,0,1,0,0,0,1,0.40000009536743164,1.5999999046325684,-0.40000009536743164" boneRefs="0,5"/>
      <Rigid refID="1" transformation="0.98325490951538086,-0.18223559856414795,0,0.10344197601079941,0.55812281370162964,0.82328534126281738,-0.15003190934658051,-0.80949938297271729,0.56762778759002686,0.18000030517578125,2.5099999904632568,-0.40000009536743164" boneRefs="1"/>
      <Rigid refID="2" transformation="0.98325502872467041,0.18223543465137482,0,-0.072769954800605774,0.39263111352920532,0.91681259870529175,0.16707569360733032,-0.90146046876907349,0.39931774139404297,1.4200000762939453,2.5099999904632568,-0.40000009536743164" boneRefs="2"/>
      <Rigid refID="3" transformation="0.98412013053894043,-0.17735818028450012,0.0071844533085823059,0.094857625663280487,0.55969178676605225,0.82325398921966553,-0.1500319242477417,-0.80949938297271729,0.56762772798538208,-0.15818490087985992,1.8376737833023071,-0.24515713751316071" boneRefs="3"/>
      <Rigid refID="4" transformation="0.98385250568389893,0.17880219221115112,-0.0080004632472991943,-0.064186789095401764,0.39420643448829651,0.91677772998809814,0.16707569360733032,-0.90146052837371826,0.39931771159172058,1.7611372470855713,1.8217215538024902,-0.38640731573104858" boneRefs="4"/>
      <Rigid refID="5" transformation="1,0,0,0,0.87386137247085571,-0.48617517948150635,0,0.48617517948150635,0.87386137247085571,0.40000009536743164,0.14190566539764404,0.14694704115390778" boneRefs="6"/>
      <Rigid refID="6" transformation="1,0,0,0,1,0,0,0,1,1.2000002861022949,0,-0.40000009536743164" boneRefs="7"/>
      <Rigid refID="7" transformation="1,0,0,0,1,0,0,0,1,0.80000007152557373,2.8799996376037598,-0.40000009536743164" boneRefs="8"/>
      <Joint type="hinge">
        <RigidRef rigidRef="0" a="1.0000001192092896,0,0" z="0,0,-1" t="0.22550000250339508,-0.47499999403953552,0"/>
        <RigidRef rigidRef="5" a="1.0000001192092896,0,0" z="0,0,-1" t="0.22550000250339508,1.125,0"/>
      </Joint>
      <Joint type="hinge">
        <RigidRef rigidRef="6" a="-1,0,0" z="0,0,0.99999994039535522" t="-0.22499999403953552,1.125,0"/>
        <RigidRef rigidRef="0" a="-1,0,0" z="0,0,0.99999994039535522" t="0.57499998807907104,-0.47499999403953552,0"/>
      </Joint>
      <Joint type="hinge">
        <RigidRef rigidRef="7" a="0,-0.99999994039535522,0" z="1,0,0" t="0,0,0"/>
        <RigidRef rigidRef="0" a="0,-0.99999994039535522,0" z="1,0,0" t="0.40000000596046448,1.2799999713897705,0"/>
      </Joint>
      <Joint type="hinge">
        <RigidRef rigidRef="1" a="-1,0,0" z="0,0,0.99999994039535522" t="0.15000000596046448,0,0"/>
        <RigidRef rigidRef="0" a="-0.98325490951538086,0.18223537504673004,0" z="0,0,1" t="-0.072512000799179077,0.88266497850418091,0"/>
      </Joint>
      <Joint type="hinge">
        <RigidRef rigidRef="2" a="1.0000001192092896,0,0" z="0,0,-1" t="-0.15000000596046448,0,0"/>
        <RigidRef rigidRef="0" a="0.98325490951538086,0.18223537504673004,0" z="0,0,1" t="0.87251198291778564,0.88266497850418091,0"/>
      </Joint>
      <Joint type="hinge">
        <RigidRef rigidRef="3" a="0,0,1.0000002384185791" z="1.0000002384185791,0,0" t="0,0,0.05000000074505806"/>
        <RigidRef rigidRef="1" a="0,0,1.0000002384185791" z="1.0000002384185791,0,0" t="-0.20999999344348907,-0.28274300694465637,0.73287898302078247"/>
      </Joint>
      <Joint type="hinge">
        <RigidRef rigidRef="4" a="0,0,1.0000002384185791" z="1.0000002384185791,0,0" t="0,0,0.05000000074505806"/>
        <RigidRef rigidRef="2" a="0,0,1.0000001192092896" z="1.0000001192092896,0,0" t="0.20999999344348907,-0.28260299563407898,0.73287898302078247"/>
      </Joint>
    </RigidSystem>
    <RigidSystem>
      <Rigid refID="8" transformation="0,0,1,0,0.99999994039535522,0,-1,0,0,-1.1999998092651367,-0.0525665283203125,-1.2000002861022949" boneRefs="9"/>
      <Rigid refID="9" transformation="0,-0.43964540958404541,-0.89817142486572266,0,0.89817154407501221,-0.43964540958404541,1,0,0,-2.0000009536743164,2.3345968723297119,-0.60779666900634766" boneRefs="10,11"/>
      <Rigid refID="10" transformation="0,0,-1,0,0.99999994039535522,0,1,0,0,-3.6000008583068848,-0.0525665283203125,-0.39999997615814209" boneRefs="12"/>
      <Joint type="hinge">
        <RigidRef rigidRef="9" a="0,0,-1.0000002384185791" z="-1.0000002384185791,0,0" t="0.40000000596046448,-0.37999987602233887,-0.39999961853027344"/>
        <RigidRef rigidRef="8" a="0,0,1.0000002384185791" z="0.89817166328430176,0.43964564800262451,0" t="0.40000033378601074,1.8700004816055298,1.2000007629394531"/>
      </Joint>
      <Joint type="hinge">
        <RigidRef rigidRef="10" a="0,0,1.0000001192092896" z="1.0000001192092896,0,0" t="0.40000000596046448,1.8700000047683716,1.2000000476837158"/>
        <RigidRef rigidRef="9" a="0,0,1.0000001192092896" z="0.89817154407501221,0.43964534997940063,0" t="0.40000015497207642,-0.38000011444091797,-0.39999985694885254"/>
      </Joint>
    </RigidSystem>
  </RigidSystems>
  <GroupSystems>
    <GroupSystem>
    </GroupSystem>
  </GroupSystems>
</LXFML>
