<?xml version="1.0" encoding="UTF-8" standalone="no" ?>
<LXFML versionMajor="5" versionMinor="0">
  <Meta>
    <Application name="LEGO Universe" versionMajor="0" versionMinor="0"/>
    <Brand name="LEGOUniverse"/>
    <BrickSet version="61"/>
  </Meta>
  <Bricks>
    <Brick refID="0" designID="60478">
      <Part refID="0" designID="60478" materials="1">
        <Bone refID="0" transformation="-0.96335780620574951,0.19996148347854614,0.17876550555229187,0.26821950078010559,0.71823966503143311,0.64202052354812622,-1.706928014755249E-005,0.66644388437271118,-0.74555522203445435,1.9629576206207275,17.147699356079102,-12.475307464599609">
        </Bone>
      </Part>
    </Brick>
    <Brick refID="1" designID="3024">
      <Part refID="1" designID="3024" materials="1">
        <Bone refID="1" transformation="-1,0,0,0,-0.66644191741943359,0.74555689096450806,0,0.74555689096450806,0.66644191741943359,2.8030493259429932,12.837058067321777,-7.8690786361694336">
        </Bone>
      </Part>
    </Brick>
    <Brick refID="2" designID="3004">
      <Part refID="2" designID="3004" materials="1,0,0,0">
        <Bone refID="2" transformation="0,0.74555790424346924,0.66644096374511719,0,-0.66644084453582764,0.74555784463882446,1.0000001192092896,0,0,2.8030531406402588,12.623797416687012,-7.6304988861083984">
        </Bone>
      </Part>
    </Brick>
    <Brick refID="3" designID="3024">
      <Part refID="3" designID="3024" materials="1">
        <Bone refID="3" transformation="-1,0,0,0,-0.66644191741943359,0.74555689096450806,0,0.74555689096450806,0.66644191741943359,2.8030521869659424,13.433503150939941,-7.3359260559082031">
        </Bone>
      </Part>
    </Brick>
    <Brick refID="4" designID="3660">
      <Part refID="4" designID="3660" materials="1">
        <Bone refID="4" transformation="0,-0.74555617570877075,-0.66644275188446045,0,-0.66644281148910522,0.74555611610412598,-1,0,0,2.8030474185943604,12.58045482635498,-6.3816070556640625">
        </Bone>
      </Part>
    </Brick>
    <Brick refID="5" designID="3004">
      <Part refID="5" designID="3004" materials="1,0,0,0">
        <Bone refID="5" transformation="0,0.74555689096450806,0.66644227504730225,0,-0.6664421558380127,0.74555683135986328,1.0000001192092896,0,0,2.803051233291626,11.344228744506836,-6.1990289688110352">
        </Bone>
      </Part>
    </Brick>
    <Brick refID="6" designID="3007">
      <Part refID="6" designID="3007" materials="1">
        <Bone refID="6" transformation="0.99999994039535522,0,0,0,-0.6664421558380127,0.74555665254592896,0,-0.74555665254592896,-0.6664421558380127,1.2030584812164307,10.704439163208008,-5.4832935333251953">
        </Bone>
      </Part>
    </Brick>
    <Brick refID="7" designID="3022">
      <Part refID="7" designID="3022" materials="1">
        <Bone refID="7" transformation="1,0,0,0,-0.66644233465194702,0.74555647373199463,0,-0.74555647373199463,-0.66644233465194702,3.6030519008636475,10.917702674865723,-5.7218704223632812">
        </Bone>
      </Part>
    </Brick>
    <Brick refID="8" designID="44728">
      <Part refID="8" designID="44728" materials="1">
        <Bone refID="8" transformation="-1,0,0,0,-0.66644191741943359,0.74555689096450806,0,0.74555689096450806,0.66644191741943359,4.403050422668457,11.130967140197754,-5.960453987121582">
        </Bone>
      </Part>
    </Brick>
    <Brick refID="9" designID="3034">
      <Part refID="9" designID="3034" materials="1">
        <Bone refID="9" transformation="0,0.66644173860549927,-0.74555701017379761,0,0.74555701017379761,0.66644179821014404,1,0,0,4.4000520706176758,11.60179615020752,-5.6468892097473145">
        </Bone>
      </Part>
    </Brick>
    <Brick refID="10" designID="2445">
      <Part refID="10" designID="2445" materials="1">
        <Bone refID="10" transformation="0,0.66644191741943359,-0.74555706977844238,0,0.74555706977844238,0.66644185781478882,1.0000001192092896,0,0,4.4000587463378906,12.429519653320313,-7.0530390739440918">
        </Bone>
      </Part>
    </Brick>
    <Brick refID="11" designID="6019">
      <Part refID="11" designID="6019" materials="1">
        <Bone refID="11" transformation="0,0.66644203662872314,-0.74555706977844238,0,0.74555712938308716,0.66644203662872314,1.0000001192092896,0,0,4.4000530242919922,18.055637359619141,-13.827199935913086">
        </Bone>
      </Part>
    </Brick>
    <Brick refID="12" designID="6019">
      <Part refID="12" designID="6019" materials="1">
        <Bone refID="12" transformation="0,0.66644203662872314,-0.74555695056915283,0,0.74555695056915283,0.66644197702407837,1.0000001192092896,0,0,4.4000520706176758,17.522481918334961,-13.230754852294922">
        </Bone>
      </Part>
    </Brick>
    <Brick refID="13" designID="6019">
      <Part refID="13" designID="6019" materials="1">
        <Bone refID="13" transformation="0,0.66644203662872314,-0.74555695056915283,0,0.74555695056915283,0.66644197702407837,1.0000001192092896,0,0,4.4000520706176758,16.989328384399414,-12.634309768676758">
        </Bone>
      </Part>
    </Brick>
    <Brick refID="14" designID="6019">
      <Part refID="14" designID="6019" materials="1">
        <Bone refID="14" transformation="0,0.66644203662872314,-0.74555695056915283,0,0.74555695056915283,0.66644197702407837,1.0000001192092896,0,0,4.4000530242919922,16.456174850463867,-12.037864685058594">
        </Bone>
      </Part>
    </Brick>
    <Brick refID="15" designID="6019">
      <Part refID="15" designID="6019" materials="1">
        <Bone refID="15" transformation="0,0.66644203662872314,-0.74555695056915283,0,0.74555695056915283,0.66644197702407837,1.0000001192092896,0,0,4.4000568389892578,15.92302131652832,-11.441417694091797">
        </Bone>
      </Part>
    </Brick>
    <Brick refID="16" designID="6019">
      <Part refID="16" designID="6019" materials="1">
        <Bone refID="16" transformation="0,-0.66644191741943359,0.74555701017379761,0,0.74555706977844238,0.66644191741943359,-1,0,0,3.6000535488128662,17.522481918334961,-13.230754852294922">
        </Bone>
      </Part>
    </Brick>
    <Brick refID="17" designID="6019">
      <Part refID="17" designID="6019" materials="1">
        <Bone refID="17" transformation="0,-0.66644185781478882,0.74555695056915283,0,0.74555695056915283,0.66644185781478882,-1,0,0,3.6000540256500244,18.055635452270508,-13.82719898223877">
        </Bone>
      </Part>
    </Brick>
    <Brick refID="18" designID="6019">
      <Part refID="18" designID="6019" materials="1">
        <Bone refID="18" transformation="0,-0.66644185781478882,0.74555695056915283,0,0.74555695056915283,0.66644185781478882,-1,0,0,3.6000540256500244,16.989328384399414,-12.634309768676758">
        </Bone>
      </Part>
    </Brick>
    <Brick refID="19" designID="6019">
      <Part refID="19" designID="6019" materials="1">
        <Bone refID="19" transformation="0,-0.66644185781478882,0.74555695056915283,0,0.74555695056915283,0.66644185781478882,-1,0,0,3.6000540256500244,16.456174850463867,-12.037864685058594">
        </Bone>
      </Part>
    </Brick>
    <Brick refID="20" designID="6019">
      <Part refID="20" designID="6019" materials="1">
        <Bone refID="20" transformation="0,-0.66644185781478882,0.74555695056915283,0,0.74555695056915283,0.66644185781478882,-1,0,0,3.6000540256500244,15.92302131652832,-11.441418647766113">
        </Bone>
      </Part>
    </Brick>
    <Brick refID="21" designID="6019">
      <Part refID="21" designID="6019" materials="1">
        <Bone refID="21" transformation="0,-0.66644185781478882,0.74555695056915283,0,0.74555683135986328,0.66644179821014404,-1,0,0,3.600053071975708,15.389866828918457,-10.844972610473633">
        </Bone>
      </Part>
    </Brick>
    <Brick refID="22" designID="6019">
      <Part refID="22" designID="6019" materials="1">
        <Bone refID="22" transformation="0,0.66644203662872314,-0.74555695056915283,0,0.74555695056915283,0.66644203662872314,1.0000001192092896,0,0,4.4000520706176758,15.389867782592773,-10.844971656799316">
        </Bone>
      </Part>
    </Brick>
    <Brick refID="23" designID="6179">
      <Part refID="23" designID="6179" materials="1">
        <Bone refID="23" transformation="0,-0.66644185781478882,0.74555695056915283,0,0.74555695056915283,0.66644185781478882,-1,0,0,1.2000515460968018,14.856711387634277,-10.248528480529785">
        </Bone>
      </Part>
    </Brick>
    <Brick refID="24" designID="6179">
      <Part refID="24" designID="6179" materials="1">
        <Bone refID="24" transformation="0,0.66644185781478882,-0.74555695056915283,0,0.74555683135986328,0.66644179821014404,1,0,0,6.8000545501708984,13.257248878479004,-8.4591875076293945">
        </Bone>
      </Part>
    </Brick>
    <Brick refID="25" designID="2444">
      <Part refID="25" designID="2444" materials="1">
        <Bone refID="25" transformation="0,-0.66644185781478882,0.74555695056915283,0,0.74555683135986328,0.66644179821014404,-1,0,0,6.0000543594360352,15.151288032531738,-11.058234214782715">
        </Bone>
      </Part>
    </Brick>
    <Brick refID="26" designID="3022">
      <Part refID="26" designID="3022" materials="1">
        <Bone refID="26" transformation="1,0,0,0,0.74555671215057373,0.6664421558380127,0,-0.6664421558380127,0.74555671215057373,3.6000535488128662,12.190943717956543,-7.2662982940673828">
        </Bone>
      </Part>
    </Brick>
    <Brick refID="27" designID="3024">
      <Part refID="27" designID="3024" materials="1">
        <Bone refID="27" transformation="1,0,0,0,0.74555671215057373,0.6664421558380127,0,-0.6664421558380127,0.74555671215057373,3.6000535488128662,12.485520362854004,-8.0760097503662109">
        </Bone>
      </Part>
    </Brick>
    <Brick refID="28" designID="3024">
      <Part refID="28" designID="3024" materials="1">
        <Bone refID="28" transformation="1,0,0,0,0.74555671215057373,0.6664421558380127,0,-0.6664421558380127,0.74555671215057373,4.4000558853149414,12.485520362854004,-8.0760097503662109">
        </Bone>
      </Part>
    </Brick>
    <Brick refID="29" designID="3024">
      <Part refID="29" designID="3024" materials="1">
        <Bone refID="29" transformation="1,0,0,0,0.74555671215057373,0.6664421558380127,0,-0.6664421558380127,0.74555671215057373,3.6000535488128662,11.952365875244141,-7.4795637130737305">
        </Bone>
      </Part>
    </Brick>
    <Brick refID="30" designID="3024">
      <Part refID="30" designID="3024" materials="1">
        <Bone refID="30" transformation="1,0,0,0,0.74555671215057373,0.6664421558380127,0,-0.6664421558380127,0.74555671215057373,4.4000558853149414,11.952366828918457,-7.4795646667480469">
        </Bone>
      </Part>
    </Brick>
    <Brick refID="31" designID="4162">
      <Part refID="31" designID="4162" materials="1">
        <Bone refID="31" transformation="0,-0.66644179821014404,0.74555701017379761,0,0.74555695056915283,0.66644173860549927,-0.99999994039535522,0,0,4.4000558853149414,15.572449684143066,-9.6087436676025391">
        </Bone>
      </Part>
    </Brick>
    <Brick refID="32" designID="4162">
      <Part refID="32" designID="4162" materials="1">
        <Bone refID="32" transformation="0,0.66644173860549927,-0.74555701017379761,0,0.74555701017379761,0.66644179821014404,1,0,0,3.6000535488128662,11.84036922454834,-5.4336256980895996">
        </Bone>
      </Part>
    </Brick>
    <Brick refID="33" designID="4070">
      <Part refID="33" designID="4070" materials="1">
        <Bone refID="33" transformation="0.99999994039535522,0,0,0,-0.6664421558380127,0.74555665254592896,0,-0.74555665254592896,-0.6664421558380127,3.6030519008636475,11.770747184753418,-6.6761832237243652">
        </Bone>
      </Part>
    </Brick>
    <Brick refID="34" designID="3023">
      <Part refID="34" designID="3023" materials="1">
        <Bone refID="34" transformation="0.99999994039535522,0,0,0,-0.6664421558380127,0.74555665254592896,0,-0.74555665254592896,-0.6664421558380127,3.6030519008636475,11.9840087890625,-6.9147586822509766">
        </Bone>
      </Part>
    </Brick>
    <Brick refID="35" designID="4070">
      <Part refID="35" designID="4070" materials="1">
        <Bone refID="35" transformation="0.99999994039535522,0,0,0,-0.6664421558380127,0.74555665254592896,0,-0.74555665254592896,-0.6664421558380127,4.4030542373657227,11.770750045776367,-6.6761846542358398">
        </Bone>
      </Part>
    </Brick>
    <Brick refID="36" designID="2412">
      <Part refID="36" designID="2412" materials="140">
        <Bone refID="36" transformation="1,0,0,0,-0.74555665254592896,-0.6664421558380127,0,0.6664421558380127,-0.74555665254592896,3.6030519008636475,11.209765434265137,-6.4265251159667969">
        </Bone>
      </Part>
    </Brick>
    <Brick refID="37" designID="6180">
      <Part refID="37" designID="6180" materials="1,0">
        <Bone refID="37" transformation="0,0.74555736780166626,0.66644155979156494,0,-0.66644138097763062,0.74555736780166626,1.0000001192092896,0,0,3.6030523777008057,10.661099433898926,-4.2344036102294922">
        </Bone>
      </Part>
    </Brick>
    <Brick refID="38" designID="3036">
      <Part refID="38" designID="3036" materials="1">
        <Bone refID="38" transformation="1,0,0,0,-0.66644233465194702,0.74555647373199463,0,-0.74555647373199463,-0.66644233465194702,1.2030603885650635,11.470808029174805,-3.9398312568664551">
        </Bone>
      </Part>
    </Brick>
    <Brick refID="39" designID="44728">
      <Part refID="39" designID="44728" materials="1">
        <Bone refID="39" transformation="0,0.74555736780166626,0.66644155979156494,0,-0.66644138097763062,0.74555736780166626,1.0000001192092896,0,0,6.8030529022216797,12.876958847045898,-3.1120967864990234">
        </Bone>
      </Part>
    </Brick>
    <Brick refID="40" designID="3023">
      <Part refID="40" designID="3023" materials="1">
        <Bone refID="40" transformation="0,0.7455558180809021,0.6664431095123291,0.99999994039535522,0,0,0,0.66644304990768433,-0.74555587768554688,7.3630561828613281,13.465664863586426,-3.7661871910095215">
        </Bone>
      </Part>
    </Brick>
    <Brick refID="41" designID="6141">
      <Part refID="41" designID="6141" materials="140">
        <Bone refID="41" transformation="0,-0.66644221544265747,0.74555659294128418,1,0,0,0,0.74555659294128418,0.66644221544265747,7.683049201965332,14.062111854553223,-3.2330322265625">
        </Bone>
      </Part>
    </Brick>
    <Brick refID="42" designID="6141">
      <Part refID="42" designID="6141" materials="140">
        <Bone refID="42" transformation="0,-0.66644281148910522,0.74555623531341553,1.0000001192092896,0,0,0,0.74555623531341553,0.66644299030303955,7.6830501556396484,13.465664863586426,-3.7661886215209961">
        </Bone>
      </Part>
    </Brick>
    <Brick refID="43" designID="6636">
      <Part refID="43" designID="6636" materials="1,0">
        <Bone refID="43" transformation="0,-0.74555689096450806,-0.66644191741943359,1,0,0,0,-0.66644191741943359,0.74555689096450806,7.3630533218383789,14.721848487854004,-1.5702829360961914">
        </Bone>
      </Part>
    </Brick>
    <Brick refID="44" designID="44728">
      <Part refID="44" designID="44728" materials="1">
        <Bone refID="44" transformation="0,0.74555706977844238,0.66644185781478882,0,-0.66644173860549927,0.74555701017379761,1,0,0,6.8030662536621094,14.069851875305176,-2.0457887649536133">
        </Bone>
      </Part>
    </Brick>
    <Brick refID="45" designID="3069">
      <Part refID="45" designID="3069" materials="1,0">
        <Bone refID="45" transformation="0,-0.74555695056915283,-0.66644185781478882,1,0,0,0,-0.66644185781478882,0.74555695056915283,7.3630504608154297,15.255167961120605,-2.1665792465209961">
        </Bone>
      </Part>
    </Brick>
    <Brick refID="46" designID="44728">
      <Part refID="46" designID="44728" materials="1">
        <Bone refID="46" transformation="0,0.74555736780166626,0.66644155979156494,0,-0.66644138097763062,0.74555736780166626,1.0000001192092896,0,0,6.8030529022216797,11.684065818786621,-4.1784024238586426">
        </Bone>
      </Part>
    </Brick>
    <Brick refID="47" designID="3069">
      <Part refID="47" designID="3069" materials="1,0">
        <Bone refID="47" transformation="0,0.7455560564994812,0.66644299030303955,1,0,0,0,0.66644299030303955,-0.74555593729019165,7.3630495071411133,12.272605895996094,-4.8326454162597656">
        </Bone>
      </Part>
    </Brick>
    <Brick refID="48" designID="4162">
      <Part refID="48" designID="4162" materials="1">
        <Bone refID="48" transformation="0.99999994039535522,0,0,0,-0.6664421558380127,0.74555665254592896,0,-0.74555665254592896,-0.6664421558380127,1.2030575275421143,14.239777565002441,-1.0354833602905273">
        </Bone>
      </Part>
    </Brick>
    <Brick refID="49" designID="44728">
      <Part refID="49" designID="44728" materials="1">
        <Bone refID="49" transformation="0,-0.74555593729019165,-0.66644316911697388,0,-0.66644316911697388,0.74555593729019165,-1,0,0,1.2030518054962158,13.473407745361328,-2.5789461135864258">
        </Bone>
      </Part>
    </Brick>
    <Brick refID="50" designID="3023">
      <Part refID="50" designID="3023" materials="1">
        <Bone refID="50" transformation="0,-0.74555712938308716,-0.66644161939620972,-1,0,0,0,0.66644167900085449,-0.74555712938308716,0.64306092262268066,14.057639122009277,-3.237032413482666">
        </Bone>
      </Part>
    </Brick>
    <Brick refID="51" designID="6141">
      <Part refID="51" designID="6141" materials="140">
        <Bone refID="51" transformation="0,-0.66644197702407837,0.74555683135986328,-1,0,0,0,-0.74555683135986328,-0.66644197702407837,0.32305312156677246,14.057639122009277,-3.2370338439941406">
        </Bone>
      </Part>
    </Brick>
    <Brick refID="52" designID="6141">
      <Part refID="52" designID="6141" materials="140">
        <Bone refID="52" transformation="0,-0.66644227504730225,0.74555689096450806,-1.0000001192092896,0,0,0,-0.74555683135986328,-0.6664421558380127,0.32305026054382324,13.461191177368164,-3.7701883316040039">
        </Bone>
      </Part>
    </Brick>
    <Brick refID="53" designID="6636">
      <Part refID="53" designID="6636" materials="1,0">
        <Bone refID="53" transformation="0,0.74555647373199463,0.6664423942565918,-1,0,0,0,-0.6664423942565918,0.74555647373199463,0.64304804801940918,11.735151290893555,-4.2400503158569336">
        </Bone>
      </Part>
    </Brick>
    <Brick refID="54" designID="44728">
      <Part refID="54" designID="44728" materials="1">
        <Bone refID="54" transformation="0,-0.74555593729019165,-0.66644299030303955,0,-0.66644299030303955,0.74555593729019165,-1,0,0,1.203049898147583,14.66629695892334,-1.5126361846923828">
        </Bone>
      </Part>
    </Brick>
    <Brick refID="55" designID="3069">
      <Part refID="55" designID="3069" materials="1,0">
        <Bone refID="55" transformation="0,-0.74555659294128418,-0.66644227504730225,-1,0,0,0,0.66644227504730225,-0.7455565333366394,0.64304614067077637,15.250696182250977,-2.1705770492553711">
        </Bone>
      </Part>
    </Brick>
    <Brick refID="56" designID="44728">
      <Part refID="56" designID="44728" materials="1">
        <Bone refID="56" transformation="0,-0.74555593729019165,-0.66644316911697388,0,-0.66644316911697388,0.74555593729019165,-1,0,0,1.203049898147583,12.280514717102051,-3.6452550888061523">
        </Bone>
      </Part>
    </Brick>
    <Brick refID="57" designID="3069">
      <Part refID="57" designID="3069" materials="1,0">
        <Bone refID="57" transformation="0,0.74555659294128418,0.66644227504730225,-1,0,0,0,-0.66644227504730225,0.7455565333366394,0.64305758476257324,12.26813793182373,-4.8366489410400391">
        </Bone>
      </Part>
    </Brick>
    <Brick refID="58" designID="6180">
      <Part refID="58" designID="6180" materials="1,0">
        <Bone refID="58" transformation="0,-0.74555683135986328,-0.66644197702407837,0,-0.66644209623336792,0.74555677175521851,-1,0,0,4.4030532836914062,13.643327713012695,-1.568634033203125">
        </Bone>
      </Part>
    </Brick>
    <Brick refID="59" designID="3660">
      <Part refID="59" designID="3660" materials="1">
        <Bone refID="59" transformation="0,-0.74555683135986328,-0.6664421558380127,0,-0.66644197702407837,0.74555683135986328,-1,0,0,2.0030481815338135,11.940671920776367,-5.6658759117126465">
        </Bone>
      </Part>
    </Brick>
    <Brick refID="60" designID="3004">
      <Part refID="60" designID="3004" materials="1,0,0,0">
        <Bone refID="60" transformation="0,-0.74555683135986328,-0.66644197702407837,0,-0.66644197702407837,0.74555683135986328,-1,0,0,5.2030620574951172,11.940673828125,-5.6658730506896973">
        </Bone>
      </Part>
    </Brick>
    <Brick refID="61" designID="3660">
      <Part refID="61" designID="3660" materials="1">
        <Bone refID="61" transformation="0,0.74555695056915283,0.66644197702407837,0,-0.66644191741943359,0.74555701017379761,1.0000001192092896,0,0,5.2030544281005859,11.9840087890625,-6.9147615432739258">
        </Bone>
      </Part>
    </Brick>
    <Brick refID="62" designID="3004">
      <Part refID="62" designID="3004" materials="1,0,0,0">
        <Bone refID="62" transformation="0,0.74555695056915283,0.66644197702407837,0,-0.66644191741943359,0.74555701017379761,1.0000001192092896,0,0,5.2030544281005859,12.62379264831543,-7.6304931640625">
        </Bone>
      </Part>
    </Brick>
    <Brick refID="63" designID="3024">
      <Part refID="63" designID="3024" materials="1">
        <Bone refID="63" transformation="1,0,0,0,-0.66644233465194702,0.74555647373199463,0,-0.74555647373199463,-0.66644233465194702,5.2030572891235352,13.433501243591309,-7.3359241485595703">
        </Bone>
      </Part>
    </Brick>
    <Brick refID="64" designID="3024">
      <Part refID="64" designID="3024" materials="1">
        <Bone refID="64" transformation="1,0,0,0,-0.66644197702407837,0.74555683135986328,0,-0.74555683135986328,-0.66644197702407837,5.2030582427978516,12.837056159973145,-7.8690757751464844">
        </Bone>
      </Part>
    </Brick>
    <Brick refID="65" designID="3660">
      <Part refID="65" designID="3660" materials="1">
        <Bone refID="65" transformation="0,0.74555683135986328,0.6664421558380127,0,-0.6664421558380127,0.74555683135986328,1.0000001192092896,0,0,6.0030536651611328,11.34422779083252,-6.199028491973877">
        </Bone>
      </Part>
    </Brick>
    <Brick refID="66" designID="4162">
      <Part refID="66" designID="4162" materials="1">
        <Bone refID="66" transformation="0.99999994039535522,0,0,0,-0.6664421558380127,0.74555665254592896,0,-0.74555665254592896,-0.6664421558380127,1.2030503749847412,10.064658164978027,-4.7675604820251465">
        </Bone>
      </Part>
    </Brick>
    <Brick refID="67" designID="60478">
      <Part refID="67" designID="60478" materials="1">
        <Bone refID="67" transformation="0.96217978000640869,0.20310065150260925,0.18154934048652649,-0.27241519093513489,0.71735972166061401,0.64123702049255371,0,-0.6664421558380127,0.74555677175521851,6.0372447967529297,17.167747497558594,-12.492256164550781">
        </Bone>
      </Part>
    </Brick>
    <Brick refID="68" designID="6636">
      <Part refID="68" designID="6636" materials="1,0">
        <Bone refID="68" transformation="0,0.66644203662872314,-0.74555677175521851,-0.27241507172584534,0.71735990047454834,0.64123702049255371,0.96217983961105347,0.20310060679912567,0.18154929578304291,6.7198162078857422,15.960323333740234,-10.352483749389648">
        </Bone>
      </Part>
    </Brick>
    <Brick refID="69" designID="60478">
      <Part refID="69" designID="60478" materials="1">
        <Bone refID="69" transformation="0.96217978000640869,0.20310065150260925,0.18154934048652649,-0.27241519093513489,0.71735972166061401,0.64123702049255371,0,-0.6664421558380127,0.74555677175521851,6.0372447967529297,18.23405647277832,-13.685146331787109">
        </Bone>
      </Part>
    </Brick>
    <Brick refID="70" designID="6636">
      <Part refID="70" designID="6636" materials="1,0">
        <Bone refID="70" transformation="0,-0.66644179821014404,0.74555706977844238,-0.27241477370262146,0.71736007928848267,0.64123696088790894,-0.96217989921569824,-0.20310086011886597,-0.1815483570098877,5.9500713348388672,18.463611602783203,-13.479949951171875">
        </Bone>
      </Part>
    </Brick>
    <Brick refID="71" designID="60478">
      <Part refID="71" designID="60478" materials="1">
        <Bone refID="71" transformation="0.96217978000640869,0.20310065150260925,0.18154934048652649,-0.27241519093513489,0.71735972166061401,0.64123702049255371,0,-0.6664421558380127,0.74555677175521851,6.0372447967529297,16.634593963623047,-11.895809173583984">
        </Bone>
      </Part>
    </Brick>
    <Brick refID="72" designID="60478">
      <Part refID="72" designID="60478" materials="1">
        <Bone refID="72" transformation="0.96217978000640869,0.20310065150260925,0.18154934048652649,-0.27241519093513489,0.71735972166061401,0.64123702049255371,0,-0.6664421558380127,0.74555677175521851,6.0372447967529297,16.1014404296875,-11.29936408996582">
        </Bone>
      </Part>
    </Brick>
    <Brick refID="73" designID="60478">
      <Part refID="73" designID="60478" materials="1">
        <Bone refID="73" transformation="0.96217978000640869,0.20310065150260925,0.18154934048652649,-0.27241519093513489,0.71735972166061401,0.64123702049255371,0,-0.6664421558380127,0.74555677175521851,6.0372447967529297,15.56828784942627,-10.702919006347656">
        </Bone>
      </Part>
    </Brick>
    <Brick refID="74" designID="60478">
      <Part refID="74" designID="60478" materials="1">
        <Bone refID="74" transformation="0.96217978000640869,0.20310065150260925,0.18154934048652649,-0.27241519093513489,0.71735972166061401,0.64123702049255371,0,-0.6664421558380127,0.74555677175521851,6.0372447967529297,17.700901031494141,-13.088701248168945">
        </Bone>
      </Part>
    </Brick>
    <Brick refID="75" designID="2460">
      <Part refID="75" designID="2460" materials="1">
        <Bone refID="75" transformation="1,0,0,0,1,0,0,0,1,8.4000587463378906,15.53997802734375,-10.399999618530273">
        </Bone>
      </Part>
    </Brick>
    <Brick refID="76" designID="3021">
      <Part refID="76" designID="3021" materials="1">
        <Bone refID="76" transformation="1,0,0,0,1,0,0,0,1,7.6000595092773438,15.219978332519531,-10.399999618530273">
        </Bone>
      </Part>
    </Brick>
    <Brick refID="77" designID="3069">
      <Part refID="77" designID="3069" materials="1,0">
        <Bone refID="77" transformation="0,0,1,0,0.99999994039535522,0,-1,0,0,7.6000595092773438,15.53997802734375,-11.200217247009277">
        </Bone>
      </Part>
    </Brick>
    <Brick refID="78" designID="3023">
      <Part refID="78" designID="3023" materials="1">
        <Bone refID="78" transformation="0,0,1,0,0.99999994039535522,0,-1,0,0,9.2000579833984375,14.89997673034668,-11.199993133544922">
        </Bone>
      </Part>
    </Brick>
    <Brick refID="79" designID="2444">
      <Part refID="79" designID="2444" materials="1">
        <Bone refID="79" transformation="0,0,-1,0,1,0,1,0,0,8.4000587463378906,14.89997673034668,-10.399999618530273">
        </Bone>
      </Part>
    </Brick>
    <Brick refID="80" designID="2780">
      <Part refID="80" designID="2780" materials="1">
        <Bone refID="80" transformation="0,0.66644191741943359,-0.74555706977844238,0,0.74555695056915283,0.66644191741943359,1,0,0,8.0000572204589844,14.839975357055664,-10.799994468688965">
        </Bone>
      </Part>
    </Brick>
    <Brick refID="81" designID="3022">
      <Part refID="81" designID="3022" materials="1">
        <Bone refID="81" transformation="1,0,0,0,1,0,0,0,1,8.4000568389892578,14.579977035522461,-10.399999618530273">
        </Bone>
      </Part>
    </Brick>
    <Brick refID="82" designID="2476">
      <Part refID="82" designID="2476" materials="1">
        <Bone refID="82" transformation="1,0,0,0,1,0,0,0,1,9.2000579833984375,14.259977340698242,-10.399999618530273">
        </Bone>
      </Part>
    </Brick>
    <Brick refID="83" designID="32523">
      <Part refID="83" designID="32523" materials="1">
        <Bone refID="83" transformation="0.99999994039535522,0,0,0,0,-1,0,1,0,8.8000583648681641,16.659976959228516,-10.799993515014648">
        </Bone>
      </Part>
    </Brick>
    <Brick refID="84" designID="32002">
      <Part refID="84" designID="32002" materials="1">
        <Bone refID="84" transformation="0.99999994039535522,0,0,0,0,1,0,-1,0,10.400056838989258,15.859976768493652,-10.799993515014648">
        </Bone>
      </Part>
    </Brick>
    <Brick refID="85" designID="6632">
      <Part refID="85" designID="6632" materials="1">
        <Bone refID="85" transformation="0,0,1,-1,0,0,0,-1.0000001192092896,0,10.400056838989258,16.659976959228516,-11.599994659423828">
        </Bone>
      </Part>
    </Brick>
    <Brick refID="86" designID="32073">
      <Part refID="86" designID="32073" materials="1">
        <Bone refID="86" transformation="0.99999994039535522,0,0,0,0,1,0,-1,0,10.400056838989258,13.059975624084473,-9.9999942779541016">
        </Bone>
      </Part>
    </Brick>
    <Brick refID="87" designID="32184">
      <Part refID="87" designID="32184" materials="1">
        <Bone refID="87" transformation="0,0,-1.0000001192092896,1.0000001192092896,0,0,0,-1.0000001192092896,0,10.400056838989258,14.659977912902832,-9.9999942779541016">
        </Bone>
      </Part>
    </Brick>
    <Brick refID="88" designID="32073">
      <Part refID="88" designID="32073" materials="1">
        <Bone refID="88" transformation="0.99999994039535522,0,0,0,0,1,0,-1,0,10.400056838989258,13.059976577758789,-11.599994659423828">
        </Bone>
      </Part>
    </Brick>
    <Brick refID="89" designID="6632">
      <Part refID="89" designID="6632" materials="1">
        <Bone refID="89" transformation="0,0,1,-1,0,0,0,-1.0000001192092896,0,10.400056838989258,13.059976577758789,-11.599994659423828">
        </Bone>
      </Part>
    </Brick>
    <Brick refID="90" designID="32138">
      <Part refID="90" designID="32138" materials="1">
        <Bone refID="90" transformation="0,0,1,0,0.99999994039535522,0,-1,0,0,11.200057983398438,13.859977722167969,-11.199994087219238">
        </Bone>
      </Part>
    </Brick>
    <Brick refID="91" designID="3705">
      <Part refID="91" designID="3705" materials="1">
        <Bone refID="91" transformation="0,0,1,0,0.99999994039535522,0,-1,0,0,9.6000576019287109,15.059976577758789,-10.799995422363281">
        </Bone>
      </Part>
    </Brick>
    <Brick refID="92" designID="32123">
      <Part refID="92" designID="32123" materials="1">
        <Bone refID="92" transformation="0,0,1,0,0.99999994039535522,0,-1,0,0,9.6000576019287109,15.059977531433105,-10.799995422363281">
        </Bone>
      </Part>
    </Brick>
    <Brick refID="93" designID="4019">
      <Part refID="93" designID="4019" materials="1">
        <Bone refID="93" transformation="0,0,-1,0,1,0,1,0,0,12.400060653686523,15.059978485107422,-10.799994468688965">
        </Bone>
      </Part>
    </Brick>
    <Brick refID="94" designID="32123">
      <Part refID="94" designID="32123" materials="1">
        <Bone refID="94" transformation="0,0,1,0,0.99999994039535522,0,-1,0,0,12.400058746337891,15.059976577758789,-10.799994468688965">
        </Bone>
      </Part>
    </Brick>
    <Brick refID="95" designID="62462">
      <Part refID="95" designID="62462" materials="1">
        <Bone refID="95" transformation="0,0,1,-1,0,0,0,-1.0000001192092896,0,11.600057601928711,15.459978103637695,-10.399999618530273">
        </Bone>
      </Part>
    </Brick>
    <Brick refID="96" designID="4274">
      <Part refID="96" designID="4274" materials="1">
        <Bone refID="96" transformation="0.99999994039535522,0,0,0,0,1,0,-1,0,11.200057983398438,16.259979248046875,-10.399999618530273">
        </Bone>
      </Part>
    </Brick>
    <Brick refID="97" designID="3069">
      <Part refID="97" designID="3069" materials="1,0" decoration="55128">
        <Bone refID="97" transformation="0,0,1,0,0.99999994039535522,0,-1,0,0,11.200054168701172,17.379978179931641,-11.200220108032227">
        </Bone>
      </Part>
    </Brick>
    <Brick refID="98" designID="3023">
      <Part refID="98" designID="3023" materials="1">
        <Bone refID="98" transformation="0,0,1,0,0.99999994039535522,0,-1,0,0,11.200057029724121,17.059978485107422,-11.199995994567871">
        </Bone>
      </Part>
    </Brick>
    <Brick refID="99" designID="4274">
      <Part refID="99" designID="4274" materials="1">
        <Bone refID="99" transformation="0.99999994039535522,0,0,0,0,1,0,-1,0,11.20005989074707,16.259979248046875,-11.199995040893555">
        </Bone>
      </Part>
    </Brick>
    <Brick refID="100" designID="62462">
      <Part refID="100" designID="62462" materials="1">
        <Bone refID="100" transformation="0,0,1,-1,0,0,0,-1.0000001192092896,0,11.600057601928711,15.459978103637695,-11.199994087219238">
        </Bone>
      </Part>
    </Brick>
    <Brick refID="101" designID="62462">
      <Part refID="101" designID="62462" materials="1">
        <Bone refID="101" transformation="0,0,1,-1,0,0,0,-1,0,11.600057601928711,13.059977531433105,-10.399999618530273">
        </Bone>
      </Part>
    </Brick>
    <Brick refID="102" designID="32002">
      <Part refID="102" designID="32002" materials="1">
        <Bone refID="102" transformation="0.99999994039535522,0,0,0,0,-1,0,1,0,11.200057029724121,13.859977722167969,-10.399999618530273">
        </Bone>
      </Part>
    </Brick>
    <Brick refID="103" designID="74340">
      <Part refID="103" designID="3680" materials="1">
        <Bone refID="103" transformation="-0.95691472291946411,0,0.29036912322044373,0,0.99999994039535522,0,-0.29036912322044373,0,-0.95691472291946411,-0.9610590934753418,7.0402960777282715,5.1232948303222656">
        </Bone>
      </Part>
      <Part refID="104" designID="3679" materials="1">
        <Bone refID="104" transformation="-0.99995219707489014,0,0.0097780181095004082,0,1,0,-0.0097780181095004082,0,-0.99995219707489014,-0.83167171478271484,7.3603196144104004,5.2182655334472656">
        </Bone>
      </Part>
    </Brick>
    <Brick refID="104" designID="3029">
      <Part refID="105" designID="3029" materials="1">
        <Bone refID="105" transformation="0.29037454724311829,0,0.9569130539894104,0,1,0,-0.9569130539894104,0,0.29037454724311829,-4.8151063919067383,6.7202730178833008,-2.0674419403076172">
        </Bone>
      </Part>
    </Brick>
    <Brick refID="105" designID="3069">
      <Part refID="106" designID="3069" materials="140,0">
        <Bone refID="106" transformation="0.29037442803382874,0,0.95691311359405518,0,1,0,-0.95691311359405518,0,0.29037442803382874,-3.4213800430297852,7.0402736663818359,2.5255403518676758">
        </Bone>
      </Part>
    </Brick>
    <Brick refID="106" designID="3069">
      <Part refID="107" designID="3069" materials="140,0">
        <Bone refID="107" transformation="0.29037454724311829,0,0.9569130539894104,0,1,0,-0.9569130539894104,0,0.29037454724311829,-2.4921822547912598,7.0402741432189941,5.5876693725585938">
        </Bone>
      </Part>
    </Brick>
    <Brick refID="107" designID="6636">
      <Part refID="108" designID="6636" materials="1,0">
        <Bone refID="108" transformation="0.29037454724311829,0,0.9569130539894104,0,1,0,-0.9569130539894104,0,0.29037454724311829,-1.1247191429138184,7.040306568145752,1.8288564682006836">
        </Bone>
      </Part>
    </Brick>
    <Brick refID="108" designID="3069">
      <Part refID="109" designID="3069" materials="1,0">
        <Bone refID="109" transformation="-0.29037323594093323,0,-0.95691347122192383,0,1,0,0.95691347122192383,0,-0.29037323594093323,-2.7243504524230957,7.0402741432189941,4.8225631713867187">
        </Bone>
      </Part>
    </Brick>
    <Brick refID="109" designID="2431">
      <Part refID="110" designID="2431" materials="1,0">
        <Bone refID="110" transformation="0.29037454724311829,0,0.9569130539894104,0,1,0,-0.9569130539894104,0,0.29037454724311829,-1.8902468681335449,7.0402956008911133,2.0611553192138672">
        </Bone>
      </Part>
    </Brick>
    <Brick refID="110" designID="2431">
      <Part refID="111" designID="2431" materials="1,0">
        <Bone refID="111" transformation="-0.29037323594093323,0,-0.95691347122192383,0,1,0,0.95691347122192383,0,-0.29037323594093323,-1.958878755569458,7.0402851104736328,4.5900497436523437">
        </Bone>
      </Part>
    </Brick>
    <Brick refID="111" designID="2431">
      <Part refID="112" designID="2431" materials="1,0">
        <Bone refID="112" transformation="-0.29037323594093323,0,-0.95691347122192383,0,1,0,0.95691347122192383,0,-0.29037323594093323,-2.8880796432495117,7.0402846336364746,1.5279245376586914">
        </Bone>
      </Part>
    </Brick>
    <Brick refID="112" designID="3069">
      <Part refID="113" designID="3069" materials="1,0">
        <Bone refID="113" transformation="-0.29037323594093323,0,-0.95691347122192383,0,1,0,0.95691347122192383,0,-0.29037323594093323,-3.6535501480102539,7.0402736663818359,1.7604398727416992">
        </Bone>
      </Part>
    </Brick>
    <Brick refID="113" designID="2431">
      <Part refID="114" designID="2431" materials="1,0">
        <Bone refID="114" transformation="0.29037454724311829,0,0.9569130539894104,0,1,0,-0.9569130539894104,0,0.29037454724311829,-2.8194506168365479,7.0402956008911133,-1.0009689331054687">
        </Bone>
      </Part>
    </Brick>
    <Brick refID="114" designID="6636">
      <Part refID="115" designID="6636" materials="1,0">
        <Bone refID="115" transformation="0.29037454724311829,0,0.9569130539894104,0,1,0,-0.9569130539894104,0,0.29037454724311829,-2.5185146331787109,7.040306568145752,-2.7643299102783203">
        </Bone>
      </Part>
    </Brick>
    <Brick refID="115" designID="3069">
      <Part refID="116" designID="3069" materials="140,0">
        <Bone refID="116" transformation="0.29037454724311829,0,0.9569130539894104,0,1,0,-0.9569130539894104,0,0.29037454724311829,-4.350581169128418,7.0402736663818359,-0.53658580780029297">
        </Bone>
      </Part>
    </Brick>
    <Brick refID="116" designID="74340">
      <Part refID="117" designID="3679" materials="1">
        <Bone refID="117" transformation="-0.95691472291946411,0,0.29036912322044373,0,0.99999994039535522,0,-0.29036912322044373,0,-0.95691472291946411,-1.7265795469284058,6.7202839851379395,5.3555850982666016">
        </Bone>
      </Part>
      <Part refID="118" designID="3680" materials="1">
        <Bone refID="118" transformation="-0.83683884143829346,0,0.54744929075241089,0,1,0,-0.54744929075241089,0,-0.83683884143829346,-1.8774410486221313,6.4002599716186523,5.3007802963256836">
        </Bone>
      </Part>
    </Brick>
    <Brick refID="117" designID="3070">
      <Part refID="119" designID="3070" materials="1">
        <Bone refID="119" transformation="-0.95691448450088501,0,0.29036983847618103,0,0.99999994039535522,0,-0.29036983847618103,0,-0.95691448450088501,-4.0496406555175781,10.240288734436035,-2.2997102737426758">
        </Bone>
      </Part>
    </Brick>
    <Brick refID="118" designID="3005">
      <Part refID="120" designID="3005" materials="1,0">
        <Bone refID="120" transformation="0.95691567659378052,1.3410406609182246E-005,-0.29036599397659302,-1.3410405699687544E-005,1,0,0.29036599397659302,0,0.95691567659378052,-4.0496249198913574,9.2802877426147461,-2.2997159957885742">
        </Bone>
      </Part>
    </Brick>
    <Brick refID="119" designID="3004">
      <Part refID="121" designID="3004" materials="1,0,0,0">
