<?xml version="1.0" encoding="UTF-8" standalone="no" ?>
<LXFML versionMajor="5" versionMinor="0">
  <Meta>
    <Application name="LEGO Universe" versionMajor="0" versionMinor="0"/>
    <Brand name="LEGOUniverse"/>
    <BrickSet version="61"/>
  </Meta>
  <Bricks>
    <Brick refID="0" designID="74340">
      <Part refID="0" designID="3680" materials="194">
        <Bone refID="0" transformation="1,0,0,0,1,0,0,0,1,-2.4000000953674316,1.7202802896499634,0.39999997615814209">
        </Bone>
      </Part>
      <Part refID="1" designID="3679" materials="194">
        <Bone refID="1" transformation="0.80901694297790527,0,0.58778530359268188,0,1,0,-0.58778530359268188,0,0.80901694297790527,-2.5587210655212402,2.0402803421020508,0.088492631912231445">
        </Bone>
      </Part>
    </Brick>
    <Brick refID="1" designID="3795">
      <Part refID="2" designID="3795" materials="194">
        <Bone refID="2" transformation="0,0,1,0,0.99999994039535522,0,-1,0,0,-2.4000000953674316,1.4002765417098999,-0.39999997615814209">
        </Bone>
      </Part>
    </Brick>
    <Brick refID="2" designID="73200">
      <Part refID="3" designID="3816" materials="21">
        <Bone refID="3" transformation="0.99999994039535522,0,0,0,0,-1,0,1,0,-2.4000000953674316,2.0802803039550781,3.2000002861022949">
        </Bone>
      </Part>
      <Part refID="4" designID="3817" materials="21">
        <Bone refID="4" transformation="0.99999994039535522,0,0,0,0,-1,0,1,0,-1.6000000238418579,2.0802803039550781,3.1999998092651367">
        </Bone>
      </Part>
      <Part refID="5" designID="3815" materials="21">
        <Bone refID="5" transformation="1,0,0,0,1,0,0,0,1,-2.4000000953674316,2.5602803230285645,2.0799999237060547">
        </Bone>
      </Part>
    </Brick>
    <Brick refID="3" designID="4596">
      <Part refID="6" designID="4596" materials="194">
        <Bone refID="6" transformation="1,0,0,0,1,0,0,0,1,-2.4000000953674316,1.7202802896499634,3.5999999046325684">
        </Bone>
      </Part>
    </Brick>
    <Brick refID="4" designID="73081">
      <Part refID="7" designID="3829" materials="194">
        <Bone refID="7" transformation="-1,0,0,0,1,0,0,0,-1,-1.6000000238418579,2.0402803421020508,3.5999999046325684">
        </Bone>
      </Part>
      <Part refID="8" designID="3828" materials="26">
        <Bone refID="8" transformation="-1,0,0,0,0.57357633113861084,-0.81915199756622314,0,-0.81915199756622314,-0.57357645034790039,-1.9999730587005615,3.2563402652740479,3.8298821449279785">
        </Bone>
      </Part>
    </Brick>
    <Brick refID="5" designID="2817">
      <Part refID="9" designID="2817" materials="194">
        <Bone refID="9" transformation="0,0,1,0,0.99999994039535522,0,-1,0,0,-2.3999998569488525,1.4002765417098999,-0.39999973773956299">
        </Bone>
      </Part>
    </Brick>
    <Brick refID="6" designID="2817">
      <Part refID="10" designID="2817" materials="194">
        <Bone refID="10" transformation="0,0,1,0,0.99999994039535522,0,-1,0,0,-2.3999998569488525,1.4002765417098999,2.8000001907348633">
        </Bone>
      </Part>
    </Brick>
    <Brick refID="7" designID="3022">
      <Part refID="11" designID="3022" materials="194">
        <Bone refID="11" transformation="-0.58778542280197144,0,0.8090168833732605,0,1,0,-0.8090168833732605,0,-0.58778542280197144,0.73287689685821533,2.6802802085876465,-4.4420032501220703">
        </Bone>
      </Part>
    </Brick>
    <Brick refID="8" designID="3034">
      <Part refID="12" designID="3034" materials="194">
        <Bone refID="12" transformation="-0.58778542280197144,0,0.8090168833732605,0,1,0,-0.8090168833732605,0,-0.58778542280197144,0.73287689685821533,3.0002803802490234,-4.4420032501220703">
        </Bone>
      </Part>
    </Brick>
    <Brick refID="9" designID="3022">
      <Part refID="13" designID="3022" materials="194">
        <Bone refID="13" transformation="-0.58778542280197144,0,0.8090168833732605,0,1,0,-0.8090168833732605,0,-0.58778542280197144,-1.1480362415313721,3.3202805519104004,-1.8531485795974731">
        </Bone>
      </Part>
    </Brick>
    <Brick refID="10" designID="3020">
      <Part refID="14" designID="3020" materials="194">
        <Bone refID="14" transformation="-0.58778542280197144,0,0.8090168833732605,0,1,0,-0.8090168833732605,0,-0.58778542280197144,0.26264834403991699,3.6402802467346191,-3.7947897911071777">
        </Bone>
      </Part>
    </Brick>
    <Brick refID="11" designID="3023">
      <Part refID="15" designID="3023" materials="194">
        <Bone refID="15" transformation="-0.80901706218719482,0,-0.58778518438339233,0,1,0,0.58778518438339233,0,-0.80901706218719482,0.90986204147338867,3.3202805519104004,-3.3245613574981689">
        </Bone>
      </Part>
    </Brick>
    <Brick refID="12" designID="3937">
      <Part refID="16" designID="3937" materials="194">
        <Bone refID="16" transformation="-0.80901706218719482,0,-0.58778518438339233,0,1,0,0.58778518438339233,0,-0.80901706218719482,1.3800899982452393,3.3202805519104004,-3.9717745780944824">
        </Bone>
      </Part>
    </Brick>
    <Brick refID="13" designID="6143">
      <Part refID="17" designID="6143" materials="194">
        <Bone refID="17" transformation="0.80901694297790527,0,0.58778530359268188,0,1,0,-0.58778530359268188,0,0.80901694297790527,-2.5587210655212402,2.0402803421020508,0.088492035865783691">
        </Bone>
      </Part>
    </Brick>
    <Brick refID="14" designID="6143">
      <Part refID="18" designID="6143" materials="194">
        <Bone refID="18" transformation="0.80901694297790527,0,0.58778530359268188,0,1,0,-0.58778530359268188,0,0.80901694297790527,0.26264846324920654,1.7202804088592529,-3.7947897911071777">
        </Bone>
      </Part>
    </Brick>
    <Brick refID="15" designID="3022">
      <Part refID="19" designID="3022" materials="194">
        <Bone refID="19" transformation="-0.58778542280197144,0,0.8090168833732605,0,1,0,-0.8090168833732605,0,-0.58778542280197144,0.73287677764892578,1.4002765417098999,-4.4420032501220703">
        </Bone>
      </Part>
    </Brick>
    <Brick refID="16" designID="3039">
      <Part refID="20" designID="3039" materials="194,0">
        <Bone refID="20" transformation="0.80901694297790527,0,0.58778530359268188,0,1,0,-0.58778530359268188,0,0.80901694297790527,-2.0884926319122314,3.3202805519104004,-0.55872166156768799">
        </Bone>
      </Part>
    </Brick>
    <Brick refID="17" designID="4590">
      <Part refID="21" designID="4590" materials="194">
        <Bone refID="21" transformation="-0.80901706218719482,0,-0.58778518438339233,0,1,0,0.58778518438339233,0,-0.80901706218719482,-0.9710509181022644,3.6402802467346191,-0.735706627368927">
        </Bone>
      </Part>
    </Brick>
    <Brick refID="18" designID="3004">
      <Part refID="22" designID="3004" materials="194,0,0,0">
        <Bone refID="22" transformation="0.80901700258255005,0,0.58778524398803711,0,1,0,-0.58778524398803711,0,0.80901700258255005,-1.6182646751403809,3.9602804183959961,-1.2059346437454224">
        </Bone>
      </Part>
    </Brick>
    <Brick refID="19" designID="3068">
      <Part refID="23" designID="3068" materials="194,0">
        <Bone refID="23" transformation="0.80901694297790527,0,0.58778530359268188,0,1,0,-0.58778530359268188,0,0.80901694297790527,-1.1480362415313721,3.9602804183959961,-1.8531485795974731">
        </Bone>
      </Part>
    </Brick>
    <Brick refID="20" designID="3068">
      <Part refID="24" designID="3068" materials="194,0">
        <Bone refID="24" transformation="0.80901694297790527,0,0.58778530359268188,0,1,0,-0.58778530359268188,0,0.80901694297790527,-0.20757991075515747,3.9602804183959961,-3.147575855255127">
        </Bone>
      </Part>
    </Brick>
    <Brick refID="21" designID="3069">
      <Part refID="25" designID="3069" materials="194,0">
        <Bone refID="25" transformation="0.80901700258255005,0,0.58778524398803711,0,1,0,-0.58778524398803711,0,0.80901700258255005,-1.6184451580047607,4.9202804565429687,-1.2060656547546387">
        </Bone>
      </Part>
    </Brick>
    <Brick refID="22" designID="2817">
      <Part refID="26" designID="2817" materials="194">
        <Bone refID="26" transformation="-0.58778542280197144,0,0.8090168833732605,0,1,0,-0.8090168833732605,0,-0.58778542280197144,0.73287689685821533,1.4002765417098999,-4.4420032501220703">
        </Bone>
      </Part>
    </Brick>
    <Brick refID="23" designID="76382">
      <Part refID="27" designID="3814" materials="21,0,0">
        <Bone refID="27" transformation="1,0,0,0,1,0,0,0,1,-2.4000003337860107,2.5602803230285645,2.0799999237060547">
        </Bone>
      </Part>
      <Part refID="28" designID="3818" materials="21">
        <Bone refID="28" transformation="0.98325490951538086,-0.18223549425601959,0,0.18223549425601959,0.98325490951538086,0,0,0,1,-2.6200001239776611,3.470280647277832,2.0799999237060547">
        </Bone>
      </Part>
      <Part refID="29" designID="3819" materials="21">
        <Bone refID="29" transformation="0.98325490951538086,0.18223549425601959,0,-0.18223549425601959,0.98325490951538086,0,0,0,1,-1.3800003528594971,3.470280647277832,2.0799999237060547">
        </Bone>
      </Part>
      <Part refID="30" designID="3820" materials="21">
        <Bone refID="30" transformation="0.93969267606735229,0.34202000498771667,0,-0.34202000498771667,0.93969267606735229,0,0,0,1,-2.8780100345611572,3.2305412292480469,2.7628793716430664">
        </Bone>
      </Part>
      <Part refID="31" designID="3820" materials="21">
        <Bone refID="31" transformation="0.98480772972106934,0.17364828288555145,0,-0.17364828288555145,0.98480772972106934,0,0,0,1,-1.1220200061798096,3.2306792736053467,2.7628793716430664">
        </Bone>
      </Part>
    </Brick>
    <Brick refID="24" designID="3838">
      <Part refID="32" designID="3838" materials="21">
        <Bone refID="32" transformation="-1,0,0,0,1,0,0,0,-1,-2,3.8402805328369141,2.0799999237060547">
        </Bone>
      </Part>
    </Brick>
    <Brick refID="25" designID="3794">
      <Part refID="33" designID="3794" materials="194">
        <Bone refID="33" transformation="0.99999994039535522,0,0,0,0,-1,0,1,0,-2.4000000953674316,1.9602804183959961,6.7200007438659668">
        </Bone>
      </Part>
    </Brick>
    <Brick refID="26" designID="6141">
      <Part refID="34" designID="6141" materials="48">
        <Bone refID="34" transformation="0.99999994039535522,0,0,0,0,-1,0,1,0,-2.4000000953674316,1.9602804183959961,7.0400004386901855">
        </Bone>
      </Part>
    </Brick>
    <Brick refID="27" designID="6141">
      <Part refID="35" designID="6141" materials="48">
        <Bone refID="35" transformation="0.99999994039535522,0,0,0,0,-1,0,1,0,-1.6000001430511475,1.9602804183959961,7.0400004386901855">
        </Bone>
      </Part>
    </Brick>
    <Brick refID="28" designID="4349">
      <Part refID="36" designID="4349" materials="26">
        <Bone refID="36" transformation="0,1,0,-0.58778530359268188,0,0.80901694297790527,0.80901694297790527,0,0.58778524398803711,-0.088723063468933105,4.5702805519104004,-0.58908522129058838">
        </Bone>
      </Part>
    </Brick>
    <Brick refID="29" designID="6141">
      <Part refID="37" designID="6141" materials="44">
        <Bone refID="37" transformation="-0.80901706218719482,0,-0.58778524398803711,-0.58778518438339233,0,0.80901718139648438,0,1,0,-0.50605064630508423,4.5702805519104004,-0.014682888984680176">
        </Bone>
      </Part>
    </Brick>
    <Brick refID="30" designID="3938">
      <Part refID="38" designID="3938" materials="194">
        <Bone refID="38" transformation="-0.8090168833732605,0,-0.58778542280197144,0.3071940541267395,0.85255980491638184,-0.42281624674797058,0.50112229585647583,-0.52262967824935913,-0.6897352933883667,1.3800902366638184,3.8802804946899414,-3.9717745780944824">
        </Bone>
      </Part>
    </Brick>
    <Brick refID="31" designID="3701">
      <Part refID="39" designID="3701" materials="194">
        <Bone refID="39" transformation="-0.8090168833732605,0,-0.58778542280197144,0.30719402432441711,0.85255974531173706,-0.42281624674797058,0.50112229585647583,-0.52262967824935913,-0.6897352933883667,2.1501815319061279,4.2213039398193359,-3.6706728935241699">
        </Bone>
      </Part>
    </Brick>
    <Brick refID="32" designID="6562">
      <Part refID="40" designID="6562" materials="26">
        <Bone refID="40" transformation="0.80901682376861572,0,0.58778554201126099,0.30719399452209473,0.85255980491638184,-0.42281633615493774,-0.50112241506576538,0.52262967824935913,0.68973517417907715,0.10897338390350342,5.3429441452026367,-4.2637948989868164">
        </Bone>
      </Part>
    </Brick>
    <Brick refID="33" designID="3710">
      <Part refID="41" designID="3710" materials="23">
        <Bone refID="41" transformation="0.80901700258255005,0,0.58778524398803711,0.30719402432441711,0.85255974531173706,-0.42281639575958252,-0.5011221170425415,0.52262973785400391,0.6897352933883667,-1.00184166431427,6.9849953651428223,-3.4154095649719238">
        </Bone>
      </Part>
    </Brick>
    <Brick refID="34" designID="4596">
      <Part refID="42" designID="4596" materials="23">
        <Bone refID="42" transformation="0.80901700258255005,0,0.58778524398803711,0.30719402432441711,0.85255974531173706,-0.42281642556190491,-0.50112205743789673,0.52262973785400391,0.6897352933883667,-0.45538783073425293,6.7053556442260742,-2.8064975738525391">
        </Bone>
      </Part>
    </Brick>
    <Brick refID="35" designID="3747">
      <Part refID="43" designID="3747" materials="23">
        <Bone refID="43" transformation="0.80901700258255005,0,0.58778524398803711,0.30719402432441711,0.85255974531173706,-0.42281642556190491,-0.50112205743789673,0.52262973785400391,0.6897352933883667,0.053958892822265625,5.0575113296508789,-3.5075531005859375">
        </Bone>
      </Part>
    </Brick>
    <Brick refID="36" designID="3021">
      <Part refID="44" designID="3021" materials="23">
        <Bone refID="44" transformation="0.50112199783325195,-0.52262967824935913,-0.68973541259765625,0.30719396471977234,0.85255992412567139,-0.42281639575958252,0.80901700258255005,0,0.58778524398803711,0.59518039226531982,6.2940726280212402,-2.8914408683776855">
        </Bone>
      </Part>
    </Brick>
    <Brick refID="37" designID="3701">
      <Part refID="45" designID="3701" materials="23">
        <Bone refID="45" transformation="0.80901700258255005,0,0.58778524398803711,0.30719402432441711,0.85255974531173706,-0.42281642556190491,-0.50112205743789673,0.52262973785400391,0.6897352933883667,-0.19235777854919434,4.6394076347351074,-4.5295701026916504">
        </Bone>
      </Part>
    </Brick>
    <Brick refID="38" designID="4598">
      <Part refID="46" designID="4598" materials="23">
        <Bone refID="46" transformation="0.80901700258255005,0,0.58778524398803711,0.30719399452209473,0.85255980491638184,-0.42281630635261536,-0.50112205743789673,0.52262967824935913,0.68973535299301147,0.049341201782226563,6.5754165649414062,-3.5011978149414062">
        </Bone>
      </Part>
    </Brick>
    <Brick refID="39" designID="73200">
      <Part refID="47" designID="3816" materials="1">
        <Bone refID="47" transformation="0.8090173602104187,0,0.58778536319732666,0.5011221170425415,-0.52262979745864868,-0.68973541259765625,0.30719414353370667,0.85255986452102661,-0.42281633615493774,0.054712533950805664,7.3556838035583496,-3.5085906982421875">
        </Bone>
      </Part>
      <Part refID="48" designID="3817" materials="1">
        <Bone refID="48" transformation="0.8090173602104187,0,0.58778536319732666,0.5011221170425415,-0.52262979745864868,-0.68973541259765625,0.30719414353370667,0.85255986452102661,-0.42281633615493774,0.70192599296569824,7.3556838035583496,-3.0383620262145996">
        </Bone>
      </Part>
      <Part refID="49" designID="3815" materials="1">
        <Bone refID="49" transformation="0.80901700258255005,0,0.58778524398803711,0.30719402432441711,0.85255974531173706,-0.42281639575958252,-0.5011221170425415,0.52262973785400391,0.6897352933883667,0.76342225074768066,7.179567813873291,-4.4840459823608398">
        </Bone>
      </Part>
    </Brick>
    <Brick refID="40" designID="73081">
      <Part refID="50" designID="3829" materials="23">
        <Bone refID="50" transformation="-0.80901670455932617,0,-0.58778560161590576,0.30719408392906189,0.85256004333496094,-0.42281630635261536,0.50112241506576538,-0.52262967824935913,-0.68973511457443237,0.39088749885559082,7.2578153610229492,-2.6102542877197266">
        </Bone>
      </Part>
      <Part refID="51" designID="3828" materials="26">
        <Bone refID="51" transformation="-0.80901694297790527,0,-0.58778524398803711,0.58669447898864746,0.060895025730133057,-0.80751556158065796,0.035793274641036987,-0.99814420938491821,-0.049265027046203613,0.32567000389099121,8.4147214889526367,-3.2009649276733398">
        </Bone>
      </Part>
    </Brick>
    <Brick refID="41" designID="76382">
      <Part refID="52" designID="3814" materials="1,0,0">
        <Bone refID="52" transformation="0.80901700258255005,0,0.58778524398803711,0.30719402432441711,0.85255974531173706,-0.42281642556190491,-0.50112205743789673,0.52262973785400391,0.6897352933883667,0.76342201232910156,7.1795673370361328,-4.4840459823608398">
        </Bone>
      </Part>
      <Part refID="53" designID="3818" materials="1">
        <Bone refID="53" transformation="0.73948824405670166,-0.15536658465862274,0.65499496459960938,0.44948166608810425,0.83828359842300415,-0.30862089991569519,-0.5011221170425415,0.52262973785400391,0.6897352933883667,0.86498498916625977,7.9553971290588379,-4.9981212615966797">
        </Bone>
      </Part>
      <Part refID="54" designID="3819" materials="1">
        <Bone refID="54" transformation="0.851451575756073,0.15536680817604065,0.50089073181152344,0.15461844205856323,0.83828359842300415,-0.52285164594650269,-0.50112223625183105,0.52262979745864868,0.68973523378372192,1.8681659698486328,7.9553971290588379,-4.2692675590515137">
        </Bone>
      </Part>
      <Part refID="55" designID="3820" materials="1">
        <Bone refID="55" transformation="0.74338245391845703,-0.14804540574550629,0.65227681398391724,0.44301140308380127,0.83960747718811035,-0.31432497501373291,-0.50112205743789673,0.52262973785400391,0.6897352933883667,0.24039828777313232,8.1078977584838867,-4.5774040222167969">
        </Bone>
      </Part>
      <Part refID="56" designID="3820" materials="1">
        <Bone refID="56" transformation="0.85006988048553467,0.14804552495479584,0.50543421506881714,0.16204269230365753,0.83960753679275513,-0.51846069097518921,-0.50112217664718628,0.52262967824935913,0.68973535299301147,1.6610660552978516,8.1080150604248047,-3.5453176498413086">
        </Bone>
      </Part>
    </Brick>
    <Brick refID="42" designID="3838">
      <Part refID="57" designID="3838" materials="1">
        <Bone refID="57" transformation="-0.80901700258255005,0,-0.58778524398803711,0.3071940541267395,0.85255980491638184,-0.42281630635261536,0.50112193822860718,-0.52262973785400391,-0.68973541259765625,1.4802377223968506,8.2708444595336914,-4.7901368141174316">
        </Bone>
      </Part>
    </Brick>
    <Brick refID="43" designID="3665">
      <Part refID="58" designID="3665" materials="23">
        <Bone refID="58" transformation="0.50112205743789673,-0.52262967824935913,-0.68973541259765625,0.30719393491744995,0.85255986452102661,-0.42281633615493774,0.80901706218719482,0,0.58778524398803711,2.3964977264404297,4.6394081115722656,-2.6486568450927734">
        </Bone>
      </Part>
    </Brick>
    <Brick refID="44" designID="2450">
      <Part refID="59" designID="2450" materials="23">
        <Bone refID="59" transformation="0.80901694297790527,0,0.58778536319732666,0.30719399452209473,0.85255980491638184,-0.42281636595726013,-0.50112217664718628,0.52262967824935913,0.68973535299301147,2.0441904067993164,5.4578661918640137,-3.5247888565063477">
        </Bone>
      </Part>
    </Brick>
    <Brick refID="45" designID="3665">
      <Part refID="60" designID="3665" materials="23">
        <Bone refID="60" transformation="-0.50112199783325195,0.52262955904006958,0.68973547220230103,0.30719378590583801,0.85255968570709229,-0.42281633615493774,-0.8090171217918396,0,-0.58778506517410278,-0.83957040309906006,4.6394076347351074,-4.9997978210449219">
        </Bone>
      </Part>
    </Brick>
    <Brick refID="46" designID="2450">
      <Part refID="61" designID="2450" materials="23">
        <Bone refID="61" transformation="-0.50112199783325195,0.5226294994354248,0.68973541259765625,0.30719372630119324,0.85255962610244751,-0.42281627655029297,-0.80901700258255005,0,-0.58778500556945801,0.10254991054534912,5.4578652381896973,-4.9354729652404785">
        </Bone>
      </Part>
    </Brick>
    <Brick refID="47" designID="4349">
      <Part refID="62" designID="4349" materials="194">
        <Bone refID="62" transformation="0.80901718139648438,0,0.58778506517410278,-0.5011218786239624,0.52262979745864868,0.68973547220230103,-0.30719387531280518,-0.85255974531173706,0.42281654477119446,2.2786781787872314,6.2209057807922363,-3.9325985908508301">
        </Bone>
      </Part>
    </Brick>
    <Brick refID="48" designID="4588">
      <Part refID="63" designID="4588" materials="194">
        <Bone refID="63" transformation="0.80901718139648438,0,0.58778506517410278,-0.5011218786239624,0.52262979745864868,0.68973547220230103,-0.30719390511512756,-0.85255968570709229,0.42281660437583923,3.2057540416717529,5.2540397644042969,-5.2086086273193359">
        </Bone>
      </Part>
    </Brick>
    <Brick refID="49" designID="6141">
      <Part refID="64" designID="6141" materials="41">
        <Bone refID="64" transformation="0.80901718139648438,0,0.58778506517410278,-0.5011218786239624,0.52262979745864868,0.68973547220230103,-0.30719390511512756,-0.85255968570709229,0.42281660437583923,3.3661134243011475,5.0867972373962402,-5.4293241500854492">
        </Bone>
      </Part>
    </Brick>
    <Brick refID="50" designID="4349">
      <Part refID="65" designID="4349" materials="194">
        <Bone refID="65" transformation="-0.80901694297790527,0,-0.58778536319732666,-0.50112223625183105,0.52263003587722778,0.68973541259765625,0.30719399452209473,0.85255992412567139,-0.42281630635261536,0.37748754024505615,6.2209057807922363,-5.3138937950134277">
        </Bone>
      </Part>
    </Brick>
    <Brick refID="51" designID="4588">
      <Part refID="66" designID="4588" materials="194">
        <Bone refID="66" transformation="0.8090171217918396,0,0.58778506517410278,-0.50112193822860718,0.52262985706329346,0.6897352933883667,-0.30719402432441711,-0.85255974531173706,0.42281645536422729,1.3045632839202881,5.2540402412414551,-6.5899038314819336">
        </Bone>
      </Part>
    </Brick>
    <Brick refID="52" designID="6141">
      <Part refID="67" designID="6141" materials="41">
        <Bone refID="67" transformation="0.8090171217918396,0,0.58778506517410278,-0.50112193822860718,0.52262985706329346,0.6897352933883667,-0.30719402432441711,-0.85255974531173706,0.42281645536422729,1.4649226665496826,5.0867981910705566,-6.8106193542480469">
        </Bone>
      </Part>
    </Brick>
    <Brick refID="53" designID="30124">
      <Part refID="68" designID="30124" materials="1,0">
        <Bone refID="68" transformation="0.80901700258255005,0,0.58778524398803711,0.30719402432441711,0.85255974531173706,-0.42281639575958252,-0.5011221170425415,0.52262973785400391,0.6897352933883667,1.78175950050354,9.1076641082763672,-5.2051472663879395">
        </Bone>
      </Part>
    </Brick>
    <Brick refID="54" designID="3626">
      <Part refID="69" designID="3626" materials="24,0,0,0" decoration="55125">
        <Bone refID="69" transformation="0.80901700258255005,0,0.58778524398803711,0.30719402432441711,0.85255974531173706,-0.42281642556190491,-0.50112205743789673,0.52262973785400391,0.6897352933883667,1.5263164043426514,8.3987264633178711,-4.8535590171813965">
        </Bone>
      </Part>
    </Brick>
    <Brick refID="55" designID="2447">
      <Part refID="70" designID="2447" materials="40">
        <Bone refID="70" transformation="0.80901700258255005,0,0.58778524398803711,0.30719402432441711,0.85255974531173706,-0.42281639575958252,-0.5011221170425415,0.52262973785400391,0.6897352933883667,1.736565113067627,8.927668571472168,-5.1429424285888672">
        </Bone>
      </Part>
    </Brick>
    <Brick refID="56" designID="3794">
      <Part refID="71" designID="3794" materials="23">
        <Bone refID="71" transformation="0.80901700258255005,0,0.58778530359268188,0.5011221170425415,-0.52262979745864868,-0.68973523378372192,0.3071940541267395,0.85255974531173706,-0.42281639575958252,-1.9427046775817871,8.5473957061767578,-0.75938189029693604">
        </Bone>
      </Part>
    </Brick>
    <Brick refID="57" designID="6141">
      <Part refID="72" designID="6141" materials="44">
        <Bone refID="72" transformation="0.80901700258255005,0,0.58778530359268188,0.5011221170425415,-0.52262979745864868,-0.68973523378372192,0.30719411373138428,0.85255980491638184,-0.42281648516654968,-2.1030635833740234,8.7146377563476563,-0.53866672515869141">
        </Bone>
      </Part>
    </Brick>
    <Brick refID="58" designID="6141">
      <Part refID="73" designID="6141" materials="44">
        <Bone refID="73" transformation="0.80901700258255005,0,0.58778530359268188,0.5011221170425415,-0.52262979745864868,-0.68973523378372192,0.30719411373138428,0.85255980491638184,-0.42281648516654968,-1.4558501243591309,8.7146368026733398,-0.068438172340393066">
        </Bone>
      </Part>
    </Brick>
    <Brick refID="59" designID="6562">
      <Part refID="74" designID="6562" materials="26">
        <Bone refID="74" transformation="0.80901682376861572,0,0.58778554201126099,0.30719399452209473,0.85255980491638184,-0.42281633615493774,-0.50112241506576538,0.52262967824935913,0.68973517417907715,1.403400182723999,5.3429446220397949,-3.323338508605957">
        </Bone>
      </Part>
    </Brick>
    <Brick refID="60" designID="4349">
      <Part refID="75" designID="4349" materials="26">
        <Bone refID="75" transformation="0,1,0,-0.58778530359268188,0,0.80901694297790527,0.80901694297790527,0,0.58778524398803711,-2.0303637981414795,4.5702805519104004,-1.999769926071167">
        </Bone>
      </Part>
    </Brick>
    <Brick refID="61" designID="6141">
      <Part refID="76" designID="6141" materials="44">
        <Bone refID="76" transformation="-0.80901706218719482,0,-0.58778524398803711,-0.58778518438339233,0,0.80901718139648438,0,1,0,-2.4476914405822754,4.5702810287475586,-1.4253675937652588">
        </Bone>
      </Part>
    </Brick>
    <Brick refID="62" designID="30124">
      <Part refID="77" designID="30124" materials="21,0">
        <Bone refID="77" transformation="1,0,0,0,1,0,0,0,1,-2.0000011920928955,4.8218183517456055,2.0799999237060547">
        </Bone>
      </Part>
    </Brick>
    <Brick refID="63" designID="3626">
      <Part refID="78" designID="3626" materials="24,0,0,0" decoration="55125">
        <Bone refID="78" transformation="1,0,0,0,1,0,0,0,1,-2.0000011920928955,3.9902801513671875,2.0799999237060547">
        </Bone>
      </Part>
    </Brick>
    <Brick refID="64" designID="2447">
      <Part refID="79" designID="2447" materials="40">
        <Bone refID="79" transformation="1,0,0,0,1,0,0,0,1,-2.0000011920928955,4.6281771659851074,2.0514817237854004">
        </Bone>
      </Part>
    </Brick>
    <Brick refID="65" designID="4288">
      <Part refID="80" designID="4288" materials="26">
        <Bone refID="80" transformation="0,0,-1,0,0.99999994039535522,0,1,0,0,0.23999953269958496,1.020280122756958,0">
        </Bone>
      </Part>
    </Brick>
    <Brick refID="66" designID="32073">
      <Part refID="81" designID="32073" materials="26">
        <Bone refID="81" transformation="0,0,1,0,0.99999994039535522,0,-1,0,0,-4,1.020280122756958,0">
        </Bone>
      </Part>
    </Brick>
    <Brick refID="67" designID="4288">
      <Part refID="82" designID="4288" materials="26">
        <Bone refID="82" transformation="0,0,1,0,0.99999994039535522,0,-1,0,0,-4.2400007247924805,1.020280122756958,0">
        </Bone>
      </Part>
    </Brick>
    <Brick refID="68" designID="4288">
      <Part refID="83" designID="4288" materials="26">
        <Bone refID="83" transformation="0.58778530359268188,0,-0.80901700258255005,0,1,0,0.80901700258255005,0,0.58778530359268188,2.6335675716400146,1.020280122756958,-2.5666439533233643">
        </Bone>
      </Part>
    </Brick>
    <Brick refID="69" designID="32073">
      <Part refID="84" designID="32073" materials="26">
        <Bone refID="84" transformation="-0.58778512477874756,0,0.80901700258255005,0,1,0,-0.80901700258255005,0,-0.58778512477874756,-0.79666447639465332,1.0202800035476685,-5.0588521957397461">
        </Bone>
      </Part>
    </Brick>
    <Brick refID="70" designID="4288">
      <Part refID="85" designID="4288" materials="26">
        <Bone refID="85" transformation="-0.58778512477874756,0,0.80901700258255005,0,1,0,-0.80901700258255005,0,-0.58778512477874756,-0.99082881212234497,1.0202800035476685,-5.1999211311340332">
        </Bone>
      </Part>
    </Brick>
    <Brick refID="71" designID="4288">
      <Part refID="86" designID="4288" materials="26">
        <Bone refID="86" transformation="0,0,-1,0,0.99999994039535522,0,1,0,0,0.23999953269958496,1.020280122756958,3.1999998092651367">
        </Bone>
      </Part>
    </Brick>
    <Brick refID="72" designID="32073">
      <Part refID="87" designID="32073" materials="26">
        <Bone refID="87" transformation="0,0,1,0,0.99999994039535522,0,-1,0,0,-4,1.020280122756958,3.2000002861022949">
        </Bone>
      </Part>
    </Brick>
    <Brick refID="73" designID="4288">
      <Part refID="88" designID="4288" materials="26">
        <Bone refID="88" transformation="0,0,1,0,0.99999994039535522,0,-1,0,0,-4.2400007247924805,1.020280122756958,3.2000002861022949">
        </Bone>
      </Part>
    </Brick>
    <Brick refID="74" designID="4360">
      <Part refID="89" designID="4360" materials="26">
        <Bone refID="89" transformation="-0.33036595582962036,0.90767359733581543,0.25881823897361755,0.092191606760025024,0.30393522977828979,-0.94822156429290771,-0.93933963775634766,-0.28939926624298096,-0.18408975005149841,-3.1545276641845703,3.4330377578735352,4.2590970993041992">
        </Bone>
      </Part>
    </Brick>
  </Bricks>
  <RigidSystems>
    <RigidSystem>
      <Rigid refID="0" transformation="1,0,0,0,1,0,0,0,1,-1.1999999284744263,0.32000377774238586,2" boneRefs="0,2,3,4,6,7,9,10"/>
      <Rigid refID="1" transformation="-0.58778542280197144,0,0.8090168833732605,0,1,0,-0.8090168833732605,0,-0.58778542280197144,1.9328769445419312,1.2800037860870361,-2.842003345489502" boneRefs="11,12,13,14,15,16,17,1,18,19,20,21,22,23,24,25,26"/>
      <Rigid refID="2" transformation="1,0,0,0,1,0,0,0,1,-1.2000000476837158,1.1600037813186646,3.679999828338623" boneRefs="5,27,32"/>
      <Rigid refID="3" transformation="-1,0,0,0,0.57357633113861084,-0.81915199756622314,0,-0.81915199756622314,-0.57357645034790039,-0.79997307062149048,1.8560637235641479,5.4298820495605469" boneRefs="8"/>
      <Rigid refID="4" transformation="0.98325490951538086,-0.18223549425601959,0,0.18223549425601959,0.98325490951538086,0,0,0,1,-1.4200000762939453,2.0700039863586426,3.679999828338623" boneRefs="28"/>
      <Rigid refID="5" transformation="0.98325490951538086,0.18223549425601959,0,-0.18223549425601959,0.98325490951538086,0,0,0,1,-0.18000030517578125,2.0700039863586426,3.679999828338623" boneRefs="29"/>
      <Rigid refID="6" transformation="0.93969267606735229,0.34202000498771667,0,-0.34202000498771667,0.93969267606735229,0,0,0,1,-1.6780099868774414,1.830264687538147,4.3628792762756348" boneRefs="30"/>
      <Rigid refID="7" transformation="0.98480772972106934,0.17364828288555145,0,-0.17364828288555145,0.98480772972106934,0,0,0,1,0.07798004150390625,1.8304027318954468,4.3628792762756348" boneRefs="31"/>
      <Rigid refID="8" transformation="0.99999994039535522,0,0,0,0,-1,0,1,0,-1.2000000476837158,0.56000381708145142,8.3200006484985352" boneRefs="33,34,35"/>
      <Rigid refID="9" transformation="0,1,0,-0.58778530359268188,0,0.80901694297790527,0.80901694297790527,0,0.58778524398803711,1.1112769842147827,3.17000412940979,1.0109148025512695" boneRefs="36,37"/>
      <Rigid refID="10" transformation="-0.8090168833732605,0,-0.58778542280197144,0.3071940541267395,0.85255980491638184,-0.42281624674797058,0.50112229585647583,-0.52262967824935913,-0.6897352933883667,2.5800902843475342,2.480003833770752,-2.3717746734619141" boneRefs="38,39"/>
      <Rigid refID="11" transformation="0.80901682376861572,0,0.58778554201126099,0.30719399452209473,0.85255980491638184,-0.42281633615493774,-0.50112241506576538,0.52262967824935913,0.68973517417907715,1.3089734315872192,3.9426677227020264,-2.6637947559356689" boneRefs="40"/>
      <Rigid refID="12" transformation="0.80901700258255005,0,0.58778524398803711,0.30719402432441711,0.85255974531173706,-0.42281639575958252,-0.5011221170425415,0.52262973785400391,0.6897352933883667,0.19815833866596222,5.5847187042236328,-1.8154094219207764" boneRefs="41,42,43,44,45,46,47,48,50"/>
      <Rigid refID="13" transformation="0.80901700258255005,0,0.58778524398803711,0.30719402432441711,0.85255974531173706,-0.42281639575958252,-0.5011221170425415,0.52262973785400391,0.6897352933883667,1.9634222984313965,5.7792911529541016,-2.8840458393096924" boneRefs="49,52,57"/>
      <Rigid refID="14" transformation="-0.80901694297790527,0,-0.58778524398803711,0.58669447898864746,0.060895025730133057,-0.80751556158065796,0.035793274641036987,-0.99814420938491821,-0.049265027046203613,1.525670051574707,7.0144453048706055,-1.6009649038314819" boneRefs="51"/>
      <Rigid refID="15" transformation="0.50112205743789673,-0.52262967824935913,-0.68973541259765625,0.30719393491744995,0.85255986452102661,-0.42281633615493774,0.80901706218719482,0,0.58778524398803711,3.5964977741241455,3.2391314506530762,-1.048656702041626" boneRefs="58,59"/>
      <Rigid refID="16" transformation="-0.50112199783325195,0.52262955904006958,0.68973547220230103,0.30719378590583801,0.85255968570709229,-0.42281633615493774,-0.8090171217918396,0,-0.58778506517410278,0.36042967438697815,3.2391312122344971,-3.3997976779937744" boneRefs="60,61"/>
      <Rigid refID="17" transformation="0.80901718139648438,0,0.58778506517410278,-0.5011218786239624,0.52262979745864868,0.68973547220230103,-0.30719387531280518,-0.85255974531173706,0.42281654477119446,3.4786782264709473,4.8206291198730469,-2.3325986862182617" boneRefs="62,63,64"/>
      <Rigid refID="18" transformation="-0.80901694297790527,0,-0.58778536319732666,-0.50112223625183105,0.52263003587722778,0.68973541259765625,0.30719399452209473,0.85255992412567139,-0.42281630635261536,1.577487587928772,4.8206291198730469,-3.7138938903808594" boneRefs="65,66,67"/>
      <Rigid refID="19" transformation="0.73948824405670166,-0.15536658465862274,0.65499496459960938,0.44948166608810425,0.83828359842300415,-0.30862089991569519,-0.5011221170425415,0.52262973785400391,0.6897352933883667,2.0649850368499756,6.5551204681396484,-3.3981213569641113" boneRefs="53"/>
      <Rigid refID="20" transformation="0.851451575756073,0.15536680817604065,0.50089073181152344,0.15461844205856323,0.83828359842300415,-0.52285164594650269,-0.50112223625183105,0.52262979745864868,0.68973523378372192,3.0681660175323486,6.5551204681396484,-2.6692676544189453" boneRefs="54"/>
      <Rigid refID="21" transformation="0.74338245391845703,-0.14804540574550629,0.65227681398391724,0.44301140308380127,0.83960747718811035,-0.31432497501373291,-0.50112205743789673,0.52262973785400391,0.6897352933883667,1.4403983354568481,6.7076215744018555,-2.9774041175842285" boneRefs="55"/>
      <Rigid refID="22" transformation="0.85006988048553467,0.14804552495479584,0.50543421506881714,0.16204269230365753,0.83960753679275513,-0.51846069097518921,-0.50112217664718628,0.52262967824935913,0.68973535299301147,2.8610661029815674,6.7077388763427734,-1.9453176259994507" boneRefs="56"/>
      <Rigid refID="23" transformation="0.80901700258255005,0,0.58778524398803711,0.30719402432441711,0.85255974531173706,-0.42281639575958252,-0.5011221170425415,0.52262973785400391,0.6897352933883667,2.9817595481872559,7.7073874473571777,-3.6051473617553711" boneRefs="68,69"/>
      <Rigid refID="24" transformation="0.80901700258255005,0,0.58778524398803711,0.30719402432441711,0.85255974531173706,-0.42281639575958252,-0.5011221170425415,0.52262973785400391,0.6897352933883667,2.9365651607513428,7.5273923873901367,-3.5429422855377197" boneRefs="70"/>
      <Rigid refID="25" transformation="0.80901700258255005,0,0.58778530359268188,0.5011221170425415,-0.52262979745864868,-0.68973523378372192,0.3071940541267395,0.85255974531173706,-0.42281639575958252,-0.74270457029342651,7.1471190452575684,0.84061813354492188" boneRefs="71,72,73"/>
      <Rigid refID="26" transformation="0.80901682376861572,0,0.58778554201126099,0.30719399452209473,0.85255980491638184,-0.42281633615493774,-0.50112241506576538,0.52262967824935913,0.68973517417907715,2.6034002304077148,3.9426679611206055,-1.7233384847640991" boneRefs="74"/>
      <Rigid refID="27" transformation="0,1,0,-0.58778530359268188,0,0.80901694297790527,0.80901694297790527,0,0.58778524398803711,-0.83036375045776367,3.17000412940979,-0.39976990222930908" boneRefs="75,76"/>
      <Rigid refID="28" transformation="1,0,0,0,1,0,0,0,1,-0.80000114440917969,3.421541690826416,3.679999828338623" boneRefs="77,78"/>
      <Rigid refID="29" transformation="1,0,0,0,1,0,0,0,1,-0.80000114440917969,3.227900505065918,3.6514816284179687" boneRefs="79"/>
      <Rigid refID="30" transformation="0,0,-1,0,0.99999994039535522,0,1,0,0,1.4399995803833008,-0.37999635934829712,1.5999999046325684" boneRefs="80,81,82"/>
      <Rigid refID="31" transformation="0.58778530359268188,0,-0.80901700258255005,0,1,0,0.80901700258255005,0,0.58778530359268188,3.8335676193237305,-0.37999644875526428,-0.96664386987686157" boneRefs="83,84,85"/>
      <Rigid refID="32" transformation="0,0,-1,0,0.99999994039535522,0,1,0,0,1.4399995803833008,-0.37999635934829712,4.7999997138977051" boneRefs="86,87,88"/>
      <Rigid refID="33" transformation="-0.33036595582962036,0.90767359733581543,0.25881823897361755,0.092191606760025024,0.30393522977828979,-0.94822156429290771,-0.93933963775634766,-0.28939926624298096,-0.18408975005149841,-1.9545276165008545,2.0327610969543457,5.8590970039367676" boneRefs="89"/>
      <Joint type="hinge">
        <RigidRef rigidRef="1" a="0,-1,0" z="-1,0,0" t="5.2000007629394531,-0.85002303123474121,-0.40000125765800476"/>
        <RigidRef rigidRef="0" a="0,-1,0" z="0,0,1" t="0.40000000596046448,0.10999999940395355,-0.40000000596046448"/>
      </Joint>
      <Joint type="hinge">
        <RigidRef rigidRef="2" a="1.0000001192092896,0,0" z="0,0,-1" t="0.22550000250339508,-0.47499999403953552,0"/>
        <RigidRef rigidRef="0" a="1,0,0" z="0,-1,0" t="0.22549998760223389,0.36000004410743713,1.6750001907348633"/>
      </Joint>
      <Joint type="hinge">
        <RigidRef rigidRef="3" a="0,1,0" z="0,0,-1" t="2.7000000045518391E-005,0.14500099420547485,0"/>
        <RigidRef rigidRef="0" a="0,0.57357645034790039,-0.81915199756622314" z="0,0.81915199756622314,0.57357645034790039" t="0.3999999463558197,1.6192299127578735,3.3111038208007813"/>
      </Joint>
      <Joint type="hinge">
        <RigidRef rigidRef="8" a="0,1,0" z="0,0,1" t="0.40000000596046448,0.31999999284744263,0"/>
        <RigidRef rigidRef="0" a="0,0,-1" z="0,1,0" t="0.39999985694885254,0.24799998104572296,6"/>
      </Joint>
      <Joint type="hinge">
