<?xml version="1.0" encoding="UTF-8" standalone="no" ?>
<LXFML versionMajor="5" versionMinor="0">
  <Meta>
    <Application name="LEGO Universe" versionMajor="0" versionMinor="0"/>
    <Brand name="LEGOUniverse"/>
    <BrickSet version="61"/>
  </Meta>
  <Bricks>
    <Brick refID="0" designID="76382">
      <Part refID="0" designID="3814" materials="21,0,0">
        <Bone refID="0" transformation="1,0,0,0,1,0,0,0,1,-0.39999973773956299,1.5999999046325684,-0.40000021457672119">
        </Bone>
      </Part>
      <Part refID="1" designID="3818" materials="21">
        <Bone refID="1" transformation="0.98325496912002563,-0.18223550915718079,0,0.14743161201477051,0.79546999931335449,-0.58778524398803711,0.10711535811424255,0.57794272899627686,0.80901706218719482,-0.61999952793121338,2.5099999904632568,-0.40000021457672119">
        </Bone>
      </Part>
      <Part refID="2" designID="3819" materials="21">
        <Bone refID="2" transformation="0.98325502872467041,0.18223538994789124,0,-0.10711535811424255,0.57794284820556641,0.80901700258255005,0.14743147790431976,-0.79546993970870972,0.58778536319732666,0.62000024318695068,2.5099999904632568,-0.40000021457672119">
        </Bone>
      </Part>
      <Part refID="3" designID="3820" materials="21">
        <Bone refID="3" transformation="0.98450404405593872,-0.17528685927391052,-0.0051293522119522095,0.13884559273719788,0.79703003168106079,-0.58776271343231201,0.10711533576250076,0.5779426097869873,0.80901706218719482,-0.79502195119857788,2.7180211544036865,0.31865322589874268">
        </Bone>
      </Part>
      <Part refID="4" designID="3820" materials="21">
        <Bone refID="4" transformation="0.98415219783782959,0.17718501389026642,-0.0070598423480987549,-0.098530873656272888,0.57951110601425171,0.8089861273765564,0.14743146300315857,-0.79546993970870972,0.58778536319732666,0.95742881298065186,1.8417305946350098,-0.22724366188049316">
        </Bone>
      </Part>
    </Brick>
    <Brick refID="1" designID="3838">
      <Part refID="5" designID="3838" materials="21">
        <Bone refID="5" transformation="-1,0,0,0,1,0,0,0,-1,0,2.8799998760223389,-0.40000021457672119">
        </Bone>
      </Part>
    </Brick>
    <Brick refID="2" designID="73200">
      <Part refID="6" designID="3815" materials="21">
        <Bone refID="6" transformation="1,0,0,0,1,0,0,0,1,-0.39999973773956299,1.5999999046325684,-0.40000021457672119">
        </Bone>
      </Part>
      <Part refID="7" designID="3816" materials="21">
        <Bone refID="7" transformation="1,0,0,0,1,0,0,0,1,-0.39999973773956299,0,-0.40000021457672119">
        </Bone>
      </Part>
      <Part refID="8" designID="3817" materials="21">
        <Bone refID="8" transformation="1,0,0,0,1,0,0,0,1,0.40000045299530029,0,-0.40000021457672119">
        </Bone>
      </Part>
    </Brick>
    <Brick refID="3" designID="2447">
      <Part refID="9" designID="2447" materials="40">
        <Bone refID="9" transformation="1,0,0,0,1,0,0,0,1,0,3.6678967475891113,-0.42851841449737549">
        </Bone>
      </Part>
    </Brick>
    <Brick refID="4" designID="30124">
      <Part refID="10" designID="30124" materials="21,0">
        <Bone refID="10" transformation="1,0,0,0,1,0,0,0,1,0,3.8615379333496094,-0.40000021457672119">
        </Bone>
      </Part>
    </Brick>
    <Brick refID="5" designID="3626">
      <Part refID="11" designID="3626" materials="24,0,0,0" decoration="55125">
        <Bone refID="11" transformation="1,0,0,0,1,0,0,0,1,0,3.0299997329711914,-0.40000021457672119">
        </Bone>
      </Part>
    </Brick>
  </Bricks>
  <RigidSystems>
    <RigidSystem>
      <Rigid refID="0" transformation="1,0,0,0,1,0,0,0,1,1.2000002861022949,1.5999999046325684,1.1999998092651367" boneRefs="0,5,6"/>
      <Rigid refID="1" transformation="0.98325496912002563,-0.18223550915718079,0,0.14743161201477051,0.79546999931335449,-0.58778524398803711,0.10711535811424255,0.57794272899627686,0.80901706218719482,0.98000049591064453,2.5099999904632568,1.1999998092651367" boneRefs="1"/>
      <Rigid refID="2" transformation="0.98325502872467041,0.18223538994789124,0,-0.10711535811424255,0.57794284820556641,0.80901700258255005,0.14743147790431976,-0.79546993970870972,0.58778536319732666,2.2200002670288086,2.5099999904632568,1.1999998092651367" boneRefs="2"/>
      <Rigid refID="3" transformation="0.98450404405593872,-0.17528685927391052,-0.0051293522119522095,0.13884559273719788,0.79703003168106079,-0.58776271343231201,0.10711533576250076,0.5779426097869873,0.80901706218719482,0.80497807264328003,2.7180211544036865,1.9186532497406006" boneRefs="3"/>
      <Rigid refID="4" transformation="0.98415219783782959,0.17718501389026642,-0.0070598423480987549,-0.098530873656272888,0.57951110601425171,0.8089861273765564,0.14743146300315857,-0.79546993970870972,0.58778536319732666,2.5574288368225098,1.8417305946350098,1.3727563619613647" boneRefs="4"/>
      <Rigid refID="5" transformation="1,0,0,0,1,0,0,0,1,1.2000002861022949,0,1.1999998092651367" boneRefs="7"/>
      <Rigid refID="6" transformation="1,0,0,0,1,0,0,0,1,2.0000004768371582,0,1.1999998092651367" boneRefs="8"/>
      <Rigid refID="7" transformation="1,0,0,0,1,0,0,0,1,1.5999999046325684,3.6678967475891113,1.1714816093444824" boneRefs="9"/>
      <Rigid refID="8" transformation="1,0,0,0,1,0,0,0,1,1.5999999046325684,3.8615379333496094,1.1999998092651367" boneRefs="10,11"/>
      <Joint type="hinge">
        <RigidRef rigidRef="2" a="1.0000001192092896,0,0" z="0,0,-1" t="-0.15000000596046448,0,0"/>
        <RigidRef rigidRef="0" a="0.98325490951538086,0.1822354793548584,0" z="0,0,1" t="0.87251198291778564,0.88266497850418091,0"/>
      </Joint>
      <Joint type="hinge">
        <RigidRef rigidRef="0" a="1.0000001192092896,0,0" z="0,0,-1" t="0.22550000250339508,-0.47499999403953552,0"/>
        <RigidRef rigidRef="5" a="1.0000001192092896,0,0" z="0,0,-1" t="0.22550000250339508,1.125,0"/>
      </Joint>
      <Joint type="hinge">
        <RigidRef rigidRef="6" a="-1,0,0" z="0,0,0.99999994039535522" t="-0.22499999403953552,1.125,0"/>
        <RigidRef rigidRef="0" a="-1,0,0" z="0,0,0.99999994039535522" t="0.57499998807907104,-0.47499999403953552,0"/>
      </Joint>
      <Joint type="hinge">
        <RigidRef rigidRef="1" a="-1,0,0" z="0,0,0.99999994039535522" t="0.15000000596046448,0,0"/>
        <RigidRef rigidRef="0" a="-0.98325490951538086,0.1822354793548584,0" z="0,0,1" t="-0.072512000799179077,0.88266497850418091,0"/>
      </Joint>
      <Joint type="hinge">
        <RigidRef rigidRef="8" a="0,-0.99999994039535522,0" z="1,0,0" t="0,-0.83153820037841797,0"/>
        <RigidRef rigidRef="0" a="0,-0.99999994039535522,0" z="1,0,0" t="0.40000000596046448,1.4299999475479126,0"/>
      </Joint>
      <Joint type="hinge">
        <RigidRef rigidRef="3" a="0,0,1.0000001192092896" z="1.0000001192092896,0,0" t="0,0,0.05000000074505806"/>
        <RigidRef rigidRef="1" a="0,0,1.0000002384185791" z="1.0000002384185791,0,0" t="-0.20999999344348907,-0.28274300694465637,0.73287898302078247"/>
      </Joint>
      <Joint type="hinge">
        <RigidRef rigidRef="4" a="0,0,1.0000001192092896" z="1.0000001192092896,0,0" t="0,0,0.05000000074505806"/>
        <RigidRef rigidRef="2" a="0,0,1.0000001192092896" z="1.0000001192092896,0,0" t="0.20999999344348907,-0.28260299563407898,0.73287898302078247"/>
      </Joint>
      <Joint type="hinge">
        <RigidRef rigidRef="8" a="-1.0000002384185791,0,0" z="0,-1.0000002384185791,0" t="0,-0.19364100694656372,-0.028518000617623329"/>
        <RigidRef rigidRef="7" a="-1.0000001192092896,0,0" z="0,1.0000001192092896,0" t="0,0,0"/>
      </Joint>
    </RigidSystem>
  </RigidSystems>
  <GroupSystems>
    <GroupSystem>
    </GroupSystem>
  </GroupSystems>
</LXFML>
