<?xml version="1.0" encoding="UTF-8" standalone="no" ?>
<LXFML versionMajor="5" versionMinor="0">
  <Meta>
    <Application name="LEGO Universe" versionMajor="0" versionMinor="0"/>
    <Brand name="LEGOUniverse"/>
    <BrickSet version="61"/>
  </Meta>
  <Bricks>
    <Brick refID="0" designID="73587">
      <Part refID="0" designID="4593" materials="26">
        <Bone refID="0" transformation="0.94370180368423462,-0.12412577122449875,-0.30662629008293152,0.11805064231157303,0.99226647615432739,-0.038356922566890717,0.30901607871055603,0,0.9510568380355835,0.77986663579940796,2.8000009059906006,-0.65339350700378418">
        </Bone>
      </Part>
      <Part refID="1" designID="4592" materials="26">
        <Bone refID="1" transformation="0,-1,0,0.95105648040771484,0,-0.30901694297790527,0.30901697278022766,0,0.95105648040771484,0.38042289018630981,2.8000009059906006,-0.52360641956329346">
        </Bone>
      </Part>
    </Brick>
    <Brick refID="1" designID="4735">
      <Part refID="2" designID="4735" materials="26">
        <Bone refID="2" transformation="0,-0.58778518438339233,0.80901718139648438,-1,0,0,0,-0.80901718139648438,-0.58778512477874756,-0.65186178684234619,1.5200008153915405,-0.40000009536743164">
        </Bone>
      </Part>
    </Brick>
    <Brick refID="2" designID="4070">
      <Part refID="3" designID="4070" materials="26">
        <Bone refID="3" transformation="0,0,1,0,0.99999988079071045,0,-1,0,0,-0.39999973773956299,0.96000099182128906,-0.39999973773956299">
        </Bone>
      </Part>
    </Brick>
    <Brick refID="3" designID="3794">
      <Part refID="4" designID="3794" materials="26">
        <Bone refID="4" transformation="1,0,0,0,1,0,0,0,1,-0.39999973773956299,1.9200010299682617,-0.39999973773956299">
        </Bone>
      </Part>
    </Brick>
    <Brick refID="4" designID="4070">
      <Part refID="5" designID="4070" materials="26">
        <Bone refID="5" transformation="0,0,-1,0,0.99999988079071045,0,1,0,0,0.40000063180923462,0.96000105142593384,-0.39999926090240479">
        </Bone>
      </Part>
    </Brick>
    <Brick refID="5" designID="3938">
      <Part refID="6" designID="3938" materials="26">
        <Bone refID="6" transformation="1,0,0,0,1,0,0,0,1,-0.39999973773956299,0.5600009560585022,-0.39999973773956299">
        </Bone>
      </Part>
    </Brick>
    <Brick refID="6" designID="4735">
      <Part refID="7" designID="4735" materials="26">
        <Bone refID="7" transformation="0,-0.58778530359268188,0.8090171217918396,1.0000001192092896,0,0,0,0.80901706218719482,0.58778530359268188,0.65186256170272827,1.5200008153915405,-0.39999961853027344">
        </Bone>
      </Part>
    </Brick>
    <Brick refID="7" designID="4733">
      <Part refID="8" designID="4733" materials="26">
        <Bone refID="8" transformation="0.95105659961700439,0,-0.30901673436164856,0,1,0,0.30901673436164856,0,0.95105659961700439,0,2.2400009632110596,-0.39999902248382568">
        </Bone>
      </Part>
    </Brick>
    <Brick refID="8" designID="6141">
      <Part refID="9" designID="6141" materials="41">
        <Bone refID="9" transformation="0.95105671882629395,0,-0.30901706218719482,0.30901706218719482,0,0.95105659961700439,0,-1.0000001192092896,0,0.12360680103302002,2.8000009059906006,-0.019576787948608398">
        </Bone>
      </Part>
    </Brick>
    <Brick refID="9" designID="73587">
      <Part refID="10" designID="4592" materials="26">
        <Bone refID="10" transformation="0,-1,0,-0.9510568380355835,0,0.30901616811752319,-0.30901616811752319,0,-0.95105671882629395,-0.38042303919792175,2.8000006675720215,-0.27639281749725342">
        </Bone>
      </Part>
      <Part refID="11" designID="4593" materials="26">
        <Bone refID="11" transformation="-0.95094519853591919,0.015307256020605564,0.30898037552833557,0.014557971619069576,0.99988311529159546,-0.0047304900363087654,-0.30901655554771423,0,-0.95105665922164917,-0.77986717224121094,2.8000009059906006,-0.1466057300567627">
        </Bone>
      </Part>
    </Brick>
    <Brick refID="10" designID="3937">
      <Part refID="12" designID="3937" materials="26">
        <Bone refID="12" transformation="1,0,0,0,1,0,0,0,1,-0.39999991655349731,0,-0.39999973773956299">
        </Bone>
      </Part>
    </Brick>
  </Bricks>
  <RigidSystems>
    <RigidSystem>
      <Rigid refID="0" transformation="0.94370180368423462,-0.12412577122449875,-0.30662629008293152,0.11805064231157303,0.99226647615432739,-0.038356922566890717,0.30901607871055603,0,0.9510568380355835,1.5798666477203369,2.8000009059906006,0.94660651683807373" boneRefs="0"/>
      <Rigid refID="1" transformation="0,-0.58778518438339233,0.80901718139648438,-1,0,0,0,-0.80901718139648438,-0.58778512477874756,0.14813821017742157,1.5200008153915405,1.1999999284744263" boneRefs="2,3,4,5,6,7,8,9,1,10"/>
      <Rigid refID="2" transformation="-0.95094519853591919,0.015307256020605564,0.30898037552833557,0.014557971619069576,0.99988311529159546,-0.0047304900363087654,-0.30901655554771423,0,-0.95105665922164917,0.020132813602685928,2.8000009059906006,1.4533942937850952" boneRefs="11"/>
      <Rigid refID="3" transformation="1,0,0,0,1,0,0,0,1,0.40000009536743164,0,1.2000002861022949" boneRefs="12"/>
      <Joint type="hinge">
        <RigidRef rigidRef="1" a="-0.76942092180252075,0.30901679396629333,0.55901700258255005" z="-0.58778506517410278,0,-0.8090171217918396" t="-0.95736438035964966,-1.4317286014556885,-0.88660115003585815"/>
        <RigidRef rigidRef="0" a="0,0,-1" z="0,-1,0" t="0,0,0"/>
      </Joint>
      <Joint type="hinge">
        <RigidRef rigidRef="1" a="0.76942098140716553,-0.30901598930358887,-0.5590173602104187" z="-0.58778542280197144,0,-0.8090168833732605" t="-0.54736465215682983,0.12800508737564087,-1.1844829320907593"/>
        <RigidRef rigidRef="2" a="0,0,-1" z="0,-1,0" t="0,0,0"/>
      </Joint>
      <Joint type="hinge">
        <RigidRef rigidRef="3" a="-1,0,0" z="0,0,0.99999994039535522" t="0.40000000596046448,0.56000000238418579,0"/>
        <RigidRef rigidRef="1" a="0,1,0" z="0.80901694297790527,0,-0.58778500556945801" t="0.5642738938331604,-0.65186202526092529,0.77665597200393677"/>
      </Joint>
    </RigidSystem>
  </RigidSystems>
  <GroupSystems>
    <GroupSystem>
    </GroupSystem>
  </GroupSystems>
</LXFML>
