<?xml version="1.0" encoding="UTF-8" standalone="no" ?>
<LXFML versionMajor="5" versionMinor="0">
  <Meta>
    <Application name="LEGO Universe" versionMajor="0" versionMinor="0"/>
    <Brand name="LEGOUniverse"/>
    <BrickSet version="61"/>
  </Meta>
  <Bricks>
    <Brick refID="0" designID="76382">
      <Part refID="0" designID="3814" materials="26,0,0">
        <Bone refID="0" transformation="1,0,0,0,1,0,0,0,1,-0.79999971389770508,1.5999999046325684,-0.40000021457672119">
        </Bone>
      </Part>
      <Part refID="1" designID="3818" materials="26">
        <Bone refID="1" transformation="0.98325502872467041,-0.18223552405834198,0,0.056313812732696533,0.30384263396263123,0.95105648040771484,-0.17331629991531372,-0.93513095378875732,0.30901715159416199,-1.0199995040893555,2.5099999904632568,-0.40000021457672119">
        </Bone>
      </Part>
      <Part refID="2" designID="3819" materials="26">
        <Bone refID="2" transformation="0.98325502872467041,0.18223538994789124,0,-0.10711535811424255,0.57794284820556641,0.80901700258255005,0.14743147790431976,-0.79546993970870972,0.58778536319732666,0.22000026702880859,2.5099999904632568,-0.40000021457672119">
        </Bone>
      </Part>
      <Part refID="3" designID="3820" materials="26">
        <Bone refID="3" transformation="0.98370885848999023,-0.17957709729671478,0.0082994848489761353,0.047731280326843262,0.30542120337486267,0.95102030038833618,-0.17331629991531372,-0.9351310133934021,0.30901700258255005,-1.360759973526001,1.8237781524658203,-0.45788347721099854">
        </Bone>
      </Part>
      <Part refID="4" designID="3820" materials="26">
        <Bone refID="4" transformation="0.98415219783782959,0.17718501389026642,-0.0070598423480987549,-0.098530873656272888,0.57951110601425171,0.8089861273765564,0.14743146300315857,-0.79546993970870972,0.58778536319732666,0.55742883682250977,1.8417305946350098,-0.22724366188049316">
        </Bone>
      </Part>
    </Brick>
    <Brick refID="1" designID="3838">
      <Part refID="5" designID="3838" materials="26">
        <Bone refID="5" transformation="-1,0,0,0,1,0,0,0,-1,-0.39999961853027344,2.8799998760223389,-0.40000021457672119">
        </Bone>
      </Part>
    </Brick>
    <Brick refID="2" designID="73200">
      <Part refID="6" designID="3815" materials="26">
        <Bone refID="6" transformation="1,0,0,0,1,0,0,0,1,-0.79999971389770508,1.5999999046325684,-0.40000021457672119">
        </Bone>
      </Part>
      <Part refID="7" designID="3816" materials="26">
        <Bone refID="7" transformation="1,0,0,0,1,0,0,0,1,-0.79999971389770508,0,-0.40000021457672119">
        </Bone>
      </Part>
      <Part refID="8" designID="3817" materials="26">
        <Bone refID="8" transformation="1,0,0,0,1,0,0,0,1,0,0,-0.40000021457672119">
        </Bone>
      </Part>
    </Brick>
    <Brick refID="3" designID="2447">
      <Part refID="9" designID="2447" materials="26">
        <Bone refID="9" transformation="1,0,0,0,1,0,0,0,1,-0.40000009536743164,3.6678967475891113,-0.42851841449737549">
        </Bone>
      </Part>
    </Brick>
    <Brick refID="4" designID="30124">
      <Part refID="10" designID="30124" materials="26,0">
        <Bone refID="10" transformation="1,0,0,0,1,0,0,0,1,-0.40000009536743164,3.8615379333496094,-0.40000021457672119">
        </Bone>
      </Part>
    </Brick>
    <Brick refID="5" designID="3626">
      <Part refID="11" designID="3626" materials="24,0,0,0" decoration="55125">
        <Bone refID="11" transformation="1,0,0,0,1,0,0,0,1,-0.39999961853027344,3.0299997329711914,-0.40000021457672119">
        </Bone>
      </Part>
    </Brick>
    <Brick refID="6" designID="4360">
      <Part refID="12" designID="4360" materials="194">
        <Bone refID="12" transformation="-0.057015400379896164,0.3538818359375,0.93355083465576172,0.010435104370117187,0.93523216247558594,-0.3538818359375,-0.99831891059875488,-0.0104350745677948,-0.057015407830476761,0.57126331329345703,0.80413436889648438,0.94074499607086182">
        </Bone>
      </Part>
    </Brick>
    <Brick refID="7" designID="6141">
      <Part refID="13" designID="6141" materials="41">
        <Bone refID="13" transformation="0.99831879138946533,0.010435076430439949,0.057015467435121536,0.010435075499117374,0.93523198366165161,-0.35388201475143433,-0.057015463709831238,0.35388198494911194,0.93355071544647217,1.2858431339263916,1.2260483503341675,1.172585129737854">
        </Bone>
      </Part>
    </Brick>
    <Brick refID="8" designID="6141">
      <Part refID="14" designID="6141" materials="41">
        <Bone refID="14" transformation="0.99831879138946533,0.010435063391923904,0.05701543390750885,0.010435065254569054,0.93523198366165161,-0.3538818359375,-0.057015430182218552,0.3538818359375,0.93355077505111694,0.56792402267456055,0.50486034154891968,1.0539873838424683">
        </Bone>
      </Part>
    </Brick>
  </Bricks>
  <RigidSystems>
    <RigidSystem>
      <Rigid refID="0" transformation="1,0,0,0,1,0,0,0,1,1.2000002861022949,1.5999999046325684,1.1999998092651367" boneRefs="0,5,6"/>
      <Rigid refID="1" transformation="0.98325502872467041,-0.18223552405834198,0,0.056313812732696533,0.30384263396263123,0.95105648040771484,-0.17331629991531372,-0.93513095378875732,0.30901715159416199,0.98000049591064453,2.5099999904632568,1.1999998092651367" boneRefs="1"/>
      <Rigid refID="2" transformation="0.98325502872467041,0.18223538994789124,0,-0.10711535811424255,0.57794284820556641,0.80901700258255005,0.14743147790431976,-0.79546993970870972,0.58778536319732666,2.2200002670288086,2.5099999904632568,1.1999998092651367" boneRefs="2"/>
      <Rigid refID="3" transformation="0.98370885848999023,-0.17957709729671478,0.0082994848489761353,0.047731280326843262,0.30542120337486267,0.95102030038833618,-0.17331629991531372,-0.9351310133934021,0.30901700258255005,0.63923996686935425,1.8237781524658203,1.1421165466308594" boneRefs="3"/>
      <Rigid refID="4" transformation="0.98415219783782959,0.17718501389026642,-0.0070598423480987549,-0.098530873656272888,0.57951110601425171,0.8089861273765564,0.14743146300315857,-0.79546993970870972,0.58778536319732666,2.5574288368225098,1.8417305946350098,1.3727563619613647" boneRefs="4"/>
      <Rigid refID="5" transformation="1,0,0,0,1,0,0,0,1,1.2000002861022949,0,1.1999998092651367" boneRefs="7"/>
      <Rigid refID="6" transformation="1,0,0,0,1,0,0,0,1,2.0000004768371582,0,1.1999998092651367" boneRefs="8"/>
      <Rigid refID="7" transformation="1,0,0,0,1,0,0,0,1,1.5999999046325684,3.6678967475891113,1.1714816093444824" boneRefs="9"/>
      <Rigid refID="8" transformation="1,0,0,0,1,0,0,0,1,1.5999999046325684,3.8615379333496094,1.1999998092651367" boneRefs="10,11"/>
      <Rigid refID="9" transformation="-0.057015400379896164,0.3538818359375,0.93355083465576172,0.010435104370117187,0.93523216247558594,-0.3538818359375,-0.99831891059875488,-0.0104350745677948,-0.057015407830476761,2.571263313293457,0.80413436889648438,2.5407450199127197" boneRefs="12,13,14"/>
      <Joint type="hinge">
        <RigidRef rigidRef="0" a="1.0000001192092896,0,0" z="0,0,-1" t="0.22550000250339508,-0.47499999403953552,0"/>
        <RigidRef rigidRef="5" a="1.0000001192092896,0,0" z="0,0,-1" t="0.22550000250339508,1.125,0"/>
      </Joint>
      <Joint type="hinge">
        <RigidRef rigidRef="6" a="-1,0,0" z="0,0,0.99999994039535522" t="-0.22499999403953552,1.125,0"/>
        <RigidRef rigidRef="0" a="-1,0,0" z="0,0,0.99999994039535522" t="0.57499998807907104,-0.47499999403953552,0"/>
      </Joint>
      <Joint type="hinge">
        <RigidRef rigidRef="2" a="1.0000001192092896,0,0" z="0,0,-1" t="-0.15000000596046448,0,0"/>
        <RigidRef rigidRef="0" a="0.98325490951538086,0.1822354793548584,0" z="0,0,1" t="0.87251198291778564,0.88266497850418091,0"/>
      </Joint>
      <Joint type="hinge">
        <RigidRef rigidRef="1" a="-1,0,0" z="0,0,0.99999994039535522" t="0.15000000596046448,0,0"/>
        <RigidRef rigidRef="0" a="-0.98325490951538086,0.1822354793548584,0" z="0,0,1" t="-0.072512000799179077,0.88266497850418091,0"/>
      </Joint>
      <Joint type="hinge">
        <RigidRef rigidRef="8" a="0,-0.99999994039535522,0" z="1,0,0" t="0,-0.83153820037841797,0"/>
        <RigidRef rigidRef="0" a="0,-0.99999994039535522,0" z="1,0,0" t="0.40000000596046448,1.4299999475479126,0"/>
      </Joint>
      <Joint type="hinge">
        <RigidRef rigidRef="3" a="0,0,1.0000001192092896" z="1.0000001192092896,0,0" t="0,0,0.05000000074505806"/>
        <RigidRef rigidRef="1" a="0,0,1.0000002384185791" z="1.0000002384185791,0,0" t="-0.20999999344348907,-0.28274300694465637,0.73287898302078247"/>
      </Joint>
      <Joint type="hinge">
        <RigidRef rigidRef="4" a="0,0,1.0000001192092896" z="1.0000001192092896,0,0" t="0,0,0.05000000074505806"/>
        <RigidRef rigidRef="2" a="0,0,1.0000001192092896" z="1.0000001192092896,0,0" t="0.20999999344348907,-0.28260299563407898,0.73287898302078247"/>
      </Joint>
      <Joint type="hinge">
        <RigidRef rigidRef="9" a="-1,0,0" z="0,0,0.99999994039535522" t="-0.82499998807907104,1,0"/>
        <RigidRef rigidRef="4" a="0,-0.96592575311660767,-0.25881925225257874" z="-0.9839441180229187,0.046193297952413559,-0.17239564657211304" t="0,-0.20000016689300537,0.34999960660934448"/>
      </Joint>
      <Joint type="hinge">
        <RigidRef rigidRef="8" a="-1.0000002384185791,0,0" z="0,-1.0000002384185791,0" t="0,-0.19364100694656372,-0.028518000617623329"/>
        <RigidRef rigidRef="7" a="-1.0000001192092896,0,0" z="0,1.0000001192092896,0" t="0,0,0"/>
      </Joint>
    </RigidSystem>
  </RigidSystems>
  <GroupSystems>
    <GroupSystem>
    </GroupSystem>
  </GroupSystems>
</LXFML>
