<?xml version="1.0" encoding="UTF-8" standalone="no" ?>
<LXFML versionMajor="5" versionMinor="0">
  <Meta>
    <Application name="LEGO Universe" versionMajor="0" versionMinor="0"/>
    <Brand name="LEGOUniverse"/>
    <BrickSet version="61"/>
  </Meta>
  <Bricks>
    <Brick refID="0" designID="6141">
      <Part refID="0" designID="6141" materials="102">
        <Bone refID="0" transformation="0.69284862279891968,0,0.72108304500579834,0,1,0,-0.72108304500579834,0,0.69284862279891968,0.70155948400497437,0.31999996304512024,0.23041272163391113">
        </Bone>
      </Part>
    </Brick>
    <Brick refID="1" designID="30367">
      <Part refID="1" designID="30367" materials="124">
        <Bone refID="1" transformation="0.69284862279891968,0,0.72108304500579834,0,1,0,-0.72108304500579834,0,0.69284862279891968,-0.42958611249923706,0.63999992609024048,0.2078249454498291">
        </Bone>
      </Part>
    </Brick>
    <Brick refID="2" designID="4733">
      <Part refID="2" designID="4733" materials="124">
        <Bone refID="2" transformation="0.99974679946899414,0,-0.022499307990074158,0,1,0,0.022499307990074158,0,0.99974679946899414,0.13598686456680298,1.6000000238418579,0.21911883354187012">
        </Bone>
      </Part>
    </Brick>
    <Brick refID="3" designID="6141">
      <Part refID="3" designID="6141" materials="102">
        <Bone refID="3" transformation="-0.022498670965433121,0,-0.99974703788757324,0.99974703788757324,0,-0.022498795762658119,0,-1.0000001192092896,0,0.5358852744102478,2.1599998474121094,0.21011924743652344">
        </Bone>
      </Part>
    </Brick>
    <Brick refID="4" designID="6019">
      <Part refID="4" designID="6019" materials="124">
        <Bone refID="4" transformation="-0.011762630194425583,-0.85243254899978638,-0.522705078125,0.99974697828292847,0,-0.022498039528727531,0.019178071990609169,-0.52283740043640137,0.85221689939498901,0.85580402612686157,2.1600000858306885,0.20292043685913086">
        </Bone>
      </Part>
    </Brick>
    <Brick refID="5" designID="6141">
      <Part refID="5" designID="6141" materials="221">
        <Bone refID="5" transformation="0.35969331860542297,0,0.9330706000328064,0,1,0,-0.9330706000328064,0,0.35969331860542297,0.13598686456680298,2.559999942779541,0.21911883354187012">
        </Bone>
      </Part>
    </Brick>
    <Brick refID="6" designID="4733">
      <Part refID="6" designID="4733" materials="124">
        <Bone refID="6" transformation="0.99998879432678223,0,-0.0047340053133666515,0,1,0,0.0047340053133666515,0,0.99998879432678223,0.13598644733428955,2.8800003528594971,0.21911907196044922">
        </Bone>
      </Part>
    </Brick>
    <Brick refID="7" designID="50746">
      <Part refID="7" designID="50746" materials="102">
        <Bone refID="7" transformation="0.99998879432678223,0,-0.0047340053133666515,0,1,0,0.0047340053133666515,0,0.99998879432678223,0.135986328125,3.8400003910064697,0.21911931037902832">
        </Bone>
      </Part>
    </Brick>
    <Brick refID="8" designID="49668">
      <Part refID="8" designID="49668" materials="124">
        <Bone refID="8" transformation="-0.0047396533191204071,0,-0.99998879432678223,-0.99998879432678223,0,0.0047397804446518421,0,1.0000001192092896,0,-0.26400905847549438,3.4400002956390381,0.22101497650146484">
        </Bone>
      </Part>
    </Brick>
    <Brick refID="9" designID="49668">
      <Part refID="9" designID="49668" materials="124">
        <Bone refID="9" transformation="0.0047401175834238529,0,0.99998879432678223,0.99998879432678223,0,-0.0047400332987308502,0,1,0,0.53598183393478394,3.4400005340576172,0.21722316741943359">
        </Bone>
      </Part>
    </Brick>
    <Brick refID="10" designID="4733">
      <Part refID="10" designID="4733" materials="124">
        <Bone refID="10" transformation="0,1,0,0.0047400351613759995,0,0.99998867511749268,0.99998873472213745,0,-0.0047400766052305698,0.1378822922706604,3.4400005340576172,0.61911487579345703">
        </Bone>
      </Part>
    </Brick>
    <Brick refID="11" designID="2555">
      <Part refID="11" designID="2555" materials="124">
        <Bone refID="11" transformation="0,1,0,0.0047400351613759995,0,0.99998867511749268,0.99998873472213745,0,-0.0047400766052305698,0.14243298768997192,3.4400005340576172,1.579103946685791">
        </Bone>
      </Part>
    </Brick>
    <Brick refID="12" designID="6141">
      <Part refID="12" designID="6141" materials="26">
        <Bone refID="12" transformation="0.0047402861528098583,0,0.99998879432678223,-0.99998891353607178,0,0.0047401571646332741,0,-1.0000001192092896,0,-0.25945872068405151,3.4400005340576172,1.1810040473937988">
        </Bone>
      </Part>
    </Brick>
    <Brick refID="13" designID="6141">
      <Part refID="13" designID="6141" materials="26">
        <Bone refID="13" transformation="-0.0047399061731994152,0,-0.99998879432678223,0.999988853931427,0,-0.0047399476170539856,0,-1,0,0.54053229093551636,3.4400002956390381,1.1772122383117676">
        </Bone>
      </Part>
    </Brick>
    <Brick refID="14" designID="50746">
      <Part refID="14" designID="50746" materials="102">
        <Bone refID="14" transformation="0.99998867511749268,0,-0.0047466536052525043,0,1,0,0.0047466536052525043,0,0.99998867511749268,0.1405368447303772,3.8400003910064697,1.1791079044342041">
        </Bone>
      </Part>
    </Brick>
    <Brick refID="15" designID="50746">
      <Part refID="15" designID="50746" materials="102">
        <Bone refID="15" transformation="0.99998867511749268,0,-0.0047400351613759995,-0.0047399923205375671,0,-0.99998873472213745,0,1,0,0.1340903639793396,3.4400002956390381,-0.18087625503540039">
        </Bone>
      </Part>
    </Brick>
    <Brick refID="16" designID="6141">
      <Part refID="16" designID="6141" materials="102">
        <Bone refID="16" transformation="0.022499054670333862,0,0.99974679946899414,-0.99974679946899414,0,0.022499054670333862,0,-1,0,-0.26391196250915527,2.1599998474121094,0.2281184196472168">
        </Bone>
      </Part>
    </Brick>
    <Brick refID="17" designID="6019">
      <Part refID="17" designID="6019" materials="124">
        <Bone refID="17" transformation="0.010018416680395603,0.89538747072219849,0.44517514109611511,-0.99974679946899414,0,0.022498380392789841,0.020144635811448097,-0.44528788328170776,0.89516079425811768,-0.58383113145828247,2.1600000858306885,0.23531770706176758">
        </Bone>
      </Part>
    </Brick>
    <Brick refID="18" designID="4733">
      <Part refID="18" designID="4733" materials="124">
        <Bone refID="18" transformation="0.99974685907363892,0,-0.022498758509755135,-0.022498756647109985,0,-0.99974691867828369,0,1.0000001192092896,0,0.12698715925216675,2.1599998474121094,-0.18077969551086426">
        </Bone>
      </Part>
    </Brick>
    <Brick refID="19" designID="50746">
      <Part refID="19" designID="50746" materials="102">
        <Bone refID="19" transformation="0.99974685907363892,0,-0.022498758509755135,-0.022498756647109985,0,-0.99974691867828369,0,1.0000001192092896,0,0.10538738965988159,2.1600000858306885,-1.1405370235443115">
        </Bone>
      </Part>
    </Brick>
    <Brick refID="20" designID="2555">
      <Part refID="20" designID="2555" materials="124">
        <Bone refID="20" transformation="-0.02249884232878685,0,-0.99974685907363892,-0.99974691867828369,0,0.022498799487948418,0,1,0,-0.28551077842712402,2.1600003242492676,-0.73163855075836182">
        </Bone>
      </Part>
    </Brick>
    <Brick refID="21" designID="3070">
      <Part refID="21" designID="3070" materials="124">
        <Bone refID="21" transformation="-0.022498928010463715,0,-0.99974685907363892,0,0.99999994039535522,0,0.99974685907363892,0,-0.022498928010463715,0.11438709497451782,2.559999942779541,-0.7406381368637085">
        </Bone>
      </Part>
    </Brick>
    <Brick refID="22" designID="2555">
      <Part refID="22" designID="2555" materials="124">
        <Bone refID="22" transformation="-0.022498928010463715,0,-0.99974685907363892,0.99974685907363892,0,-0.022498928010463715,0,-1,0,0.51428622007369995,2.1599998474121094,-0.74963772296905518">
        </Bone>
      </Part>
    </Brick>
    <Brick refID="23" designID="3070">
      <Part refID="23" designID="3070" materials="212">
        <Bone refID="23" transformation="0,1.0000001192092896,0,0.022498758509755135,0,0.99974685907363892,0.99974685907363892,0,-0.022498674690723419,0.14498615264892578,2.1600000858306885,0.61901736259460449">
        </Bone>
      </Part>
    </Brick>
    <Brick refID="24" designID="6141">
      <Part refID="24" designID="6141" materials="102">
        <Bone refID="24" transformation="0.69284862279891968,0,0.72108304500579834,0,1,0,-0.72108304500579834,0,0.69284862279891968,-0.42958611249923706,0.31999999284744263,0.2078249454498291">
        </Bone>
      </Part>
    </Brick>
    <Brick refID="25" designID="49668">
      <Part refID="25" designID="49668" materials="124">
        <Bone refID="25" transformation="0.88441431522369385,0,0.46670243144035339,0,1,0,-0.46670243144035339,0,0.88441431522369385,-0.42958611249923706,0,0.2078249454498291">
        </Bone>
      </Part>
    </Brick>
    <Brick refID="26" designID="49668">
      <Part refID="26" designID="49668" materials="124">
        <Bone refID="26" transformation="0.72108304500579834,0,-0.69284862279891968,0,1,0,0.69284862279891968,0,0.72108304500579834,0.70155948400497437,0,0.23041272163391113">
        </Bone>
      </Part>
    </Brick>
    <Brick refID="27" designID="53451">
      <Part refID="27" designID="53451" materials="124">
        <Bone refID="27" transformation="0.075992710888385773,0,0.99710828065872192,0,-1,0,0.99710828065872192,0,-0.075992755591869354,0.11438804864883423,1.7600018978118896,-0.74063801765441895">
        </Bone>
      </Part>
    </Brick>
    <Brick refID="28" designID="3070">
      <Part refID="28" designID="3070" materials="124">
        <Bone refID="28" transformation="-0.0047400766052305698,0,-0.99998873472213745,0,-1,0,-0.99998873472213745,0,0.0047400766052305698,0.1405368447303772,3.0400004386901855,1.1791083812713623">
        </Bone>
      </Part>
    </Brick>
    <Brick refID="29" designID="48336">
      <Part refID="29" designID="48336" materials="102">
        <Bone refID="29" transformation="1.2576580047607422E-005,-1,0,0.61890161037445068,0,0.78546857833862305,-0.78546857833862305,0,0.61890161037445068,1.5570344924926758,2.5450074672698975,-1.4523348808288574">
        </Bone>
      </Part>
    </Brick>
    <Brick refID="30" designID="43722">
      <Part refID="30" designID="43722" materials="212">
        <Bone refID="30" transformation="1.257657913811272E-005,-1,0,0.61890161037445068,0,0.78546857833862305,-0.78546857833862305,0,0.61890161037445068,1.755073070526123,3.3450095653533936,-1.2009849548339844">
        </Bone>
      </Part>
    </Brick>
    <Brick refID="31" designID="49668">
      <Part refID="31" designID="49668" materials="102">
        <Bone refID="31" transformation="-0.78546929359436035,-1.0132789611816406E-005,0.61890065670013428,0.61890065670013428,0,0.78546929359436035,-1.2874603271484375E-005,1,0,1.5570247173309326,3.3450076580047607,-1.4523351192474365">
        </Bone>
      </Part>
    </Brick>
    <Brick refID="32" designID="48336">
      <Part refID="32" designID="48336" materials="102">
        <Bone refID="32" transformation="-1.2695789337158203E-005,1,0,-0.70294362306594849,0,0.71124565601348877,0.71124565601348877,0,0.70294356346130371,-1.2480355501174927,1.7749971151351929,-1.4576034545898437">
        </Bone>
      </Part>
    </Brick>
    <Brick refID="33" designID="43723">
      <Part refID="33" designID="43723" materials="212">
        <Bone refID="33" transformation="1.2755393981933594E-005,-1,0,-0.70294356346130371,0,0.71124571561813354,-0.71124571561813354,0,-0.70294350385665894,-1.4729981422424316,3.3749942779541016,-1.2300043106079102">
        </Bone>
      </Part>
    </Brick>
    <Brick refID="34" designID="49668">
      <Part refID="34" designID="49668" materials="102">
        <Bone refID="34" transformation="-0.71124601364135742,0,-0.70294320583343506,-0.70294320583343506,0,0.71124601364135742,-1.212954430229729E-005,1,0,-1.2480564117431641,3.3749964237213135,-1.4576029777526855">
        </Bone>
      </Part>
    </Brick>
  </Bricks>
  <RigidSystems>
    <RigidSystem>
      <Rigid refID="0" transformation="0.69284862279891968,0,0.72108304500579834,0,1,0,-0.72108304500579834,0,0.69284862279891968,1.5015594959259033,0.31999996304512024,2.2304127216339111" boneRefs="0,1,2,3,4,5,6,7,8,9,10,11,12,13,14,15,16,17,18,19,20,21,22,23,24,25,26,27,28"/>
      <Rigid refID="1" transformation="1.2576580047607422E-005,-1,0,0.61890161037445068,0,0.78546857833862305,-0.78546857833862305,0,0.61890161037445068,2.35703444480896,2.5450074672698975,0.54766511917114258" boneRefs="29,30,31"/>
      <Rigid refID="2" transformation="-1.2695789337158203E-005,1,0,-0.70294362306594849,0,0.71124565601348877,0.71124565601348877,0,0.70294356346130371,-0.44803556799888611,1.7749971151351929,0.54239660501480103" boneRefs="32,33,34"/>
      <Joint type="hinge">
        <RigidRef rigidRef="1" a="1,0,0" z="0,0,0.99999994039535522" t="0.97499996423721313,0.24799995124340057,0.80000001192092896"/>
        <RigidRef rigidRef="0" a="0,-1,0" z="-0.09793129563331604,0,0.99519312381744385" t="-0.45221486687660217,1.2500014305114746,-0.96232527494430542"/>
      </Joint>
      <Joint type="hinge">
        <RigidRef rigidRef="2" a="1,0,0" z="0,0,0.99999994039535522" t="0.97499996423721313,0.24799995124340057,0.80000001192092896"/>
        <RigidRef rigidRef="0" a="0,1,0" z="0.99966633319854736,0,-0.025833725929260254" t="-1.7618428468704224,2.430001974105835,0.46353957056999207"/>
      </Joint>
    </RigidSystem>
  </RigidSystems>
  <GroupSystems>
    <GroupSystem>
    </GroupSystem>
  </GroupSystems>
</LXFML>
