<?xml version="1.0" encoding="UTF-8" standalone="no" ?>
<LXFML versionMajor="5" versionMinor="0">
  <Meta>
    <Application name="LEGO Universe" versionMajor="0" versionMinor="0"/>
    <Brand name="LEGOUniverse"/>
    <BrickSet version="61"/>
  </Meta>
  <Bricks>
    <Brick refID="0" designID="4150">
      <Part refID="0" designID="4150" materials="1,0">
        <Bone refID="0" transformation="-0.00097903609275817871,0.72801041603088379,0.68556541204452515,-0.9999995231628418,-0.00071127712726593018,-0.00067275762557983398,0,-0.6855657696723938,0.72801071405410767,1.977102518081665,13.249820709228516,-4.6022505760192871">
        </Bone>
      </Part>
    </Brick>
    <Brick refID="1" designID="30602">
      <Part refID="1" designID="30602" materials="1">
        <Bone refID="1" transformation="1,0,0,0,0.68628388643264771,-0.72733378410339355,0,0.72733378410339355,0.68628388643264771,2.2281858921051025,14.723739624023438,-2.6648192405700684">
        </Bone>
      </Part>
    </Brick>
    <Brick refID="2" designID="4070">
      <Part refID="2" designID="4070" materials="1">
        <Bone refID="2" transformation="0,-0.72801035642623901,-0.68556612730026245,0,0.68556612730026245,-0.72801035642623901,1,0,0,3.0281984806060791,14.064906120300293,-1.9665861129760742">
        </Bone>
      </Part>
    </Brick>
    <Brick refID="3" designID="6091">
      <Part refID="3" designID="6091" materials="1">
        <Bone refID="3" transformation="0,0.68556606769561768,-0.72801041603088379,1,0,0,0,-0.72801053524017334,-0.6855660080909729,3.28005051612854,14.448819160461426,-2.3742742538452148">
        </Bone>
      </Part>
    </Brick>
    <Brick refID="4" designID="4070">
      <Part refID="4" designID="4070" materials="1">
        <Bone refID="4" transformation="-0.00011557340621948242,0.72733420133590698,0.68628358840942383,0,0.68628370761871338,-0.72733426094055176,-1.0000001192092896,-8.150935173034668E-005,-8.2060694694519043E-005,2.2281858921051025,14.064905166625977,-1.9665765762329102">
        </Bone>
      </Part>
    </Brick>
    <Brick refID="5" designID="6091">
      <Part refID="5" designID="6091" materials="1">
        <Bone refID="5" transformation="-3.1173229217529297E-005,-0.68553662300109863,0.72803819179534912,-1,0,-3.9249658584594727E-005,2.4169683456420898E-005,-0.72803819179534912,-0.68553662300109863,1.9763243198394775,14.448826789855957,-2.374262809753418">
        </Bone>
      </Part>
    </Brick>
    <Brick refID="6" designID="4070">
      <Part refID="6" designID="4070" materials="1">
        <Bone refID="6" transformation="0,-0.72801035642623901,-0.68556612730026245,0,0.68556612730026245,-0.72801035642623901,1,0,0,3.0281813144683838,13.48249340057373,-2.5150394439697266">
        </Bone>
      </Part>
    </Brick>
    <Brick refID="7" designID="4070">
      <Part refID="7" designID="4070" materials="1">
        <Bone refID="7" transformation="-0.00011585652828216553,0.727333664894104,0.68628418445587158,0,0.68628418445587158,-0.727333664894104,-1.0000001192092896,-8.1598758697509766E-005,-8.2373619079589844E-005,2.2281782627105713,13.48249626159668,-2.5150308609008789">
        </Bone>
      </Part>
    </Brick>
    <Brick refID="8" designID="2431">
      <Part refID="8" designID="2431" materials="1,0">
        <Bone refID="8" transformation="0,-0.72733378410339355,-0.68628388643264771,1,0,0,0,-0.68628394603729248,0.72733384370803833,3.6000502109527588,14.44881534576416,-2.3742761611938477">
        </Bone>
      </Part>
    </Brick>
    <Brick refID="9" designID="3623">
      <Part refID="9" designID="3623" materials="1">
        <Bone refID="9" transformation="0,-0.72733378410339355,-0.68628388643264771,1,0,0,0,-0.68628394603729248,0.72733384370803833,3.2800462245941162,13.866410255432129,-2.9227285385131836">
        </Bone>
      </Part>
    </Brick>
    <Brick refID="10" designID="3005">
      <Part refID="10" designID="3005" materials="1,0">
        <Bone refID="10" transformation="0,-0.72733378410339355,-0.68628388643264771,1,0,0,0,-0.68628394603729248,0.72733384370803833,2.3200361728668213,13.284008979797363,-3.4711771011352539">
        </Bone>
      </Part>
    </Brick>
    <Brick refID="11" designID="2431">
      <Part refID="11" designID="2431" materials="1,0">
        <Bone refID="11" transformation="0.00099134445190429688,-0.72800666093826294,-0.6855694055557251,-0.99999958276748657,-0.00071054702857509255,-0.00069135433295741677,1.6152858734130859E-005,0.68556976318359375,-0.72800695896148682,1.6563246250152588,14.448826789855957,-2.3742609024047852">
        </Bone>
      </Part>
    </Brick>
    <Brick refID="12" designID="3623">
      <Part refID="12" designID="3623" materials="1">
        <Bone refID="12" transformation="0,0.72801077365875244,0.68556588888168335,-1,0,0,0,-0.68556588888168335,0.72801077365875244,1.9763176441192627,12.701592445373535,-4.0196270942687988">
        </Bone>
      </Part>
    </Brick>
    <Brick refID="13" designID="2420">
      <Part refID="13" designID="2420" materials="1">
        <Bone refID="13" transformation="0.00098842382431030273,-0.72800916433334351,-0.68556678295135498,-0.99999958276748657,-0.0007138847722671926,-0.00068363547325134277,0,0.68556714057922363,-0.72800940275192261,2.2963125705718994,13.284002304077148,-3.4711732864379883">
        </Bone>
      </Part>
    </Brick>
    <Brick refID="14" designID="4085">
      <Part refID="14" designID="4085" materials="1">
        <Bone refID="14" transformation="1.9788742065429688E-005,0.72801589965820313,0.68556022644042969,1,-1.3232231140136719E-005,-1.4781951904296875E-005,0,0.68556022644042969,-0.72801589965820313,2.9600317478179932,12.701594352722168,-4.0196347236633301">
        </Bone>
      </Part>
    </Brick>
    <Brick refID="15" designID="4085">
      <Part refID="15" designID="4085" materials="1">
        <Bone refID="15" transformation="0.00099009275436401367,-0.72801244258880615,-0.68556326627731323,-0.9999995231628418,-0.00071203714469447732,-0.00068807601928710938,1.2755393981933594E-005,0.68556362390518188,-0.72801274061203003,2.6400206089019775,12.701597213745117,-4.0196294784545898">
        </Bone>
      </Part>
    </Brick>
    <Brick refID="16" designID="3024">
      <Part refID="16" designID="3024" materials="1">
        <Bone refID="16" transformation="1.9788742065429688E-005,0.72801589965820313,0.68556022644042969,1,-1.3232231140136719E-005,-1.4781951904296875E-005,0,0.68556022644042969,-0.72801589965820313,2.6400282382965088,12.701598167419434,-4.0196323394775391">
        </Bone>
      </Part>
    </Brick>
    <Brick refID="17" designID="50746">
      <Part refID="17" designID="50746" materials="102">
        <Bone refID="17" transformation="1,0,0,0,0.74555671215057373,0.6664421558380127,0,-0.6664421558380127,0.74555671215057373,2.7200453281402588,15.581838607788086,-6.8104901313781738">
        </Bone>
      </Part>
    </Brick>
    <Brick refID="18" designID="4070">
      <Part refID="18" designID="4070" materials="1">
        <Bone refID="18" transformation="0,0.66644275188446045,-0.74555617570877075,-1,0,0,0,0.74555617570877075,0.66644275188446045,3.2800467014312744,15.394061088562012,-6.9783425331115723">
        </Bone>
      </Part>
    </Brick>
    <Brick refID="19" designID="2420">
      <Part refID="19" designID="2420" materials="1">
        <Bone refID="19" transformation="0,0.74555683135986328,0.66644203662872314,-1,0,0,0,-0.66644203662872314,0.74555683135986328,3.6000425815582275,14.797614097595215,-7.5114955902099609">
        </Bone>
      </Part>
    </Brick>
    <Brick refID="20" designID="4150">
      <Part refID="20" designID="4150" materials="1,0">
        <Bone refID="20" transformation="0,0.74555683135986328,0.66644203662872314,-1,0,0,0,-0.66644203662872314,0.74555683135986328,2.3200438022613525,14.264461517333984,-6.9150543212890625">
        </Bone>
      </Part>
    </Brick>
    <Brick refID="21" designID="4070">
      <Part refID="21" designID="4070" materials="1">
        <Bone refID="21" transformation="-4.2617321014404297E-005,-0.66644352674484253,0.7455558180809021,-1.0000001192092896,2.8848649890278466E-005,-3.1530860724160448E-005,0,-0.74555575847625732,-0.6664433479309082,3.2800467014312744,14.79761791229248,-7.5114974975585938">
        </Bone>
      </Part>
    </Brick>
    <Brick refID="22" designID="2921">
      <Part refID="22" designID="2921" materials="1">
        <Bone refID="22" transformation="-4.2617321014404297E-005,-0.66644352674484253,0.7455558180809021,-1.0000001192092896,2.8848649890278466E-005,-3.1530860724160448E-005,0,-0.74555575847625732,-0.6664433479309082,3.28005051612854,14.860908508300781,-6.38189697265625">
        </Bone>
      </Part>
    </Brick>
    <Brick refID="23" designID="50746">
      <Part refID="23" designID="50746" materials="102">
        <Bone refID="23" transformation="-1,0,0,0,-0.74545472860336304,-0.66655623912811279,0,-0.66655629873275757,0.74545484781265259,2.7200453281402588,14.60983943939209,-7.6793489456176758">
        </Bone>
      </Part>
    </Brick>
    <Brick refID="24" designID="6091">
      <Part refID="24" designID="6091" materials="1">
        <Bone refID="24" transformation="0.0061581730842590332,-0.67103981971740723,0.74139577150344849,-0.99998104572296143,-0.0041189789772033691,0.0045777559280395508,-1.8000602722167969E-005,-0.74140989780426025,-0.67105245590209961,2.9600393772125244,13.729100227355957,-6.3235430717468262">
        </Bone>
      </Part>
    </Brick>
    <Brick refID="25" designID="4085">
      <Part refID="25" designID="4085" materials="1">
        <Bone refID="25" transformation="-1.7464206393924542E-005,-0.75006592273712158,-0.66136330366134644,-1.0000001192092896,0,3.1172854505712166E-005,-2.6136340238736011E-005,0.66136318445205688,-0.75006586313247681,3.2800400257110596,13.736806869506836,-6.3166413307189941">
        </Bone>
      </Part>
    </Brick>
    <Brick refID="26" designID="4085">
      <Part refID="26" designID="4085" materials="1">
        <Bone refID="26" transformation="-1.6987565686577E-005,-0.745555579662323,-0.66644388437271118,-1.0000001192092896,1.4305493095889688E-005,0,0,0.66644376516342163,-0.74555546045303345,2.6400372982025146,13.729103088378906,-6.3235411643981934">
        </Bone>
      </Part>
    </Brick>
    <Brick refID="27" designID="3069">
      <Part refID="27" designID="3069" materials="1,0">
        <Bone refID="27" transformation="0,0.67105394601821899,-0.74140864610671997,-0.99999994039535522,0,0,0,0.74140864610671997,0.67105400562286377,2.3200376033782959,13.192111968994141,-5.7302474975585938">
        </Bone>
      </Part>
    </Brick>
    <Brick refID="28" designID="3623">
      <Part refID="28" designID="3623" materials="1">
        <Bone refID="28" transformation="0,0.67105388641357422,-0.74140864610671997,-0.99999988079071045,0,0,0,0.74140870571136475,0.67105382680892944,3.6000421047210693,12.655411720275879,-5.1372947692871094">
        </Bone>
      </Part>
    </Brick>
    <Brick refID="29" designID="6091">
      <Part refID="29" designID="6091" materials="1">
        <Bone refID="29" transformation="0.0061591262929141521,-0.67104148864746094,0.7413942813873291,-0.99998104572296143,-0.0041202902793884277,0.004578054416924715,-1.7285523426835425E-005,-0.74140834808349609,-0.6710541844367981,2.9600403308868408,13.192259788513184,-5.7304177284240723">
        </Bone>
      </Part>
    </Brick>
    <Brick refID="30" designID="3024">
      <Part refID="30" designID="3024" materials="1">
        <Bone refID="30" transformation="0,0.7414088249206543,0.67105364799499512,-0.99999994039535522,0,0,0,-0.67105358839035034,0.74140888452529907,3.2800319194793701,13.192256927490234,-5.7304191589355469">
        </Bone>
      </Part>
    </Brick>
    <Brick refID="31" designID="3024">
      <Part refID="31" designID="3024" materials="1">
        <Bone refID="31" transformation="0,0.74140864610671997,0.67105382680892944,-1,0,0,0,-0.67105376720428467,0.74140876531600952,2.6400368213653564,13.1922607421875,-5.7304167747497559">
        </Bone>
      </Part>
    </Brick>
    <Brick refID="32" designID="2921">
      <Part refID="32" designID="2921" materials="1">
        <Bone refID="32" transformation="0,0.67105382680892944,-0.74140876531600952,-1.0000001192092896,0,0,0,0.74140870571136475,0.67105394601821899,3.2800366878509521,12.655412673950195,-5.1372919082641602">
        </Bone>
      </Part>
    </Brick>
    <Brick refID="33" designID="30602">
      <Part refID="33" designID="30602" materials="106">
        <Bone refID="33" transformation="1,0,0,0,0.6664421558380127,-0.74555671215057373,0,0.74555671215057373,0.6664421558380127,3.60005784034729,22.250070571899414,-14.048042297363281">
        </Bone>
      </Part>
    </Brick>
    <Brick refID="34" designID="3794">
      <Part refID="34" designID="3794" materials="1">
        <Bone refID="34" transformation="0,-0.74555683135986328,-0.6664421558380127,0,0.6664421558380127,-0.74555683135986328,1,0,0,4.0000591278076172,22.036806106567383,-13.80946159362793">
        </Bone>
      </Part>
    </Brick>
    <Brick refID="35" designID="4070">
      <Part refID="35" designID="4070" materials="1">
        <Bone refID="35" transformation="1,0,0,0,0.66644197702407837,-0.74555701017379761,0,0.74555701017379761,0.66644197702407837,4.0000600814819336,21.397022247314453,-13.093727111816406">
        </Bone>
      </Part>
    </Brick>
    <Brick refID="36" designID="50746">
      <Part refID="36" designID="50746" materials="102">
        <Bone refID="36" transformation="-1,0,0,0,0.74555712938308716,0.66644221544265747,0,0.6664421558380127,-0.74555683135986328,4.0000600814819336,21.958009719848633,-13.343389511108398">
        </Bone>
      </Part>
    </Brick>
    <Brick refID="37" designID="6141">
      <Part refID="37" designID="6141" materials="102">
        <Bone refID="37" transformation="1,0,0,0,0.66644257307052612,-0.74555647373199463,0,0.74555647373199463,0.66644257307052612,4.0000600814819336,21.18376350402832,-12.855144500732422">
        </Bone>
      </Part>
    </Brick>
    <Brick refID="38" designID="6541">
      <Part refID="38" designID="6541" materials="1">
        <Bone refID="38" transformation="1,0,0,0,0.66644197702407837,-0.74555701017379761,0,0.74555701017379761,0.66644197702407837,4.0000591278076172,20.800580978393555,-13.62688159942627">
        </Bone>
      </Part>
    </Brick>
    <Brick refID="39" designID="3023">
      <Part refID="39" designID="3023" materials="1">
        <Bone refID="39" transformation="0,-0.74555683135986328,-0.6664421558380127,0,0.6664421558380127,-0.74555683135986328,1,0,0,4.0000591278076172,20.970500946044922,-12.61656665802002">
        </Bone>
      </Part>
    </Brick>
    <Brick refID="40" designID="3024">
      <Part refID="40" designID="3024" materials="1">
        <Bone refID="40" transformation="1,0,0,0,0.66644197702407837,-0.74555701017379761,0,0.74555701017379761,0.66644197702407837,4.0000600814819336,20.757238388061523,-12.37799072265625">
        </Bone>
      </Part>
    </Brick>
    <Brick refID="41" designID="3024">
      <Part refID="41" designID="3024" materials="1">
        <Bone refID="41" transformation="1,0,0,0,0.66644197702407837,-0.74555701017379761,0,0.74555701017379761,0.66644197702407837,4.0000600814819336,20.587316513061523,-13.388303756713867">
        </Bone>
      </Part>
    </Brick>
    <Brick refID="42" designID="3794">
      <Part refID="42" designID="3794" materials="1">
        <Bone refID="42" transformation="1,0,0,0,0.66644209623336792,-0.74555677175521851,0,0.74555677175521851,0.66644209623336792,3.60005784034729,20.160793304443359,-12.911145210266113">
        </Bone>
      </Part>
    </Brick>
    <Brick refID="43" designID="3023">
      <Part refID="43" designID="3023" materials="102">
        <Bone refID="43" transformation="1,0,0,0,0.66644191741943359,-0.74555695056915283,0,0.74555695056915283,0.66644191741943359,3.60005784034729,19.947532653808594,-12.672569274902344">
        </Bone>
      </Part>
    </Brick>
    <Brick refID="44" designID="4274">
      <Part refID="44" designID="4274" materials="26">
        <Bone refID="44" transformation="1,0,0,0,0.74555671215057373,0.6664421558380127,0,-0.6664421558380127,0.74555671215057373,4.0000591278076172,19.41438102722168,-12.076122283935547">
        </Bone>
      </Part>
    </Brick>
    <Brick refID="45" designID="3665">
      <Part refID="45" designID="3665" materials="102">
        <Bone refID="45" transformation="0,0.66644185781478882,-0.74555695056915283,0,0.74555689096450806,0.66644185781478882,1,0,0,4.400054931640625,18.53278923034668,-13.400672912597656">
        </Bone>
      </Part>
    </Brick>
    <Brick refID="46" designID="3023">
      <Part refID="46" designID="3023" materials="102">
        <Bone refID="46" transformation="-1,0,0,0,0.74555647373199463,0.66644227504730225,0,0.66644233465194702,-0.7455565333366394,4.400054931640625,20.202846527099609,-11.907828330993652">
        </Bone>
      </Part>
    </Brick>
    <Brick refID="47" designID="6238">
      <Part refID="47" designID="6238" materials="111">
        <Bone refID="47" transformation="-1,0,0,0,0.74555623531341553,0.6664423942565918,0,0.6664423942565918,-0.74555641412734985,5.2000541687011719,20.441423416137695,-11.694567680358887">
        </Bone>
      </Part>
    </Brick>
    <Brick refID="48" designID="3005">
      <Part refID="48" designID="3005" materials="102,0">
        <Bone refID="48" transformation="0,0.66644191741943359,-0.74555677175521851,0,0.74555665254592896,0.66644191741943359,1,0,0,5.2000579833984375,19.72569465637207,-12.334354400634766">
        </Bone>
      </Part>
    </Brick>
    <Brick refID="49" designID="3023">
      <Part refID="49" designID="3023" materials="102">
        <Bone refID="49" transformation="-1,0,0,0,0.74555623531341553,0.66644257307052612,0,0.6664426326751709,-0.7455562949180603,4.4000587463378906,19.964269638061523,-12.121092796325684">
        </Bone>
      </Part>
    </Brick>
    <Brick refID="50" designID="3005">
      <Part refID="50" designID="3005" materials="102,0">
        <Bone refID="50" transformation="0,0.66644191741943359,-0.74555677175521851,0,0.74555665254592896,0.66644191741943359,1,0,0,2.8000519275665283,19.725690841674805,-12.334352493286133">
        </Bone>
      </Part>
    </Brick>
    <Brick refID="51" designID="3024">
      <Part refID="51" designID="3024" materials="102">
        <Bone refID="51" transformation="0,0.66644191741943359,-0.74555677175521851,0,0.74555665254592896,0.66644191741943359,1,0,0,5.2000579833984375,19.487113952636719,-12.547615051269531">
        </Bone>
      </Part>
    </Brick>
    <Brick refID="52" designID="3700">
      <Part refID="52" designID="3700" materials="140">
        <Bone refID="52" transformation="-1,0,0,0,0.74555623531341553,0.66644257307052612,0,0.6664426326751709,-0.7455562949180603,4.4000587463378906,19.248537063598633,-12.760876655578613">
        </Bone>
      </Part>
    </Brick>
    <Brick refID="53" designID="3024">
      <Part refID="53" designID="3024" materials="102">
        <Bone refID="53" transformation="0,0.66644191741943359,-0.74555677175521851,0,0.74555665254592896,0.66644191741943359,1,0,0,2.8000524044036865,19.487112045288086,-12.547615051269531">
        </Bone>
      </Part>
    </Brick>
    <Brick refID="54" designID="3666">
      <Part refID="54" designID="3666" materials="102">
        <Bone refID="54" transformation="0,0.66644197702407837,-0.74555689096450806,0,0.74555665254592896,0.66644191741943359,1,0,0,5.2000541687011719,16.582769393920898,-9.7786540985107422">
        </Bone>
      </Part>
    </Brick>
    <Brick refID="55" designID="4079">
      <Part refID="55" designID="4079" materials="140">
        <Bone refID="55" transformation="-1,0,0,0,0.74555701017379761,0.66644203662872314,0,0.66644209623336792,-0.74555677175521851,4.4000539779663086,18.89796257019043,-10.928206443786621">
        </Bone>
      </Part>
    </Brick>
    <Brick refID="56" designID="3022">
      <Part refID="56" designID="3022" materials="140">
        <Bone refID="56" transformation="0,0.66644197702407837,-0.74555677175521851,0,0.74555671215057373,0.66644203662872314,1,0,0,4.4000530242919922,18.126235961914063,-10.545024871826172">
        </Bone>
      </Part>
    </Brick>
    <Brick refID="57" designID="3020">
      <Part refID="57" designID="3020" materials="140">
        <Bone refID="57" transformation="-1,0,0,0,0.74555647373199463,0.6664426326751709,0,0.6664426326751709,-0.74555623531341553,5.2000522613525391,18.420806884765625,-11.354732513427734">
        </Bone>
      </Part>
    </Brick>
    <Brick refID="58" designID="4865">
      <Part refID="58" designID="4865" materials="1,0">
        <Bone refID="58" transformation="0,-0.66644185781478882,0.74555695056915283,0,0.74555701017379761,0.66644185781478882,-1,0,0,5.2000522613525391,18.659389495849609,-11.141471862792969">
        </Bone>
      </Part>
    </Brick>
    <Brick refID="59" designID="4865">
      <Part refID="59" designID="4865" materials="1,0">
        <Bone refID="59" transformation="0,0.66644179821014404,-0.74555701017379761,0,0.74555689096450806,0.66644179821014404,1.0000001192092896,0,0,2.8000538349151611,18.126235961914063,-10.545026779174805">
        </Bone>
      </Part>
    </Brick>
    <Brick refID="60" designID="3022">
      <Part refID="60" designID="3022" materials="140">
        <Bone refID="60" transformation="0,0.66644179821014404,-0.74555701017379761,0,0.74555695056915283,0.66644173860549927,1,0,0,4.4000558853149414,17.649078369140625,-10.97154712677002">
        </Bone>
      </Part>
    </Brick>
    <Brick refID="61" designID="3666">
      <Part refID="61" designID="3666" materials="102">
        <Bone refID="61" transformation="0,0.66644185781478882,-0.74555695056915283,0,0.74555689096450806,0.66644185781478882,1,0,0,2.8000524044036865,16.582769393920898,-9.7786550521850586">
        </Bone>
      </Part>
    </Brick>
    <Brick refID="62" designID="3660">
      <Part refID="62" designID="3660" materials="1">
        <Bone refID="62" transformation="0,0.66644179821014404,-0.74555701017379761,0,0.74555695056915283,0.66644173860549927,1,0,0,4.4000558853149414,16.933343887329102,-11.611330986022949">
        </Bone>
      </Part>
    </Brick>
    <Brick refID="63" designID="3660">
      <Part refID="63" designID="3660" materials="1">
        <Bone refID="63" transformation="0,-0.66644191741943359,0.74555695056915283,0,0.74555689096450806,0.66644185781478882,-1,0,0,3.600053071975708,17.466495513916016,-12.20777416229248">
        </Bone>
      </Part>
    </Brick>
    <Brick refID="64" designID="3660">
      <Part refID="64" designID="3660" materials="1">
        <Bone refID="64" transformation="0,0.66644179821014404,-0.74555701017379761,0,0.74555695056915283,0.66644173860549927,1,0,0,4.4000558853149414,15.867034912109375,-10.418438911437988">
        </Bone>
      </Part>
    </Brick>
    <Brick refID="65" designID="3660">
      <Part refID="65" designID="3660" materials="1">
        <Bone refID="65" transformation="0,-0.66644191741943359,0.74555695056915283,0,0.74555689096450806,0.66644185781478882,-1,0,0,3.600053071975708,16.400188446044922,-11.014886856079102">
        </Bone>
      </Part>
    </Brick>
    <Brick refID="66" designID="6019">
      <Part refID="66" designID="6019" materials="1">
        <Bone refID="66" transformation="0,-0.66644185781478882,0.74555695056915283,0,0.74555701017379761,0.66644185781478882,-1,0,0,3.600053071975708,17.522481918334961,-13.230755805969238">
        </Bone>
      </Part>
    </Brick>
    <Brick refID="67" designID="2445">
      <Part refID="67" designID="2445" materials="1">
        <Bone refID="67" transformation="0,0.66644185781478882,-0.74555695056915283,0,0.74555712938308716,0.66644191741943359,1.0000001192092896,0,0,4.4000587463378906,12.42951774597168,-7.0530405044555664">
        </Bone>
      </Part>
    </Brick>
    <Brick refID="68" designID="6019">
      <Part refID="68" designID="6019" materials="1">
        <Bone refID="68" transformation="0,-0.66644197702407837,0.74555689096450806,0,0.74555701017379761,0.66644203662872314,-1.0000001192092896,0,0,3.6000540256500244,18.055635452270508,-13.827200889587402">
        </Bone>
      </Part>
    </Brick>
    <Brick refID="69" designID="6019">
      <Part refID="69" designID="6019" materials="1">
        <Bone refID="69" transformation="0,-0.66644197702407837,0.74555689096450806,0,0.74555701017379761,0.66644203662872314,-1.0000001192092896,0,0,3.6000535488128662,16.989328384399414,-12.634309768676758">
        </Bone>
      </Part>
    </Brick>
    <Brick refID="70" designID="6019">
      <Part refID="70" designID="6019" materials="1">
        <Bone refID="70" transformation="0,-0.66644197702407837,0.74555689096450806,0,0.74555701017379761,0.66644203662872314,-1.0000001192092896,0,0,3.6000535488128662,16.456174850463867,-12.03786563873291">
        </Bone>
      </Part>
    </Brick>
    <Brick refID="71" designID="6019">
      <Part refID="71" designID="6019" materials="1">
        <Bone refID="71" transformation="0,-0.66644197702407837,0.74555689096450806,0,0.74555701017379761,0.66644203662872314,-1.0000001192092896,0,0,3.6000535488128662,15.923020362854004,-11.44141960144043">
        </Bone>
      </Part>
    </Brick>
    <Brick refID="72" designID="6019">
      <Part refID="72" designID="6019" materials="1">
        <Bone refID="72" transformation="0,0.66644197702407837,-0.74555701017379761,0,0.74555706977844238,0.66644197702407837,1.0000001192092896,0,0,4.4000530242919922,18.055637359619141,-13.827201843261719">
        </Bone>
      </Part>
    </Brick>
    <Brick refID="73" designID="6019">
      <Part refID="73" designID="6019" materials="1">
        <Bone refID="73" transformation="0,0.66644191741943359,-0.74555689096450806,0,0.74555683135986328,0.66644185781478882,1,0,0,4.4000530242919922,17.522481918334961,-13.230755805969238">
        </Bone>
      </Part>
    </Brick>
    <Brick refID="74" designID="6019">
      <Part refID="74" designID="6019" materials="1">
        <Bone refID="74" transformation="0,0.66644191741943359,-0.74555689096450806,0,0.74555683135986328,0.66644185781478882,1,0,0,4.4000530242919922,16.989328384399414,-12.634311676025391">
        </Bone>
      </Part>
    </Brick>
    <Brick refID="75" designID="6019">
      <Part refID="75" designID="6019" materials="1">
        <Bone refID="75" transformation="0,0.66644191741943359,-0.74555689096450806,0,0.74555683135986328,0.66644185781478882,1,0,0,4.4000530242919922,16.456174850463867,-12.03786563873291">
        </Bone>
      </Part>
    </Brick>
    <Brick refID="76" designID="6019">
      <Part refID="76" designID="6019" materials="1">
        <Bone refID="76" transformation="0,0.66644191741943359,-0.74555689096450806,0,0.74555683135986328,0.66644185781478882,1,0,0,4.4000568389892578,15.923020362854004,-11.441418647766113">
        </Bone>
      </Part>
    </Brick>
    <Brick refID="77" designID="6019">
      <Part refID="77" designID="6019" materials="1">
        <Bone refID="77" transformation="0,0.66644197702407837,-0.74555689096450806,0,0.74555689096450806,0.66644197702407837,1.0000001192092896,0,0,4.4000520706176758,15.389867782592773,-10.844974517822266">
        </Bone>
      </Part>
    </Brick>
    <Brick refID="78" designID="6019">
      <Part refID="78" designID="6019" materials="1">
        <Bone refID="78" transformation="0,-0.66644185781478882,0.74555695056915283,0,0.74555689096450806,0.66644179821014404,-1,0,0,3.6000525951385498,15.389867782592773,-10.844972610473633">
        </Bone>
      </Part>
    </Brick>
    <Brick refID="79" designID="2444">
      <Part refID="79" designID="2444" materials="1">
        <Bone refID="79" transformation="0,-0.66644185781478882,0.74555695056915283,0,0.74555689096450806,0.66644179821014404,-1,0,0,6.0000534057617187,15.151287078857422,-11.058234214782715">
        </Bone>
      </Part>
    </Brick>
    <Brick refID="80" designID="6179">
      <Part refID="80" designID="6179" materials="1">
        <Bone refID="80" transformation="0,0.66644185781478882,-0.74555695056915283,0,0.74555689096450806,0.66644179821014404,1,0,0,6.8000526428222656,13.257248878479004,-8.4591884613037109">
        </Bone>
      </Part>
    </Brick>
    <Brick refID="81" designID="6179">
      <Part refID="81" designID="6179" materials="1">
        <Bone refID="81" transformation="0,-0.66644191741943359,0.74555695056915283,0,0.74555689096450806,0.66644185781478882,-1,0,0,1.20005202293396,14.856709480285645,-10.248529434204102">
        </Bone>
      </Part>
    </Brick>
    <Brick refID="82" designID="3034">
      <Part refID="82" designID="3034" materials="1">
        <Bone refID="82" transformation="0,0.66644179821014404,-0.74555701017379761,0,0.74555695056915283,0.66644173860549927,1,0,0,4.4000520706176758,11.601795196533203,-5.6468901634216309">
        </Bone>
      </Part>
    </Brick>
    <Brick refID="83" designID="4162">
      <Part refID="83" designID="4162" materials="1">
        <Bone refID="83" transformation="0,0.66644179821014404,-0.74555701017379761,0,0.74555695056915283,0.66644173860549927,1,0,0,3.6000535488128662,11.840368270874023,-5.4336261749267578">
        </Bone>
      </Part>
    </Brick>
    <Brick refID="84" designID="4162">
      <Part refID="84" designID="4162" materials="1">
        <Bone refID="84" transformation="0,-0.66644167900085449,0.74555695056915283,0,0.74555695056915283,0.66644167900085449,-0.99999994039535522,0,0,4.4000558853149414,15.572446823120117,-9.6087446212768555">
        </Bone>
      </Part>
    </Brick>
    <Brick refID="85" designID="3022">
      <Part refID="85" designID="3022" materials="1">
        <Bone refID="85" transformation="1,0,0,0,0.74555671215057373,0.66644203662872314,0,-0.66644209623336792,0.74555677175521851,3.600053071975708,12.190943717956543,-7.2662997245788574">
        </Bone>
      </Part>
    </Brick>
    <Brick refID="86" designID="3024">
      <Part refID="86" designID="3024" materials="1">
        <Bone refID="86" transformation="1,0,0,0,0.74555671215057373,0.66644203662872314,0,-0.66644209623336792,0.74555677175521851,4.4000558853149414,12.485519409179688,-8.0760097503662109">
        </Bone>
      </Part>
    </Brick>
    <Brick refID="87" designID="3024">
      <Part refID="87" designID="3024" materials="1">
        <Bone refID="87" transformation="1,0,0,0,0.74555671215057373,0.66644203662872314,0,-0.66644209623336792,0.74555677175521851,3.6000535488128662,12.485518455505371,-8.0760116577148437">
        </Bone>
      </Part>
    </Brick>
    <Brick refID="88" designID="3024">
      <Part refID="88" designID="3024" materials="1">
        <Bone refID="88" transformation="1,0,0,0,0.74555671215057373,0.66644203662872314,0,-0.66644209623336792,0.74555677175521851,4.4000558853149414,11.952364921569824,-7.4795651435852051">
        </Bone>
      </Part>
    </Brick>
    <Brick refID="89" designID="3024">
      <Part refID="89" designID="3024" materials="1">
        <Bone refID="89" transformation="1,0,0,0,0.74555671215057373,0.66644203662872314,0,-0.66644209623336792,0.74555677175521851,3.600053071975708,11.952364921569824,-7.4795651435852051">
        </Bone>
      </Part>
    </Brick>
    <Brick refID="90" designID="44728">
      <Part refID="90" designID="44728" materials="1">
        <Bone refID="90" transformation="-1,0,0,0,-0.66644191741943359,0.74555671215057373,0,0.74555677175521851,0.66644185781478882,4.403050422668457,11.130966186523437,-5.9604549407958984">
        </Bone>
      </Part>
    </Brick>
    <Brick refID="91" designID="3023">
      <Part refID="91" designID="3023" materials="1">
        <Bone refID="91" transformation="0.99999994039535522,0,0,0,-0.6664421558380127,0.74555665254592896,0,-0.74555671215057373,-0.66644221544265747,3.6030514240264893,11.984006881713867,-6.9147591590881348">
        </Bone>
      </Part>
    </Brick>
    <Brick refID="92" designID="4070">
      <Part refID="92" designID="4070" materials="1">
        <Bone refID="92" transformation="0.99999994039535522,0,0,0,-0.6664421558380127,0.74555665254592896,0,-0.74555671215057373,-0.66644221544265747,4.4030542373657227,11.770747184753418,-6.6761865615844727">
        </Bone>
      </Part>
    </Brick>
    <Brick refID="93" designID="4070">
      <Part refID="93" designID="4070" materials="1">
        <Bone refID="93" transformation="0.99999994039535522,0,0,0,-0.6664421558380127,0.74555665254592896,0,-0.74555671215057373,-0.66644221544265747,3.6030514240264893,11.770745277404785,-6.6761837005615234">
        </Bone>
      </Part>
    </Brick>
    <Brick refID="94" designID="3022">
      <Part refID="94" designID="3022" materials="1">
        <Bone refID="94" transformation="1,0,0,0,-0.66644233465194702,0.7455565333366394,0,-0.7455565333366394,-0.6664423942565918,3.6030519008636475,10.917701721191406,-5.7218713760375977">
        </Bone>
      </Part>
    </Brick>
    <Brick refID="95" designID="2412">
      <Part refID="95" designID="2412" materials="140">
        <Bone refID="95" transformation="1,0,0,0,-0.74555671215057373,-0.66644221544265747,0,0.6664421558380127,-0.74555665254592896,3.6030519008636475,11.20976448059082,-6.4265255928039551">
        </Bone>
      </Part>
    </Brick>
    <Brick refID="96" designID="6141">
      <Part refID="96" designID="6141" materials="140">
        <Bone refID="96" transformation="0,-0.66644209623336792,0.74555677175521851,-1,0,0,0,-0.74555671215057373,-0.66644197702407837,0.32305312156677246,14.057638168334961,-3.2370343208312988">
        </Bone>
      </Part>
    </Brick>
    <Brick refID="97" designID="3023">
      <Part refID="97" designID="3023" materials="1">
        <Bone refID="97" transformation="0,-0.74555712938308716,-0.66644150018692017,-1.0000001192092896,0,0,0,0.66644155979156494,-0.74555706977844238,0.64306187629699707,14.057639122009277,-3.237032413482666">
        </Bone>
      </Part>
    </Brick>
    <Brick refID="98" designID="44728">
      <Part refID="98" designID="44728" materials="1">
        <Bone refID="98" transformation="0,-0.74555587768554688,-0.66644299030303955,0,-0.66644304990768433,0.74555593729019165,-1.0000001192092896,0,0,1.203052282333374,13.473407745361328,-2.5789461135864258">
        </Bone>
      </Part>
    </Brick>
    <Brick refID="99" designID="6141">
      <Part refID="99" designID="6141" materials="140">
        <Bone refID="99" transformation="0,-0.66644191741943359,0.74555677175521851,-0.99999994039535522,0,0,0,-0.74555671215057373,-0.66644185781478882,0.32305026054382324,13.461191177368164,-3.7701873779296875">
        </Bone>
      </Part>
    </Brick>
    <Brick refID="100" designID="6636">
      <Part refID="100" designID="6636" materials="1,0">
        <Bone refID="100" transformation="0,0.74555635452270508,0.6664423942565918,-1,0,0,0,-0.6664423942565918,0.74555641412734985,0.64304852485656738,11.735152244567871,-4.2400498390197754">
        </Bone>
      </Part>
    </Brick>
    <Brick refID="101" designID="44728">
      <Part refID="101" designID="44728" materials="1">
        <Bone refID="101" transformation="0,-0.74555599689483643,-0.66644281148910522,0,-0.66644293069839478,0.74555599689483643,-1,0,0,1.2030503749847412,14.666297912597656,-1.5126361846923828">
        </Bone>
      </Part>
    </Brick>
    <Brick refID="102" designID="3069">
      <Part refID="102" designID="3069" materials="1,0">
        <Bone refID="102" transformation="0,-0.74555647373199463,-0.66644227504730225,-1.0000001192092896,0,0,0,0.66644233465194702,-0.7455565333366394,0.64304661750793457,15.250696182250977,-2.1705760955810547">
        </Bone>
      </Part>
    </Brick>
    <Brick refID="103" designID="4162">
      <Part refID="103" designID="4162" materials="1">
        <Bone refID="103" transformation="0.99999994039535522,0,0,0,-0.66644221544265747,0.74555665254592896,0,-0.74555659294128418,-0.66644209623336792,1.2030584812164307,14.239776611328125,-1.0354843139648437">
        </Bone>
      </Part>
    </Brick>
    <Brick refID="104" designID="3036">
      <Part refID="104" designID="3036" materials="1">
        <Bone refID="104" transformation="1,0,0,0,-0.6664423942565918,0.74555647373199463,0,-0.74555641412734985,-0.66644233465194702,1.2030603885650635,11.470808029174805,-3.9398331642150879">
        </Bone>
      </Part>
    </Brick>
    <Brick refID="105" designID="44728">
      <Part refID="105" designID="44728" materials="1">
        <Bone refID="105" transformation="0,0.74555718898773193,0.66644144058227539,0,-0.66644150018692017,0.74555724859237671,1,0,0,6.8030529022216797,12.876958847045898,-3.112098217010498">
        </Bone>
      </Part>
    </Brick>
    <Brick refID="106" designID="6141">
      <Part refID="106" designID="6141" materials="140">
        <Bone refID="106" transformation="0,-0.6664423942565918,0.74555665254592896,1.0000001192092896,0,0,0,0.74555659294128418,0.66644233465194702,7.683049201965332,14.062111854553223,-3.2330327033996582">
        </Bone>
      </Part>
    </Brick>
    <Brick refID="107" designID="3023">
      <Part refID="107" designID="3023" materials="1">
        <Bone refID="107" transformation="0,0.74555563926696777,0.6664433479309082,1.0000001192092896,0,0,0,0.66644346714019775,-0.74555563926696777,7.3630552291870117,13.465665817260742,-3.7661881446838379">
        </Bone>
      </Part>
    </Brick>
    <Brick refID="108" designID="6141">
      <Part refID="108" designID="6141" materials="140">
        <Bone refID="108" transformation="0,-0.66644275188446045,0.74555611610412598,1.0000001192092896,0,0,0,0.74555611610412598,0.66644287109375,7.6830501556396484,13.465664863586426,-3.7661890983581543">
        </Bone>
      </Part>
    </Brick>
    <Brick refID="109" designID="44728">
      <Part refID="109" designID="44728" materials="1">
        <Bone refID="109" transformation="0,0.74555701017379761,0.66644167900085449,0,-0.66644167900085449,0.74555706977844238,1,0,0,6.8030662536621094,14.069851875305176,-2.0457897186279297">
        </Bone>
      </Part>
    </Brick>
    <Brick refID="110" designID="3069">
      <Part refID="110" designID="3069" materials="1,0">
        <Bone refID="110" transformation="0,-0.74555689096450806,-0.66644179821014404,1,0,0,0,-0.66644185781478882,0.74555695056915283,7.3630504608154297,15.255167961120605,-2.1665782928466797">
        </Bone>
      </Part>
    </Brick>
    <Brick refID="111" designID="6636">
      <Part refID="111" designID="6636" materials="1,0">
        <Bone refID="111" transformation="0,-0.74555683135986328,-0.66644191741943359,1,0,0,0,-0.66644191741943359,0.74555677175521851,7.3630533218383789,14.721846580505371,-1.5702829360961914">
        </Bone>
      </Part>
    </Brick>
    <Brick refID="112" designID="44728">
      <Part refID="112" designID="44728" materials="1">
        <Bone refID="112" transformation="0,0.74555718898773193,0.66644144058227539,0,-0.66644150018692017,0.74555724859237671,1,0,0,6.8030519485473633,11.684066772460938,-4.1784014701843262">
        </Bone>
      </Part>
    </Brick>
    <Brick refID="113" designID="3069">
      <Part refID="113" designID="3069" materials="1,0">
        <Bone refID="113" transformation="0,0.74555587768554688,0.6664431095123291,1.0000001192092896,0,0,0,0.66644322872161865,-0.74555575847625732,7.3630495071411133,12.272605895996094,-4.8326449394226074">
        </Bone>
      </Part>
    </Brick>
    <Brick refID="114" designID="44728">
      <Part refID="114" designID="44728" materials="1">
        <Bone refID="114" transformation="0,-0.74555587768554688,-0.66644299030303955,0,-0.66644304990768433,0.74555593729019165,-1.0000001192092896,0,0,1.2030503749847412,12.280513763427734,-3.6452541351318359">
        </Bone>
      </Part>
    </Brick>
    <Brick refID="115" designID="3069">
      <Part refID="115" designID="3069" materials="1,0">
