<?xml version="1.0" encoding="UTF-8" standalone="no" ?>
<LXFML versionMajor="5" versionMinor="0">
  <Meta>
    <Application name="LEGO Universe" versionMajor="0" versionMinor="0"/>
    <Brand name="LEGOUniverse"/>
    <BrickSet version="61"/>
  </Meta>
  <Bricks>
    <Brick refID="0" designID="74340">
      <Part refID="0" designID="3680" materials="1">
        <Bone refID="0" transformation="1,0,0,0,1,0,0,0,1,-11.200000762939453,1.5994253158569336,3.6000018119812012">
        </Bone>
      </Part>
      <Part refID="1" designID="3679" materials="1">
        <Bone refID="1" transformation="0.44983935356140137,0,-0.89310950040817261,0,1,0,0.89310950040817261,0,0.44983935356140137,-10.622694969177246,1.9194486141204834,3.7371809482574463">
        </Bone>
      </Part>
    </Brick>
    <Brick refID="1" designID="3022">
      <Part refID="2" designID="3022" materials="1">
        <Bone refID="2" transformation="1,0,0,0,1,0,0,0,1,-11.200000762939453,1.2794251441955566,3.6000018119812012">
        </Bone>
      </Part>
    </Brick>
    <Brick refID="2" designID="3022">
      <Part refID="3" designID="3022" materials="1">
        <Bone refID="3" transformation="1,0,0,0,1,0,0,0,1,-11.20000171661377,0.95942544937133789,3.6000008583068848">
        </Bone>
      </Part>
    </Brick>
    <Brick refID="3" designID="4600">
      <Part refID="4" designID="4600" materials="1">
        <Bone refID="4" transformation="-1,0,0,0,1,0,0,0,-1,-10.399999618530273,0.63942527770996094,2.7999999523162842">
        </Bone>
      </Part>
    </Brick>
    <Brick refID="4" designID="3700">
      <Part refID="5" designID="3700" materials="23">
        <Bone refID="5" transformation="-0.44983944296836853,0,0.89310944080352783,0,1,0,-0.89310944080352783,0,-0.44983944296836853,-10.262822151184082,1.9194483757019043,3.0226924419403076">
        </Bone>
      </Part>
    </Brick>
    <Brick refID="5" designID="4274">
      <Part refID="6" designID="4274" materials="23">
        <Bone refID="6" transformation="-0.44983944296836853,0,0.89310944080352783,0,1,0,-0.89310944080352783,0,-0.44983944296836853,-10.800003051757813,2.4994485378265381,3.1999998092651367">
        </Bone>
      </Part>
    </Brick>
    <Brick refID="6" designID="3700">
      <Part refID="7" designID="3700" materials="23">
        <Bone refID="7" transformation="-0.44983944296836853,0,0.89310944080352783,0,1,0,-0.89310944080352783,0,-0.44983944296836853,-10.977311134338379,1.9194482564926147,2.6628198623657227">
        </Bone>
      </Part>
    </Brick>
    <Brick refID="7" designID="4274">
      <Part refID="8" designID="4274" materials="23">
        <Bone refID="8" transformation="0.44983935356140137,0,-0.89310950040817261,0,1,0,0.89310950040817261,0,0.44983935356140137,-10.800003051757813,2.4994485378265381,3.1999998092651367">
        </Bone>
      </Part>
    </Brick>
    <Brick refID="8" designID="74340">
      <Part refID="9" designID="3680" materials="23">
        <Bone refID="9" transformation="0.89310956001281738,0,0.44983920454978943,0,1,0,-0.44983920454978943,0,0.89310956001281738,-11.33718204498291,2.8794481754302979,3.377307653427124">
        </Bone>
      </Part>
      <Part refID="10" designID="3679" materials="21">
        <Bone refID="10" transformation="0.99907231330871582,0,0.043064054101705551,0,1,0,-0.043064054101705551,0,0.99907231330871582,-11.216858863830566,3.1994702816009521,3.5824005603790283">
        </Bone>
      </Part>
    </Brick>
    <Brick refID="9" designID="3641">
      <Part refID="11" designID="3641" materials="26">
        <Bone refID="11" transformation="0,0,1,0,0.99999994039535522,0,-1,0,0,-9.8899993896484375,0.7394254207611084,3.2000017166137695">
        </Bone>
      </Part>
    </Brick>
    <Brick refID="10" designID="4624">
      <Part refID="12" designID="4624" materials="1">
        <Bone refID="12" transformation="0,0,1,0,0.99999994039535522,0,-1,0,0,-9.8899993896484375,0.73942530155181885,3.2000010013580322">
        </Bone>
      </Part>
    </Brick>
    <Brick refID="11" designID="30165">
      <Part refID="13" designID="30165" materials="1">
        <Bone refID="13" transformation="-0.99907255172729492,0,-0.043058816343545914,0,1,0,0.043058816343545914,0,-0.99907255172729492,-10.383147239685059,3.1994740962982178,2.817596435546875">
        </Bone>
      </Part>
    </Brick>
    <Brick refID="12" designID="3641">
      <Part refID="14" designID="3641" materials="26">
        <Bone refID="14" transformation="0,0,-1,0,0.99999994039535522,0,1,0,0,-11.709999084472656,0.7394254207611084,3.2000002861022949">
        </Bone>
      </Part>
    </Brick>
    <Brick refID="13" designID="4624">
      <Part refID="15" designID="4624" materials="1">
        <Bone refID="15" transformation="0,0,-1,0,0.99999994039535522,0,1,0,0,-11.709999084472656,0.73942536115646362,3.2000000476837158">
        </Bone>
      </Part>
    </Brick>
    <Brick refID="14" designID="58176">
      <Part refID="16" designID="58176" materials="43">
        <Bone refID="16" transformation="0.043066248297691345,0,-0.99907219409942627,0,1,0,0.99907219409942627,0,0.043066248297691345,-11.199634552001953,4.559471607208252,3.1827774047851562">
        </Bone>
      </Part>
    </Brick>
    <Brick refID="15" designID="55300">
      <Part refID="17" designID="55300" materials="23">
        <Bone refID="17" transformation="0.043066248297691345,0,-0.99907219409942627,0,1,0,0.99907219409942627,0,0.043066248297691345,-10.400376319885254,4.1594724655151367,3.2172284126281738">
        </Bone>
      </Part>
    </Brick>
    <Brick refID="16" designID="74340">
      <Part refID="18" designID="3680" materials="1">
        <Bone refID="18" transformation="0,0,1,0,0.99999994039535522,0,-1,0,0,8.0000009536743164,1.5994312763214111,-5.0900015830993652">
        </Bone>
      </Part>
      <Part refID="19" designID="3679" materials="1">
        <Bone refID="19" transformation="0,0,1,0,0.99999994039535522,0,-1,0,0,8.0000009536743164,1.9194310903549194,-5.0900020599365234">
        </Bone>
      </Part>
    </Brick>
    <Brick refID="17" designID="3022">
      <Part refID="20" designID="3022" materials="1">
        <Bone refID="20" transformation="0,0,1,0,0.99999994039535522,0,-1,0,0,8.0000009536743164,1.2794307470321655,-5.0900015830993652">
        </Bone>
      </Part>
    </Brick>
    <Brick refID="18" designID="3022">
      <Part refID="21" designID="3022" materials="1">
        <Bone refID="21" transformation="0,0,1,0,0.99999994039535522,0,-1,0,0,8.0000009536743164,0.95943105220794678,-5.0900015830993652">
        </Bone>
      </Part>
    </Brick>
    <Brick refID="19" designID="4600">
      <Part refID="22" designID="4600" materials="1">
        <Bone refID="22" transformation="0,0,-1,0,0.99999994039535522,0,1,0,0,8.8000020980834961,0.63943088054656982,-4.2900004386901855">
        </Bone>
      </Part>
    </Brick>
    <Brick refID="20" designID="3700">
      <Part refID="23" designID="3700" materials="23">
        <Bone refID="23" transformation="0,0,-1,0,1,0,1,0,0,8.8000020980834961,1.9194310903549194,-4.2900009155273437">
        </Bone>
      </Part>
    </Brick>
    <Brick refID="21" designID="4274">
      <Part refID="24" designID="4274" materials="23">
        <Bone refID="24" transformation="0,0,1,0,0.99999994039535522,0,-1,0,0,8.4000015258789063,2.4994311332702637,-4.690000057220459">
        </Bone>
      </Part>
    </Brick>
    <Brick refID="22" designID="3700">
      <Part refID="25" designID="3700" materials="23">
        <Bone refID="25" transformation="0,0,-1,0,1,0,1,0,0,8.0000009536743164,1.9194310903549194,-4.2900009155273437">
        </Bone>
      </Part>
    </Brick>
    <Brick refID="23" designID="4274">
      <Part refID="26" designID="4274" materials="23">
        <Bone refID="26" transformation="0,0,-1,0,0.99999994039535522,0,1,0,0,8.4000015258789063,2.4994311332702637,-4.6900005340576172">
        </Bone>
      </Part>
    </Brick>
    <Brick refID="24" designID="74340">
      <Part refID="27" designID="3680" materials="23">
        <Bone refID="27" transformation="1,0,0,0,1,0,0,0,1,8.0000009536743164,2.8794310092926025,-4.2900009155273437">
        </Bone>
      </Part>
      <Part refID="28" designID="3679" materials="1">
        <Bone refID="28" transformation="1,0,0,0,1,0,0,0,1,8,3.1994309425354004,-4.2900004386901855">
        </Bone>
      </Part>
    </Brick>
    <Brick refID="25" designID="3641">
      <Part refID="29" designID="3641" materials="26">
        <Bone refID="29" transformation="1,0,0,0,1,0,0,0,1,8.399998664855957,0.73943161964416504,-5.5999999046325684">
        </Bone>
      </Part>
    </Brick>
    <Brick refID="26" designID="4624">
      <Part refID="30" designID="4624" materials="1">
        <Bone refID="30" transformation="1,0,0,0,1,0,0,0,1,8.399998664855957,0.73943161964416504,-5.5999999046325684">
        </Bone>
      </Part>
    </Brick>
    <Brick refID="27" designID="30165">
      <Part refID="31" designID="30165" materials="1">
        <Bone refID="31" transformation="0,0,1,0,0.99999994039535522,0,-1,0,0,7.9999995231628418,3.1994309425354004,-5.090001106262207">
        </Bone>
      </Part>
    </Brick>
    <Brick refID="28" designID="48729">
      <Part refID="32" designID="48729" materials="21">
        <Bone refID="32" transformation="0,1,0,1,0,0,0,0,-1,9.0390005111694336,2.4994311332702637,-4.690000057220459">
        </Bone>
      </Part>
    </Brick>
    <Brick refID="29" designID="4449">
      <Part refID="33" designID="4449" materials="21">
        <Bone refID="33" transformation="1,0,0,0,-1,0,0,0,-1,10.243000030517578,2.4994311332702637,-4.8599991798400879">
        </Bone>
      </Part>
    </Brick>
    <Brick refID="30" designID="48729">
      <Part refID="34" designID="48729" materials="21">
        <Bone refID="34" transformation="0,0,-1.0000002384185791,-1.0000002384185791,0,0,0,1.0000002384185791,0,7.7610006332397461,2.4994311332702637,-4.690000057220459">
        </Bone>
      </Part>
    </Brick>
    <Brick refID="31" designID="3899">
      <Part refID="35" designID="3899" materials="21">
        <Bone refID="35" transformation="-1,0,0,0,1,0,0,0,-1,5.7570004463195801,2.0494310855865479,-4.690000057220459">
        </Bone>
      </Part>
    </Brick>
    <Brick refID="32" designID="3641">
      <Part refID="36" designID="3641" materials="26">
        <Bone refID="36" transformation="-1,0,0,0,1,0,0,0,-1,8.399998664855957,0.73943161964416504,-3.7800002098083496">
        </Bone>
      </Part>
    </Brick>
    <Brick refID="33" designID="4624">
      <Part refID="37" designID="4624" materials="1">
        <Bone refID="37" transformation="-1,0,0,0,1,0,0,0,-1,8.399998664855957,0.73943161964416504,-3.780001163482666">
        </Bone>
      </Part>
    </Brick>
    <Brick refID="34" designID="55300">
      <Part refID="38" designID="55300" materials="23">
        <Bone refID="38" transformation="1,0,0,0,1,0,0,0,1,8.3999996185302734,4.159430980682373,-4.2900009155273437">
        </Bone>
      </Part>
    </Brick>
    <Brick refID="35" designID="58176">
      <Part refID="39" designID="58176" materials="43">
        <Bone refID="39" transformation="1,0,0,0,1,0,0,0,1,8.3999996185302734,4.5594310760498047,-5.090001106262207">
        </Bone>
      </Part>
    </Brick>
    <Brick refID="36" designID="74340">
      <Part refID="40" designID="3680" materials="1">
        <Bone refID="40" transformation="0,0,1,0,0.99999994039535522,0,-1,0,0,2.0000004768371582,1.5994243621826172,-8.0000019073486328">
        </Bone>
      </Part>
      <Part refID="41" designID="3679" materials="1">
        <Bone refID="41" transformation="0.91987115144729614,0,-0.39222070574760437,0,1,0,0.39222070574760437,0,0.91987115144729614,2.1889398097991943,1.9194484949111938,-7.0751633644104004">
        </Bone>
      </Part>
    </Brick>
    <Brick refID="37" designID="3022">
      <Part refID="42" designID="3022" materials="1">
        <Bone refID="42" transformation="0,0,1,0,0.99999994039535522,0,-1,0,0,2.0000004768371582,1.2794240713119507,-8.0000019073486328">
        </Bone>
      </Part>
    </Brick>
    <Brick refID="38" designID="3022">
      <Part refID="43" designID="3022" materials="1">
        <Bone refID="43" transformation="0,0,1,0,0.99999994039535522,0,-1,0,0,2.0000014305114746,0.95942425727844238,-8.0000019073486328">
        </Bone>
      </Part>
    </Brick>
    <Brick refID="39" designID="4600">
      <Part refID="44" designID="4600" materials="1">
        <Bone refID="44" transformation="0,0,-1,0,1,0,1,0,0,2.8000025749206543,0.63942408561706543,-7.1999988555908203">
        </Bone>
      </Part>
    </Brick>
    <Brick refID="40" designID="3700">
      <Part refID="45" designID="3700" materials="23">
        <Bone refID="45" transformation="-0.91987127065658569,0,0.39222040772438049,0,1,0,-0.39222040772438049,0,-0.91987127065658569,2.6110610961914062,1.9194480180740356,-8.1248388290405273">
        </Bone>
      </Part>
    </Brick>
    <Brick refID="41" designID="4274">
      <Part refID="46" designID="4274" materials="23">
        <Bone refID="46" transformation="0.91987115144729614,0,-0.39222070574760437,0,1,0,0.39222070574760437,0,0.91987115144729614,2.4000015258789062,2.4994480609893799,-7.6000008583068848">
        </Bone>
      </Part>
    </Brick>
    <Brick refID="42" designID="3700">
      <Part refID="47" designID="3700" materials="23">
        <Bone refID="47" transformation="-0.91987127065658569,0,0.39222040772438049,0,1,0,-0.39222040772438049,0,-0.91987127065658569,2.9248383045196533,1.9194481372833252,-7.3889412879943848">
        </Bone>
      </Part>
    </Brick>
    <Brick refID="43" designID="4274">
      <Part refID="48" designID="4274" materials="23">
        <Bone refID="48" transformation="-0.91987127065658569,0,0.39222040772438049,0,1,0,-0.39222040772438049,0,-0.91987127065658569,2.4000012874603271,2.4994480609893799,-7.6000018119812012">
        </Bone>
      </Part>
    </Brick>
    <Brick refID="44" designID="74340">
      <Part refID="49" designID="3680" materials="23">
        <Bone refID="49" transformation="0.91987133026123047,0,-0.39222022891044617,0,1,0,0.39222022891044617,0,0.91987133026123047,2.1889400482177734,2.8794479370117187,-7.075164794921875">
        </Bone>
      </Part>
      <Part refID="50" designID="3679" materials="1">
        <Bone refID="50" transformation="-0.99149733781814575,0,-0.13012681901454926,0,0.99999994039535522,0,0.13012681901454926,0,-0.99149733781814575,2.8486499786376953,3.1994729042053223,-7.944551944732666">
        </Bone>
      </Part>
    </Brick>
    <Brick refID="45" designID="3641">
      <Part refID="51" designID="3641" materials="26">
        <Bone refID="51" transformation="1,0,0,0,1,0,0,0,1,2.400001049041748,0.73942416906356812,-8.5100002288818359">
        </Bone>
      </Part>
    </Brick>
    <Brick refID="46" designID="4624">
      <Part refID="52" designID="4624" materials="1">
        <Bone refID="52" transformation="1,0,0,0,1,0,0,0,1,2.4000015258789062,0.73942416906356812,-8.5100002288818359">
        </Bone>
      </Part>
    </Brick>
    <Brick refID="47" designID="30165">
      <Part refID="53" designID="30165" materials="1">
        <Bone refID="53" transformation="-0.13012836873531342,0,0.99149715900421143,0,0.99999994039535522,0,-0.99149715900421143,0,-0.13012836873531342,2.0554521083831787,3.1994740962982178,-8.0486545562744141">
        </Bone>
      </Part>
    </Brick>
    <Brick refID="48" designID="4006">
      <Part refID="54" designID="4006" materials="21">
        <Bone refID="54" transformation="0,-1,0,-0.39222034811973572,0,-0.91987133026123047,0.91987133026123047,0,-0.39222034811973572,2.4418215751647949,2.4994480609893799,-7.5019216537475586">
        </Bone>
      </Part>
    </Brick>
    <Brick refID="49" designID="55299">
      <Part refID="55" designID="55299" materials="21">
        <Bone refID="55" transformation="0.91987150907516479,0,-0.39222002029418945,0.39222002029418945,0,0.91987150907516479,0,-1.0000001192092896,0,2.658475399017334,2.499448299407959,-6.9938068389892578">
        </Bone>
      </Part>
    </Brick>
    <Brick refID="50" designID="3641">
      <Part refID="56" designID="3641" materials="26">
        <Bone refID="56" transformation="-1,0,0,0,1,0,0,0,-1,2.4000000953674316,0.73942404985427856,-6.6899986267089844">
        </Bone>
      </Part>
    </Brick>
    <Brick refID="51" designID="4624">
      <Part refID="57" designID="4624" materials="1">
        <Bone refID="57" transformation="-1,0,0,0,1,0,0,0,-1,2.400001049041748,0.73942404985427856,-6.6899995803833008">
        </Bone>
      </Part>
    </Brick>
    <Brick refID="52" designID="55300">
      <Part refID="58" designID="55300" materials="23">
        <Bone refID="58" transformation="0.99149739742279053,0,0.13012650609016418,0,1,0,-0.13012650609016418,0,0.99149739742279053,2.3479487895965576,4.1594715118408203,-7.2034029960632324">
        </Bone>
      </Part>
    </Brick>
    <Brick refID="53" designID="58176">
      <Part refID="59" designID="58176" materials="43">
        <Bone refID="59" transformation="-0.13012824952602386,0,0.99149715900421143,0,1,0,-0.99149715900421143,0,-0.13012824952602386,2.452052116394043,4.5594735145568848,-7.9966006278991699">
        </Bone>
      </Part>
    </Brick>
    <Brick refID="54" designID="74340">
      <Part refID="60" designID="3680" materials="1">
        <Bone refID="60" transformation="0,0,-1,0,1,0,1,0,0,2.8000001907348633,1.5994243621826172,3.2000007629394531">
        </Bone>
      </Part>
      <Part refID="61" designID="3679" materials="1">
        <Bone refID="61" transformation="-0.53195065259933472,0,-0.8467753529548645,0,1,0,0.8467753529548645,0,-0.53195065259933472,2.9514918327331543,1.9194461107254028,2.9259312152862549">
        </Bone>
      </Part>
    </Brick>
    <Brick refID="55" designID="3022">
      <Part refID="62" designID="3022" materials="1">
        <Bone refID="62" transformation="0,0,-1,0,1,0,1,0,0,2.8000004291534424,1.2794243097305298,3.200000524520874">
        </Bone>
      </Part>
    </Brick>
    <Brick refID="56" designID="3022">
      <Part refID="63" designID="3022" materials="1">
        <Bone refID="63" transformation="0,0,-1,0,1,0,1,0,0,2.7999999523162842,0.95942437648773193,3.200000524520874">
        </Bone>
      </Part>
    </Brick>
    <Brick refID="57" designID="4600">
      <Part refID="64" designID="4600" materials="1">
        <Bone refID="64" transformation="0,0,1,0,0.99999994039535522,0,-1,0,0,1.9999988079071045,0.63942432403564453,2.399998664855957">
        </Bone>
      </Part>
    </Brick>
    <Brick refID="58" designID="3700">
      <Part refID="65" designID="3700" materials="23">
        <Bone refID="65" transformation="0.53195077180862427,0,0.84677529335021973,0,1,0,-0.84677529335021973,0,0.53195077180862427,1.8485093116760254,1.9194456338882446,2.6740705966949463">
        </Bone>
      </Part>
    </Brick>
    <Brick refID="59" designID="4274">
      <Part refID="66" designID="4274" materials="23">
        <Bone refID="66" transformation="-0.53195065259933472,0,-0.8467753529548645,0,1,0,0.8467753529548645,0,-0.53195065259933472,2.3999998569488525,2.4994456768035889,2.8000001907348633">
        </Bone>
      </Part>
    </Brick>
    <Brick refID="60" designID="3700">
      <Part refID="67" designID="3700" materials="23">
        <Bone refID="67" transformation="0.53195077180862427,0,0.84677529335021973,0,1,0,-0.84677529335021973,0,0.53195077180862427,2.5259299278259277,1.9194456338882446,2.2485105991363525">
        </Bone>
      </Part>
    </Brick>
    <Brick refID="61" designID="4274">
      <Part refID="68" designID="4274" materials="23">
        <Bone refID="68" transformation="0.53195089101791382,0,0.84677523374557495,0,1,0,-0.84677523374557495,0,0.53195089101791382,2.3999996185302734,2.4994456768035889,2.8000004291534424">
        </Bone>
      </Part>
    </Brick>
    <Brick refID="62" designID="74340">
      <Part refID="69" designID="3680" materials="23">
        <Bone refID="69" transformation="0.8467753529548645,0,-0.53195065259933472,0,1,0,0.53195065259933472,0,0.8467753529548645,2.2740697860717773,2.8794455528259277,3.3514909744262695">
        </Bone>
      </Part>
      <Part refID="70" designID="3679" materials="1">
        <Bone refID="70" transformation="-0.99686354398727417,0,-0.079139508306980133,0,1,0,0.079139508306980133,0,-0.99686354398727417,2.8303976058959961,3.1994707584381104,2.4329068660736084">
        </Bone>
      </Part>
    </Brick>
    <Brick refID="63" designID="3641">
      <Part refID="71" designID="3641" materials="26">
        <Bone refID="71" transformation="-1,0,0,0,1,0,0,0,-1,2.3999996185302734,0.73942416906356812,3.7099990844726562">
        </Bone>
      </Part>
    </Brick>
    <Brick refID="64" designID="4624">
      <Part refID="72" designID="4624" materials="1">
        <Bone refID="72" transformation="-1,0,0,0,1,0,0,0,-1,2.4000000953674316,0.73942416906356812,3.7099988460540771">
        </Bone>
      </Part>
    </Brick>
    <Brick refID="65" designID="30165">
      <Part refID="73" designID="30165" materials="1">
        <Bone refID="73" transformation="0.079139195382595062,0,-0.99686354398727417,0,1,0,0.99686354398727417,0,0.079139195382595062,2.7670857906341553,3.1994662284851074,3.2303974628448486">
        </Bone>
      </Part>
    </Brick>
    <Brick refID="66" designID="48729">
      <Part refID="74" designID="48729" materials="21">
        <Bone refID="74" transformation="-0.53195059299468994,0,-0.84677541255950928,-0.84677541255950928,0,0.53195053339004517,0,0.99999994039535522,0,1.9943939447402954,2.4994456768035889,3.054804801940918">
        </Bone>
      </Part>
    </Brick>
    <Brick refID="67" designID="58367">
      <Part refID="75" designID="58367" materials="21">
        <Bone refID="75" transformation="-0.82946282625198364,0,0.55856192111968994,0,0.99999994039535522,0,-0.55856192111968994,0,-0.82946282625198364,0.9748760461807251,2.179445743560791,3.6952733993530273">
        </Bone>
      </Part>
    </Brick>
    <Brick refID="68" designID="58176">
      <Part refID="76" designID="58176" materials="21">
        <Bone refID="76" transformation="0.84677571058273315,0,-0.53195011615753174,0,1,0,0.53195011615753174,0,0.84677571058273315,3.6354455947875977,3.6094458103179932,2.0238857269287109">
        </Bone>
      </Part>
    </Brick>
    <Brick refID="69" designID="4349">
      <Part refID="77" designID="4349" materials="21">
        <Bone refID="77" transformation="0.84677565097808838,0,-0.53195017576217651,0,1,0,0.53195017576217651,0,0.84677565097808838,3.6354460716247559,2.499445915222168,2.0238847732543945">
        </Bone>
      </Part>
    </Brick>
    <Brick refID="70" designID="3641">
      <Part refID="78" designID="3641" materials="26">
        <Bone refID="78" transformation="1,0,0,0,1,0,0,0,1,2.4000005722045898,0.73942404985427856,1.8899983167648315">
        </Bone>
      </Part>
    </Brick>
    <Brick refID="71" designID="4624">
      <Part refID="79" designID="4624" materials="1">
        <Bone refID="79" transformation="1,0,0,0,1,0,0,0,1,2.3999996185302734,0.73942404985427856,1.8899992704391479">
        </Bone>
      </Part>
    </Brick>
    <Brick refID="72" designID="55300">
      <Part refID="80" designID="55300" materials="23">
        <Bone refID="80" transformation="-0.99686336517333984,0,-0.079141885042190552,0,1,0,0.079141885042190552,0,-0.99686336517333984,2.3683443069458008,4.1594676971435547,3.1987481117248535">
        </Bone>
      </Part>
    </Brick>
    <Brick refID="73" designID="58176">
      <Part refID="81" designID="58176" materials="43">
        <Bone refID="81" transformation="0.99686348438262939,0,0.079140342772006989,0,1,0,-0.079140342772006989,0,0.99686348438262939,2.4316558837890625,4.5594725608825684,2.4012587070465088">
        </Bone>
      </Part>
    </Brick>
    <Brick refID="74" designID="74340">
      <Part refID="82" designID="3680" materials="1">
        <Bone refID="82" transformation="0,0,1,0,0.99999994039535522,0,-1,0,0,8.0000009536743164,1.5994312763214111,-9.8900022506713867">
        </Bone>
      </Part>
      <Part refID="83" designID="3679" materials="1">
        <Bone refID="83" transformation="0,0,1,0,0.99999994039535522,0,-1,0,0,8.0000009536743164,1.9194310903549194,-9.8900022506713867">
        </Bone>
      </Part>
    </Brick>
    <Brick refID="75" designID="3022">
      <Part refID="84" designID="3022" materials="1">
        <Bone refID="84" transformation="0,0,1,0,0.99999994039535522,0,-1,0,0,8.0000009536743164,1.279430627822876,-9.8900022506713867">
        </Bone>
      </Part>
    </Brick>
    <Brick refID="76" designID="3022">
      <Part refID="85" designID="3022" materials="1">
        <Bone refID="85" transformation="0,0,1,0,0.99999994039535522,0,-1,0,0,8.0000009536743164,0.959430992603302,-9.8900022506713867">
        </Bone>
      </Part>
    </Brick>
    <Brick refID="77" designID="4600">
      <Part refID="86" designID="4600" materials="1">
        <Bone refID="86" transformation="0,0,-1,0,0.99999994039535522,0,1,0,0,8.8000011444091797,0.63943076133728027,-9.090001106262207">
        </Bone>
      </Part>
    </Brick>
    <Brick refID="78" designID="3700">
      <Part refID="87" designID="3700" materials="23">
        <Bone refID="87" transformation="0,0,-1,0,1,0,1,0,0,8.8000011444091797,1.9194310903549194,-9.090001106262207">
        </Bone>
      </Part>
    </Brick>
    <Brick refID="79" designID="4274">
      <Part refID="88" designID="4274" materials="23">
        <Bone refID="88" transformation="0,0,1,0,0.99999994039535522,0,-1,0,0,8.4000005722045898,2.4994311332702637,-9.4900007247924805">
        </Bone>
      </Part>
    </Brick>
    <Brick refID="80" designID="3700">
      <Part refID="89" designID="3700" materials="23">
        <Bone refID="89" transformation="0,0,-1,0,1,0,1,0,0,8.0000009536743164,1.9194310903549194,-9.090001106262207">
        </Bone>
      </Part>
    </Brick>
    <Brick refID="81" designID="4274">
      <Part refID="90" designID="4274" materials="23">
        <Bone refID="90" transformation="0,0,-1,0,0.99999994039535522,0,1,0,0,8.4000005722045898,2.4994311332702637,-9.4900007247924805">
        </Bone>
      </Part>
    </Brick>
    <Brick refID="82" designID="74340">
      <Part refID="91" designID="3680" materials="23">
        <Bone refID="91" transformation="1,0,0,0,1,0,0,0,1,8.0000009536743164,2.8794310092926025,-9.0900020599365234">
        </Bone>
      </Part>
      <Part refID="92" designID="3679" materials="1">
        <Bone refID="92" transformation="1,0,0,0,1,0,0,0,1,8.0000009536743164,3.1994309425354004,-9.0900020599365234">
        </Bone>
      </Part>
    </Brick>
    <Brick refID="83" designID="3641">
      <Part refID="93" designID="3641" materials="26">
        <Bone refID="93" transformation="1,0,0,0,1,0,0,0,1,8.399998664855957,0.73943161964416504,-10.40000057220459">
        </Bone>
      </Part>
    </Brick>
    <Brick refID="84" designID="4624">
      <Part refID="94" designID="4624" materials="1">
        <Bone refID="94" transformation="1,0,0,0,1,0,0,0,1,8.399998664855957,0.73943161964416504,-10.40000057220459">
        </Bone>
      </Part>
    </Brick>
    <Brick refID="85" designID="30165">
      <Part refID="95" designID="30165" materials="1">
        <Bone refID="95" transformation="0,0,1,0,0.99999994039535522,0,-1,0,0,8.0000009536743164,3.1994309425354004,-9.8900022506713867">
        </Bone>
      </Part>
    </Brick>
    <Brick refID="86" designID="6126">
      <Part refID="96" designID="6126" materials="21">
        <Bone refID="96" transformation="0,-1,0,1,0,0,0,0,0.99999994039535522,9.1339559555053711,2.4994311332702637,-9.4900007247924805">
        </Bone>
      </Part>
    </Brick>
    <Brick refID="87" designID="71128">
      <Part refID="97" designID="71128" materials="21">
        <Bone refID="97" transformation="0,0,1,1,0,0,0,1,0,9.2000007629394531,2.4994311332702637,-9.4900007247924805">
        </Bone>
      </Part>
    </Brick>
    <Brick refID="88" designID="48729">
      <Part refID="98" designID="48729" materials="21">
        <Bone refID="98" transformation="0,0,-1.0000002384185791,-1.0000002384185791,0,0,0,1.0000002384185791,0,7.8410005569458008,2.4994311332702637,-9.4900007247924805">
        </Bone>
      </Part>
    </Brick>
    <Brick refID="89" designID="3641">
      <Part refID="99" designID="3641" materials="26">
        <Bone refID="99" transformation="-1,0,0,0,1,0,0,0,-1,8.399998664855957,0.73943161964416504,-8.5800008773803711">
        </Bone>
      </Part>
    </Brick>
    <Brick refID="90" designID="4624">
      <Part refID="100" designID="4624" materials="1">
        <Bone refID="100" transformation="-1,0,0,0,1,0,0,0,-1,8.399998664855957,0.73943161964416504,-8.5800018310546875">
        </Bone>
      </Part>
    </Brick>
    <Brick refID="91" designID="55300">
      <Part refID="101" designID="55300" materials="23">
        <Bone refID="101" transformation="1,0,0,0,1,0,0,0,1,8.4000005722045898,4.159430980682373,-9.0900020599365234">
        </Bone>
      </Part>
    </Brick>
    <Brick refID="92" designID="58176">
      <Part refID="102" designID="58176" materials="43">
        <Bone refID="102" transformation="1,0,0,0,1,0,0,0,1,8.4000005722045898,4.5594310760498047,-9.8900022506713867">
        </Bone>
      </Part>
    </Brick>
    <Brick refID="93" designID="74340">
      <Part refID="103" designID="3680" materials="1">
        <Bone refID="103" transformation="0,0,1,0,0.99999994039535522,0,-1,0,0,8.0000009536743164,1.5994236469268799,4.5099968910217285">
        </Bone>
      </Part>
      <Part refID="104" designID="3679" materials="1">
        <Bone refID="104" transformation="0,0,1,0,0.99999994039535522,0,-1,0,0,8.0000009536743164,1.9194234609603882,4.5099964141845703">
        </Bone>
      </Part>
    </Brick>
    <Brick refID="94" designID="3022">
      <Part refID="105" designID="3022" materials="1">
        <Bone refID="105" transformation="0,0,1,0,0.99999994039535522,0,-1,0,0,8.0000009536743164,1.2794231176376343,4.5099968910217285">
        </Bone>
      </Part>
    </Brick>
    <Brick refID="95" designID="3022">
      <Part refID="106" designID="3022" materials="1">
        <Bone refID="106" transformation="0,0,1,0,0.99999994039535522,0,-1,0,0,8.0000009536743164,0.95942342281341553,4.5099968910217285">
        </Bone>
      </Part>
    </Brick>
    <Brick refID="96" designID="4600">
      <Part refID="107" designID="4600" materials="1">
        <Bone refID="107" transformation="0,0,-1,0,0.99999994039535522,0,1,0,0,8.8000011444091797,0.63942325115203857,5.3099980354309082">
        </Bone>
      </Part>
    </Brick>
    <Brick refID="97" designID="3700">
      <Part refID="108" designID="3700" materials="23">
        <Bone refID="108" transformation="0,0,-1,0,1,0,1,0,0,8.0000009536743164,1.9194234609603882,5.30999755859375">
        </Bone>
      </Part>
    </Brick>
    <Brick refID="98" designID="74340">
      <Part refID="109" designID="3680" materials="23">
        <Bone refID="109" transformation="0,0,1,0,0.99999994039535522,0,-1,0,0,8.0000009536743164,2.8794233798980713,4.5099968910217285">
        </Bone>
      </Part>
      <Part refID="110" designID="3679" materials="1">
        <Bone refID="110" transformation="0,0,1,0,0.99999994039535522,0,-1,0,0,8.0000009536743164,3.1994233131408691,4.5099964141845703">
        </Bone>
      </Part>
    </Brick>
    <Brick refID="99" designID="4274">
      <Part refID="111" designID="4274" materials="23">
        <Bone refID="111" transformation="0,0,-1,0,0.99999994039535522,0,1,0,0,8.4000015258789063,2.4994235038757324,4.9099979400634766">
        </Bone>
      </Part>
    </Brick>
    <Brick refID="100" designID="3700">
      <Part refID="112" designID="3700" materials="23">
        <Bone refID="112" transformation="0,0,-1,0,1,0,1,0,0,8.8000011444091797,1.9194234609603882,5.30999755859375">
        </Bone>
      </Part>
    </Brick>
    <Brick refID="101" designID="4274">
      <Part refID="113" designID="4274" materials="23">
        <Bone refID="113" transformation="0,0,1,0,0.99999994039535522,0,-1,0,0,8.4000015258789063,2.4994235038757324,4.9099984169006348">
        </Bone>
      </Part>
    </Brick>
    <Brick refID="102" designID="3641">
      <Part refID="114" designID="3641" materials="26">
        <Bone refID="114" transformation="1,0,0,0,1,0,0,0,1,8.3999996185302734,0.73942399024963379,3.9999985694885254">
        </Bone>
      </Part>
    </Brick>
    <Brick refID="103" designID="4624">
      <Part refID="115" designID="4624" materials="1">
        <Bone refID="115" transformation="1,0,0,0,1,0,0,0,1,8.3999996185302734,0.73942399024963379,3.9999985694885254">
        </Bone>
      </Part>
    </Brick>
    <Brick refID="104" designID="30165">
      <Part refID="116" designID="30165" materials="1">
        <Bone refID="116" transformation="0,0,1,0,0.99999994039535522,0,-1,0,0,8.0000019073486328,3.1994233131408691,4.5099968910217285">
        </Bone>
      </Part>
    </Brick>
    <Brick refID="105" designID="30374">
      <Part refID="117" designID="30374" materials="21">
        <Bone refID="117" transformation="0,0,-1,0,0.99999994039535522,0,1,0,0,10.019001007080078,2.4994235038757324,4.9099984169006348">
        </Bone>
      </Part>
    </Brick>
    <Brick refID="106" designID="30367">
      <Part refID="118" designID="30367" materials="21">
        <Bone refID="118" transformation="0,0,-1,-1,0,0,0,1,0,7.2190003395080566,2.8994235992431641,5.3099980354309082">
        </Bone>
      </Part>
    </Brick>
    <Brick refID="107" designID="4588">
      <Part refID="119" designID="4588" materials="21">
        <Bone refID="119" transformation="0,0,-1.0000002384185791,-1.0000002384185791,0,0,0,1.0000002384185791,0,10.896387100219727,2.4994235038757324,4.9099984169006348">
        </Bone>
      </Part>
    </Brick>
    <Brick refID="108" designID="3641">
      <Part refID="120" designID="3641" materials="26">
        <Bone refID="120" transformation="-1,0,0,0,1,0,0,0,-1,8.3999996185302734,0.73942399024963379,5.8199982643127441">
        </Bone>
      </Part>
    </Brick>
    <Brick refID="109" designID="4624">
      <Part refID="121" designID="4624" materials="1">
        <Bone refID="121" transformation="-1,0,0,0,1,0,0,0,-1,8.3999996185302734,0.73942399024963379,5.8199968338012695">
        </Bone>
      </Part>
    </Brick>
    <Brick refID="110" designID="55300">
      <Part refID="122" designID="55300" materials="23">
        <Bone refID="122" transformation="1,0,0,0,1,0,0,0,1,8.4000015258789063,4.1594233512878418,5.3099961280822754">
        </Bone>
      </Part>
    </Brick>
    <Brick refID="111" designID="58176">
      <Part refID="123" designID="58176" materials="43">
        <Bone refID="123" transformation="1,0,0,0,1,0,0,0,1,8.4000024795532227,4.5594234466552734,4.5099968910217285">
        </Bone>
      </Part>
    </Brick>
    <Brick refID="112" designID="74340">
      <Part refID="124" designID="3680" materials="1">
        <Bone refID="124" transformation="0,0,-1,0,1,0,1,0,0,-3.999997615814209,1.5994241237640381,-4.399998664855957">
        </Bone>
      </Part>
      <Part refID="125" designID="3679" materials="1">
        <Bone refID="125" transformation="-0.89310967922210693,0,-0.44983899593353271,0,1,0,0.44983899593353271,0,-0.89310967922210693,-3.8628182411193848,1.919447660446167,-4.9773044586181641">
        </Bone>
      </Part>
    </Brick>
    <Brick refID="113" designID="3022">
      <Part refID="126" designID="3022" materials="1">
        <Bone refID="126" transformation="0,0,-1,0,1,0,1,0,0,-3.999997615814209,1.2794239521026611,-4.3999991416931152">
        </Bone>
      </Part>
    </Brick>
    <Brick refID="114" designID="3022">
      <Part refID="127" designID="3022" materials="1">
        <Bone refID="127" transformation="0,0,-1,0,1,0,1,0,0,-3.9999985694885254,0.95942425727844238,-4.3999981880187988">
        </Bone>
      </Part>
    </Brick>
    <Brick refID="115" designID="4600">
      <Part refID="128" designID="4600" materials="1">
        <Bone refID="128" transformation="0,0,1,0,0.99999994039535522,0,-1,0,0,-4.7999997138977051,0.63942408561706543,-5.2000002861022949">
        </Bone>
      </Part>
    </Brick>
    <Brick refID="116" designID="3700">
      <Part refID="129" designID="3700" materials="23">
        <Bone refID="129" transformation="0.89310997724533081,0,0.44983837008476257,0,1,0,-0.44983837008476257,0,0.89310997724533081,-4.9371781349182129,1.9194473028182983,-4.6226882934570313">
        </Bone>
      </Part>
    </Brick>
    <Brick refID="117" designID="4274">
      <Part refID="130" designID="4274" materials="23">
        <Bone refID="130" transformation="-0.89310979843139648,0,-0.449838787317276,0,1,0,0.449838787317276,0,-0.89310979843139648,-4.3999996185302734,2.4994473457336426,-4.7999963760375977">
        </Bone>
      </Part>
    </Brick>
    <Brick refID="118" designID="2555">
      <Part refID="131" designID="2555" materials="21">
        <Bone refID="131" transformation="0,-1.0000001192092896,0,-0.44983938336372375,0,0.89310961961746216,-0.89310956001281738,0,-0.44983929395675659,-4.7598700523376465,2.4994471073150635,-4.085507869720459">
        </Bone>
      </Part>
    </Brick>
    <Brick refID="119" designID="3700">
      <Part refID="132" designID="3700" materials="23">
        <Bone refID="132" transformation="0.89310997724533081,0,0.44983837008476257,0,1,0,-0.44983837008476257,0,0.89310997724533081,-4.5773067474365234,1.9194474220275879,-5.3371767997741699">
        </Bone>
      </Part>
    </Brick>
    <Brick refID="120" designID="4274">
      <Part refID="133" designID="4274" materials="23">
        <Bone refID="133" transformation="0.89311009645462036,0,0.44983813166618347,0,1,0,-0.44983813166618347,0,0.89311009645462036,-4.3999991416931152,2.4994473457336426,-4.7999963760375977">
        </Bone>
      </Part>
    </Brick>
    <Brick refID="121" designID="74340">
      <Part refID="134" designID="3680" materials="23">
        <Bone refID="134" transformation="0.89310997724533081,0,0.44983837008476257,0,1,0,-0.44983837008476257,0,0.89310997724533081,-4.9371776580810547,2.8794472217559814,-4.6226892471313477">
        </Bone>
      </Part>
      <Part refID="135" designID="3679" materials="1">
        <Bone refID="135" transformation="-0.99581152200698853,0,-0.09142979234457016,0,0.99999994039535522,0,0.09142979234457016,0,-0.99581152200698853,-3.9651012420654297,3.1994714736938477,-5.1617498397827148">
        </Bone>
      </Part>
    </Brick>
    <Brick refID="122" designID="3641">
      <Part refID="136" designID="3641" materials="26">
        <Bone refID="136" transformation="1,0,0,0,1,0,0,0,1,-4.3999981880187988,0.73942422866821289,-5.7100000381469727">
        </Bone>
      </Part>
    </Brick>
    <Brick refID="123" designID="4624">
      <Part refID="137" designID="4624" materials="1">
        <Bone refID="137" transformation="1,0,0,0,1,0,0,0,1,-4.3999996185302734,0.73942410945892334,-5.7100005149841309">
        </Bone>
      </Part>
    </Brick>
    <Brick refID="124" designID="30165">
      <Part refID="138" designID="30165" materials="1">
        <Bone refID="138" transformation="0.091431394219398499,0,-0.99581152200698853,0,1,0,0.99581152200698853,0,0.091431394219398499,-4.0382471084594727,3.1994712352752686,-4.3651008605957031">
        </Bone>
      </Part>
    </Brick>
    <Brick refID="125" designID="59232">
      <Part refID="139" designID="59232" materials="21">
        <Bone refID="139" transformation="0,-0.99999988079071045,0,0.44983816146850586,0,-0.89310991764068604,0.89310991764068604,0,0.44983813166618347,-4.175529956817627,2.4994473457336426,-5.2456579208374023">
        </Bone>
      </Part>
    </Brick>
    <Brick refID="126" designID="61856">
      <Part refID="140" designID="61856" materials="21">
