<?xml version="1.0" encoding="UTF-8" standalone="no" ?>
<LXFML versionMajor="5" versionMinor="0">
  <Meta>
    <Application name="LEGO Universe" versionMajor="0" versionMinor="0"/>
    <Brand name="LEGOUniverse"/>
    <BrickSet version="61"/>
  </Meta>
  <Bricks>
    <Brick refID="0" designID="73200">
      <Part refID="0" designID="3816" materials="1">
        <Bone refID="0" transformation="0,0,-1,-1,0,0,0,1,0,1.2000000476837158,1.3109375238418579,0.39999985694885254">
        </Bone>
      </Part>
      <Part refID="1" designID="3817" materials="1">
        <Bone refID="1" transformation="0.00021386146545410156,-7.5757503509521484E-005,-1,-0.99999994039535522,-0.00055465102195739746,-0.00021368265151977539,-0.00055474042892456055,0.99999994039535522,-7.5757503509521484E-005,1.2005457878112793,1.3116235733032227,-0.40045583248138428">
        </Bone>
      </Part>
      <Part refID="2" designID="3815" materials="140">
        <Bone refID="2" transformation="-4.2605213820934296E-005,0,-1,-0.20814746618270874,0.97809749841690063,0,0.97809743881225586,0.20814746618270874,-4.2172148823738098E-005,-0.018493056297302246,1.7756532430648804,0.39995217323303223">
        </Bone>
      </Part>
    </Brick>
    <Brick refID="1" designID="48336">
      <Part refID="3" designID="48336" materials="131">
        <Bone refID="3" transformation="-0.00021062132145743817,0.00010788190411403775,1,-0.0014085392467677593,0.99999898672103882,-0.00010817841393873096,-0.99999904632568359,-0.0014085620641708374,-0.00021046915207989514,0.00092518329620361328,0.64098834991455078,-0.40001583099365234">
        </Bone>
      </Part>
    </Brick>
    <Brick refID="2" designID="4871">
      <Part refID="4" designID="4871" materials="131">
        <Bone refID="4" transformation="1.0000001192092896,0,0,0,1.0000001192092896,0,0,0,1,0.0012074708938598633,0.32107490301132202,0.40001845359802246">
        </Bone>
      </Part>
    </Brick>
    <Brick refID="3" designID="32028">
      <Part refID="5" designID="32028" materials="131">
        <Bone refID="5" transformation="0,0,-1,0,1.0000001192092896,0,1.0000001192092896,0,0,0.80000019073486328,0.64093786478042603,0.39999961853027344">
        </Bone>
      </Part>
    </Brick>
    <Brick refID="4" designID="50746">
      <Part refID="6" designID="50746" materials="194">
        <Bone refID="6" transformation="-0.99999904632568359,-0.0014085625298321247,0,-0.0014085626462474465,0.99999934434890747,-0.00010817845759447664,0,-0.00010817858128575608,-1,-0.00031340122222900391,1.2811603546142578,1.1999149322509766">
        </Bone>
      </Part>
    </Brick>
    <Brick refID="5" designID="50746">
      <Part refID="7" designID="50746" materials="194">
        <Bone refID="7" transformation="1.0000001192092896,0,0,0,1.0000001192092896,0,0,0,1,0.00019216537475585938,1.2809014320373535,-1.2000855207443237">
        </Bone>
      </Part>
    </Brick>
    <Brick refID="6" designID="50746">
      <Part refID="8" designID="50746" materials="194">
        <Bone refID="8" transformation="-0.99999904632568359,-0.0014085622970014811,0,-0.0014085624134168029,0.99999910593032837,-0.00010817844304256141,0,-0.00010817857400979847,-1,0.79968607425689697,1.2822872400283813,1.2000830173492432">
        </Bone>
      </Part>
    </Brick>
    <Brick refID="7" designID="50746">
      <Part refID="9" designID="50746" materials="194">
        <Bone refID="9" transformation="1.0000001192092896,0,0,0,1.0000001192092896,0,0,0,1,0.80019181966781616,1.2820281982421875,-1.1999168395996094">
        </Bone>
      </Part>
    </Brick>
    <Brick refID="8" designID="74340">
      <Part refID="10" designID="3679" materials="23">
        <Bone refID="10" transformation="1.0000001192092896,0,0,0,1.0000001192092896,0,0,0,1,0.0012074708938598633,0.32107481360435486,0.40001821517944336">
        </Bone>
      </Part>
      <Part refID="11" designID="3680" materials="194">
        <Bone refID="11" transformation="-0.69450628757476807,-0.0010560732334852219,-0.71948587894439697,-0.0014085392467677593,0.99999910593032837,-0.00010817844304256141,0.71948528289794922,0.00093829340767115355,-0.69450706243515015,0.96733880043029785,0.0023932456970214844,0.01012873649597168">
        </Bone>
      </Part>
    </Brick>
    <Brick refID="9" designID="76382">
      <Part refID="12" designID="3814" materials="1,0,0">
        <Bone refID="12" transformation="-4.2605213820934296E-005,0,-1,-0.20814746618270874,0.97809749841690063,0,0.97809743881225586,0.20814746618270874,-4.2172148823738098E-005,-0.037226319313049316,1.8636821508407593,0.39995169639587402">
        </Bone>
      </Part>
      <Part refID="13" designID="3818" materials="1">
        <Bone refID="13" transformation="0.037889949977397919,-0.17824634909629822,-0.98325616121292114,0.62578332424163818,0.77136522531509399,-0.1157197505235672,0.77907615900039673,-0.61092072725296021,0.14077059924602509,-0.22663092613220215,2.7537515163421631,0.61995720863342285">
        </Bone>
      </Part>
      <Part refID="14" designID="3819" materials="1">
        <Bone refID="14" transformation="-0.037973895668983459,0.17824165523052216,-0.98325377702713013,0.61266833543777466,0.78148114681243896,0.11800318956375122,0.78942734003067017,-0.59792739152908325,-0.13887888193130493,-0.2266840934753418,2.7537484169006348,-0.62004244327545166">
        </Bone>
      </Part>
      <Part refID="15" designID="3820" materials="140">
        <Bone refID="15" transformation="0.043349340558052063,-0.17150819301605225,-0.98422855138778687,0.62542879581451416,0.77289122343063354,-0.10713490843772888,0.77907615900039673,-0.61092066764831543,0.14077048003673553,0.1204906702041626,2.1559000015258789,0.95529055595397949">
        </Bone>
      </Part>
      <Part refID="16" designID="3820" materials="140">
        <Bone refID="16" transformation="-0.043318867683410645,0.17141522467136383,-0.98424607515335083,0.61231374740600586,0.78300696611404419,0.10941825807094574,0.78942734003067017,-0.59792745113372803,-0.13887882232666016,0.13128399848937988,2.162017822265625,-0.95470714569091797">
        </Bone>
      </Part>
    </Brick>
    <Brick refID="10" designID="47577">
      <Part refID="17" designID="47577" materials="135">
        <Bone refID="17" transformation="4.2703006329247728E-005,0,1.0000001192092896,-0.20814749598503113,0.97809773683547974,0,-0.97809755802154541,-0.20814749598503113,4.2267143726348877E-005,-0.303672194480896,3.1156458854675293,-3.9815902709960938E-005">
        </Bone>
      </Part>
    </Brick>
    <Brick refID="11" designID="2412">
      <Part refID="18" designID="2412" materials="26">
        <Bone refID="18" transformation="0.00020992755889892578,-0.0001061558723449707,-1,0.96396321058273315,0.26603582501411438,0.00017410516738891602,0.2660357654094696,-0.96396321058273315,0.00015819072723388672,-1.366929292678833,3.2210907936096191,0.39942264556884766">
        </Bone>
      </Part>
    </Brick>
    <Brick refID="12" designID="48336">
      <Part refID="19" designID="48336" materials="131">
        <Bone refID="19" transformation="0.00020983818103559315,-0.00010597706568660215,-1,0.96396315097808838,0.26603582501411438,0.00017410516738891602,0.26603573560714722,-0.96396321058273315,0.00015795232320670038,-1.6753976345062256,3.1359596252441406,0.39936685562133789">
        </Bone>
      </Part>
    </Brick>
    <Brick refID="13" designID="30377">
      <Part refID="20" designID="30377" materials="131">
        <Bone refID="20" transformation="0.2649458646774292,-0.96426326036453247,0.00015884361346252263,0.96426326036453247,0.26494589447975159,0.0001758132129907608,-0.00021161517361178994,0.00010658608516678214,1,-1.2234194278717041,2.4307224750518799,-0.015467166900634766">
        </Bone>
      </Part>
    </Brick>
    <Brick refID="14" designID="30377">
      <Part refID="21" designID="30377" materials="131">
        <Bone refID="21" transformation="0.26494574546813965,-0.96426331996917725,0.00015884364256635308,0.96426331996917725,0.26494577527046204,0.00017581325664650649,-0.00021161523181945086,0.00010658612882252783,1,-1.223334789276123,2.4306790828704834,-0.41546356678009033">
        </Bone>
      </Part>
    </Brick>
    <Brick refID="15" designID="3626">
      <Part refID="22" designID="3626" materials="24,0,0,0" decoration="55125">
        <Bone refID="22" transformation="-4.2605213820934296E-005,0,-1,-0.20814746618270874,0.97809749841690063,0,0.97809743881225586,0.20814746618270874,-4.2172148823738098E-005,-0.33489429950714111,3.2623600959777832,-3.7431716918945313E-005">
        </Bone>
      </Part>
    </Brick>
    <Brick refID="16" designID="30124">
      <Part refID="23" designID="30124" materials="140,0">
        <Bone refID="23" transformation="-4.2605213820934296E-005,0,-1,-0.20814746618270874,0.97809749841690063,0,0.97809743881225586,0.20814746618270874,-4.2172148823738098E-005,-0.50797665119171143,4.0756850242614746,-3.2186508178710938E-005">
        </Bone>
      </Part>
    </Brick>
    <Brick refID="17" designID="2447">
      <Part refID="24" designID="2447" materials="40">
        <Bone refID="24" transformation="-4.2855739593505859E-005,0,-1.0000001192092896,-0.99454718828201294,0.10428842902183533,4.2438507080078125E-005,0.10428836941719055,0.99454718828201294,0,-0.49556457996368408,3.8803493976593018,-3.2186508178710938E-005">
        </Bone>
      </Part>
    </Brick>
    <Brick refID="18" designID="30377">
      <Part refID="25" designID="30377" materials="131">
        <Bone refID="25" transformation="0.26494574546813965,-0.96426331996917725,0.00015884364256635308,0.96426331996917725,0.26494577527046204,0.00017581325664650649,-0.00021161523181945086,0.00010658612882252783,1,-1.2235090732574463,2.4307670593261719,0.41453671455383301">
        </Bone>
      </Part>
    </Brick>
  </Bricks>
  <RigidSystems>
    <RigidSystem>
      <Rigid refID="0" transformation="0,0,-1,-1,0,0,0,1,0,0,0.66999971866607666,2.7999999523162842" boneRefs="0,3,4,5,6,7,8,9,10,1"/>
      <Rigid refID="1" transformation="-4.2605213820934296E-005,0,-1,-0.20814746618270874,0.97809749841690063,0,0.97809743881225586,0.20814746618270874,-4.2172148823738098E-005,-1.2184931039810181,1.1347154378890991,2.7999522686004639" boneRefs="2,12,17"/>
      <Rigid refID="2" transformation="0.00020992755889892578,-0.0001061558723449707,-1,0.96396321058273315,0.26603582501411438,0.00017410516738891602,0.2660357654094696,-0.96396321058273315,0.00015819072723388672,-2.5669293403625488,2.5801529884338379,2.7994227409362793" boneRefs="18,19"/>
      <Rigid refID="3" transformation="0.2649458646774292,-0.96426326036453247,0.00015884361346252263,0.96426326036453247,0.26494589447975159,0.0001758132129907608,-0.00021161517361178994,0.00010658608516678214,1,-2.4234194755554199,1.7897846698760986,2.3845329284667969" boneRefs="20"/>
      <Rigid refID="4" transformation="0.26494574546813965,-0.96426331996917725,0.00015884364256635308,0.96426331996917725,0.26494577527046204,0.00017581325664650649,-0.00021161523181945086,0.00010658612882252783,1,-2.4233348369598389,1.7897412776947021,1.9845365285873413" boneRefs="21"/>
      <Rigid refID="5" transformation="-0.69450628757476807,-0.0010560732334852219,-0.71948587894439697,-0.0014085392467677593,0.99999910593032837,-0.00010817844304256141,0.71948528289794922,0.00093829340767115355,-0.69450706243515015,-0.23266124725341797,-0.63854455947875977,2.4101288318634033" boneRefs="11"/>
      <Rigid refID="6" transformation="0.037889949977397919,-0.17824634909629822,-0.98325616121292114,0.62578332424163818,0.77136522531509399,-0.1157197505235672,0.77907615900039673,-0.61092072725296021,0.14077059924602509,-1.426630973815918,2.1128137111663818,3.0199573040008545" boneRefs="13"/>
      <Rigid refID="7" transformation="-0.037973895668983459,0.17824165523052216,-0.98325377702713013,0.61266833543777466,0.78148114681243896,0.11800318956375122,0.78942734003067017,-0.59792739152908325,-0.13887888193130493,-1.4266841411590576,2.1128106117248535,1.77995765209198" boneRefs="14"/>
      <Rigid refID="8" transformation="0.043349340558052063,-0.17150819301605225,-0.98422855138778687,0.62542879581451416,0.77289122343063354,-0.10713490843772888,0.77907615900039673,-0.61092066764831543,0.14077048003673553,-1.0795093774795532,1.5149620771408081,3.3552906513214111" boneRefs="15"/>
      <Rigid refID="9" transformation="-0.043318867683410645,0.17141522467136383,-0.98424607515335083,0.61231374740600586,0.78300696611404419,0.10941825807094574,0.78942734003067017,-0.59792745113372803,-0.13887882232666016,-1.0687160491943359,1.5210801362991333,1.4452929496765137" boneRefs="16"/>
      <Rigid refID="10" transformation="-4.2605213820934296E-005,0,-1,-0.20814746618270874,0.97809749841690063,0,0.97809743881225586,0.20814746618270874,-4.2172148823738098E-005,-1.5348943471908569,2.621422290802002,2.3999626636505127" boneRefs="22,23"/>
      <Rigid refID="11" transformation="-4.2855739593505859E-005,0,-1.0000001192092896,-0.99454718828201294,0.10428842902183533,4.2438507080078125E-005,0.10428836941719055,0.99454718828201294,0,-1.6955646276473999,3.2394115924835205,2.3999679088592529" boneRefs="24"/>
      <Rigid refID="12" transformation="0.26494574546813965,-0.96426331996917725,0.00015884364256635308,0.96426331996917725,0.26494577527046204,0.00017581325664650649,-0.00021161523181945086,0.00010658612882252783,1,-2.4235091209411621,1.7898293733596802,2.8145368099212646" boneRefs="25"/>
      <Joint type="hinge">
        <RigidRef rigidRef="0" a="0,0,-1.0000001192092896" z="1,0,0" t="0.39998152852058411,0.79879236221313477,-1.1998858451843262"/>
        <RigidRef rigidRef="5" a="0,-1,0" z="0,0,1" t="0.40000000596046448,0.10999999940395355,-0.40000000596046448"/>
      </Joint>
      <Joint type="hinge">
        <RigidRef rigidRef="1" a="1.0000001192092896,0,0" z="0,0,-1" t="0.22550000250339508,-0.47499999403953552,0"/>
        <RigidRef rigidRef="0" a="1.0000001192092896,0,0" z="0,0,-1" t="0.22550000250339508,1.125,0"/>
      </Joint>
      <Joint type="hinge">
        <RigidRef rigidRef="0" a="-1,0.00021053188538644463,0.00010786794882733375" z="0.00021034992823842913,0.99999898672103882,-0.0014087705640122294" t="-0.17478930950164795,1.9996285438537598,-0.42297157645225525"/>
        <RigidRef rigidRef="3" a="0,0,1" z="-0.26358741521835327,-0.96463555097579956,0" t="1.5999985933303833,0,0.59000205993652344"/>
      </Joint>
      <Joint type="hinge">
        <RigidRef rigidRef="12" a="0,0,-1.0000001192092896" z="0.28225299715995789,-0.95934009552001953,0" t="1.6000000238418579,0,-0.1600000262260437"/>
        <RigidRef rigidRef="0" a="1.0000001192092896,-0.00021162979828659445,-0.00010665690206224099" z="0.00012363988207653165,0.85027462244033813,-0.52633953094482422" t="0.14520877599716187,1.99956214427948,-0.42300909757614136"/>
      </Joint>
      <Joint type="hinge">
        <RigidRef rigidRef="0" a="-1,0.00021053188538644463,0.00010786794882733375" z="0.00021034992823842913,0.99999898672103882,-0.0014087705640122294" t="-0.17478930950164795,1.9996285438537598,-0.42297157645225525"/>
        <RigidRef rigidRef="4" a="0,0,1" z="-0.26358729600906372,-0.96463561058044434,0" t="1.5999977588653564,0,0.989998459815979"/>
      </Joint>
      <Joint type="hinge">
        <RigidRef rigidRef="6" a="-1,0,0" z="0,0,0.99999994039535522" t="0.15000000596046448,0,0"/>
        <RigidRef rigidRef="1" a="-0.98325490951538086,0.1822354793548584,0" z="0,0,1" t="-0.072511047124862671,0.97266513109207153,0"/>
      </Joint>
      <Joint type="hinge">
        <RigidRef rigidRef="7" a="1.0000001192092896,0,0" z="0,0,-1" t="-0.15000000596046448,0,0"/>
        <RigidRef rigidRef="1" a="0.98325490951538086,0.1822354793548584,0" z="0,0,1" t="0.87251293659210205,0.97266513109207153,0"/>
      </Joint>
      <Joint type="hinge">
        <RigidRef rigidRef="10" a="0,-0.99999994039535522,0" z="1,0,0" t="0,0,0"/>
        <RigidRef rigidRef="1" a="0,-0.99999994039535522,0" z="1,0,0" t="0.40000095963478088,1.5200001001358032,0"/>
      </Joint>
      <Joint type="hinge">
        <RigidRef rigidRef="3" a="0,0,1" z="0.28209969401359558,0.95938509702682495,0" t="0,0,0.15999999642372131"/>
        <RigidRef rigidRef="2" a="-1,0,0" z="0,0.95906555652618408,0.28318405151367188" t="0.25500386953353882,-0.072000443935394287,0.799998939037323"/>
      </Joint>
      <Joint type="hinge">
        <RigidRef rigidRef="12" a="0,0,1" z="0.28209969401359558,0.95938509702682495,0" t="0,0,0.15999999642372131"/>
        <RigidRef rigidRef="2" a="-1,0,0" z="0,0.95906561613082886,0.28318417072296143" t="-0.17499999701976776,-0.07199995219707489,0.80000001192092896"/>
      </Joint>
      <Joint type="hinge">
        <RigidRef rigidRef="2" a="-1,0,0" z="0,0,0.99999994039535522" t="-0.17499980330467224,-0.072000101208686829,0.79999983310699463"/>
        <RigidRef rigidRef="4" a="0,0,1" z="0.99999940395355225,0.0011305193183943629,0" t="0,0,0.98999989032745361"/>
      </Joint>
      <Joint type="hinge">
        <RigidRef rigidRef="8" a="0,0,1.0000001192092896" z="1.0000001192092896,0,0" t="0,0,0.05000000074505806"/>
        <RigidRef rigidRef="6" a="0,0,1.0000002384185791" z="1.0000002384185791,0,0" t="-0.20999999344348907,-0.28274300694465637,0.73287898302078247"/>
      </Joint>
      <Joint type="hinge">
        <RigidRef rigidRef="9" a="0,0,1.0000001192092896" z="1.0000001192092896,0,0" t="0,0,0.05000000074505806"/>
        <RigidRef rigidRef="7" a="0,0,1.0000001192092896" z="1.0000001192092896,0,0" t="0.20999999344348907,-0.28260299563407898,0.73287898302078247"/>
      </Joint>
      <Joint type="hinge">
        <RigidRef rigidRef="11" a="-1.0000001192092896,0,0" z="0,1.0000001192092896,0" t="0,0,0"/>
        <RigidRef rigidRef="10" a="-1.0000002384185791,0,0" z="0,-1.0000002384185791,0" t="0,0.63789671659469604,-0.028517881408333778"/>
      </Joint>
    </RigidSystem>
  </RigidSystems>
  <GroupSystems>
    <GroupSystem>
    </GroupSystem>
  </GroupSystems>
</LXFML>
