<?xml version="1.0" encoding="UTF-8" standalone="no" ?>
<LXFML versionMajor="5" versionMinor="0">
  <Meta>
    <Application name="LEGO Universe" versionMajor="0" versionMinor="0"/>
    <Brand name="LEGOUniverse"/>
    <BrickSet version="61"/>
  </Meta>
  <Bricks>
    <Brick refID="0" designID="3068">
      <Part refID="0" designID="3068" materials="44,0">
        <Bone refID="0" transformation="0,0,1,0,-1,0,1,0,0,0.4118499755859375,17.268138885498047,2.8237113952636719">
        </Bone>
      </Part>
    </Brick>
    <Brick refID="1" designID="3456">
      <Part refID="1" designID="3456" materials="23">
        <Bone refID="1" transformation="0,0,1,0,-1,0,1,0,0,1.2118539810180664,17.588138580322266,-5.1762828826904297">
        </Bone>
      </Part>
    </Brick>
    <Brick refID="2" designID="3068">
      <Part refID="2" designID="3068" materials="23,0">
        <Bone refID="2" transformation="0,0,1,0,-1,0,1,0,0,2.0118522644042969,17.268138885498047,-0.37628364562988281">
        </Bone>
      </Part>
    </Brick>
    <Brick refID="3" designID="3029">
      <Part refID="3" designID="3029" materials="23">
        <Bone refID="3" transformation="0,0,1,0,-1,0,1,0,0,4.4118499755859375,17.588140487670898,-3.5762844085693359">
        </Bone>
      </Part>
    </Brick>
    <Brick refID="4" designID="3068">
      <Part refID="4" designID="3068" materials="44,0">
        <Bone refID="4" transformation="0,0,1,0,-1,0,1,0,0,3.6118497848510742,17.268138885498047,-3.5762844085693359">
        </Bone>
      </Part>
    </Brick>
    <Brick refID="5" designID="3068">
      <Part refID="5" designID="3068" materials="23,0">
        <Bone refID="5" transformation="0,0,1,0,-1,0,1,0,0,3.6118507385253906,17.268138885498047,1.2237129211425781">
        </Bone>
      </Part>
    </Brick>
    <Brick refID="6" designID="3068">
      <Part refID="6" designID="3068" materials="44,0">
        <Bone refID="6" transformation="0,0,1,0,-1,0,1,0,0,2.0118522644042969,17.268138885498047,2.8237113952636719">
        </Bone>
      </Part>
    </Brick>
    <Brick refID="7" designID="6636">
      <Part refID="7" designID="6636" materials="23,0">
        <Bone refID="7" transformation="0,0,1,0,-1,0,1,0,0,4.4118490219116211,17.268138885498047,1.2237167358398437">
        </Bone>
      </Part>
    </Brick>
    <Brick refID="8" designID="3068">
      <Part refID="8" designID="3068" materials="23,0">
        <Bone refID="8" transformation="0,0,1,0,-1,0,1,0,0,2.0118532180786133,17.268138885498047,1.2237167358398437">
        </Bone>
      </Part>
    </Brick>
    <Brick refID="9" designID="3068">
      <Part refID="9" designID="3068" materials="44,0">
        <Bone refID="9" transformation="0,0,1,0,-1,0,1,0,0,2.0118513107299805,17.268138885498047,-3.5762853622436523">
        </Bone>
      </Part>
    </Brick>
    <Brick refID="10" designID="3069">
      <Part refID="10" designID="3069" materials="23,0">
        <Bone refID="10" transformation="1,0,0,0,-1,0,0,0,-1,2.8116273880004883,17.268138885498047,5.2237148284912109">
        </Bone>
      </Part>
    </Brick>
    <Brick refID="11" designID="3068">
      <Part refID="11" designID="3068" materials="23,0">
        <Bone refID="11" transformation="0,0,1,0,-1,0,1,0,0,3.611851692199707,17.268138885498047,-0.37628364562988281">
        </Bone>
      </Part>
    </Brick>
    <Brick refID="12" designID="4162">
      <Part refID="12" designID="4162" materials="23">
        <Bone refID="12" transformation="0,0,1,0,-1,0,1,0,0,4.4118480682373047,17.268138885498047,-5.1762809753417969">
        </Bone>
      </Part>
    </Brick>
    <Brick refID="13" designID="3020">
      <Part refID="13" designID="3020" materials="23">
        <Bone refID="13" transformation="-1,0,0,0,-0.99999994039535522,0,0,0,1,4.4118490219116211,17.588138580322266,-4.3762826919555664">
        </Bone>
      </Part>
    </Brick>
    <Brick refID="14" designID="4162">
      <Part refID="14" designID="4162" materials="23">
        <Bone refID="14" transformation="-1,0,0,0,-0.99999994039535522,0,0,0,1,3.6118488311767578,17.268138885498047,-4.3762836456298828">
        </Bone>
      </Part>
    </Brick>
    <Brick refID="15" designID="3068">
      <Part refID="15" designID="3068" materials="44,0">
        <Bone refID="15" transformation="0,0,1,0,-1,0,1,0,0,3.6118507385253906,17.268138885498047,2.8237113952636719">
        </Bone>
      </Part>
    </Brick>
    <Brick refID="16" designID="4162">
      <Part refID="16" designID="4162" materials="23">
        <Bone refID="16" transformation="1,0,0,0,-0.99999994039535522,0,0,0,-1,-1.9881420135498047,17.268138885498047,4.4237117767333984">
        </Bone>
      </Part>
    </Brick>
    <Brick refID="17" designID="3068">
      <Part refID="17" designID="3068" materials="23,0">
        <Bone refID="17" transformation="0,0,1,0,-1,0,1,0,0,2.0118522644042969,17.268138885498047,-1.9762821197509766">
        </Bone>
      </Part>
    </Brick>
    <Brick refID="18" designID="3068">
      <Part refID="18" designID="3068" materials="23,0">
        <Bone refID="18" transformation="0,0,1,0,-1,0,1,0,0,3.6118497848510742,17.268138885498047,-1.9762859344482422">
        </Bone>
      </Part>
    </Brick>
    <Brick refID="19" designID="3068">
      <Part refID="19" designID="3068" materials="44,0">
        <Bone refID="19" transformation="0,0,1,0,-1,0,1,0,0,-1.1881465911865234,17.268138885498047,2.8237113952636719">
        </Bone>
      </Part>
    </Brick>
    <Brick refID="20" designID="3068">
      <Part refID="20" designID="3068" materials="23,0">
        <Bone refID="20" transformation="0,0,1,0,-1,0,1,0,0,-1.1881484985351562,17.268138885498047,1.2237148284912109">
        </Bone>
      </Part>
    </Brick>
    <Brick refID="21" designID="3068">
      <Part refID="21" designID="3068" materials="44,0">
        <Bone refID="21" transformation="0,0,1,0,-1,0,1,0,0,0.4118499755859375,17.268138885498047,-3.5762872695922852">
        </Bone>
      </Part>
    </Brick>
    <Brick refID="22" designID="3068">
      <Part refID="22" designID="3068" materials="44,0">
        <Bone refID="22" transformation="0,0,1,0,-1,0,1,0,0,-1.1881484985351562,17.268138885498047,-3.5762872695922852">
        </Bone>
      </Part>
    </Brick>
    <Brick refID="23" designID="3069">
      <Part refID="23" designID="3069" materials="23,0">
        <Bone refID="23" transformation="1,0,0,0,-1,0,0,0,-1,-1.9883708953857422,17.268138885498047,5.2237167358398437">
        </Bone>
      </Part>
    </Brick>
    <Brick refID="24" designID="4162">
      <Part refID="24" designID="4162" materials="23">
        <Bone refID="24" transformation="0,0,-1,0,-1,0,-1,0,0,-2.7881450653076172,17.268138885498047,0.42371559143066406">
        </Bone>
      </Part>
    </Brick>
    <Brick refID="25" designID="3068">
      <Part refID="25" designID="3068" materials="23,0">
        <Bone refID="25" transformation="0,0,1,0,-1,0,1,0,0,0.4118499755859375,17.268138885498047,-1.9762840270996094">
        </Bone>
      </Part>
    </Brick>
    <Brick refID="26" designID="3068">
      <Part refID="26" designID="3068" materials="23,0">
        <Bone refID="26" transformation="0,0,1,0,-1,0,1,0,0,-1.1881465911865234,17.268138885498047,-1.9762840270996094">
        </Bone>
      </Part>
    </Brick>
    <Brick refID="27" designID="3068">
      <Part refID="27" designID="3068" materials="23,0">
        <Bone refID="27" transformation="0,0,1,0,-1,0,1,0,0,0.4118499755859375,17.268138885498047,-0.37628555297851563">
        </Bone>
      </Part>
    </Brick>
    <Brick refID="28" designID="3069">
      <Part refID="28" designID="3069" materials="23,0">
        <Bone refID="28" transformation="1,0,0,0,-1,0,0,0,-1,-1.9883689880371094,17.268138885498047,-5.1762838363647461">
        </Bone>
      </Part>
    </Brick>
    <Brick refID="29" designID="6636">
      <Part refID="29" designID="6636" materials="23,0">
        <Bone refID="29" transformation="0,0,1,0,-1,0,1,0,0,-2.7881450653076172,17.268138885498047,1.2237148284912109">
        </Bone>
      </Part>
    </Brick>
    <Brick refID="30" designID="3068">
      <Part refID="30" designID="3068" materials="23,0">
        <Bone refID="30" transformation="0,0,1,0,-1,0,1,0,0,-1.1881465911865234,17.268138885498047,-0.37628746032714844">
        </Bone>
      </Part>
    </Brick>
    <Brick refID="31" designID="3068">
      <Part refID="31" designID="3068" materials="23,0">
        <Bone refID="31" transformation="0,0,1,0,-1,0,1,0,0,0.4118499755859375,17.268138885498047,1.2237148284912109">
        </Bone>
      </Part>
    </Brick>
    <Brick refID="32" designID="3068">
      <Part refID="32" designID="3068" materials="23,0">
        <Bone refID="32" transformation="0,0,1,0,-1,0,1,0,0,0.4118499755859375,17.268138885498047,5.2237167358398437">
        </Bone>
      </Part>
    </Brick>
    <Brick refID="33" designID="3069">
      <Part refID="33" designID="3069" materials="23,0">
        <Bone refID="33" transformation="1,0,0,0,-0.99999994039535522,0,0,0,-1,2.8116264343261719,17.268138885498047,-5.1762828826904297">
        </Bone>
      </Part>
    </Brick>
    <Brick refID="34" designID="3068">
      <Part refID="34" designID="3068" materials="23,0">
        <Bone refID="34" transformation="0,0,1,0,-1,0,1,0,0,0.4118499755859375,17.268138885498047,-5.976283073425293">
        </Bone>
      </Part>
    </Brick>
    <Brick refID="35" designID="3068">
      <Part refID="35" designID="3068" materials="23,0">
        <Bone refID="35" transformation="0,0,1,0,-1,0,1,0,0,2.0118522644042969,17.268138885498047,5.2237167358398437">
        </Bone>
      </Part>
    </Brick>
    <Brick refID="36" designID="3068">
      <Part refID="36" designID="3068" materials="23,0">
        <Bone refID="36" transformation="0,0,1,0,-1,0,1,0,0,2.0118551254272461,17.268138885498047,-5.976283073425293">
        </Bone>
      </Part>
    </Brick>
    <Brick refID="37" designID="3008">
      <Part refID="37" designID="3008" materials="23">
        <Bone refID="37" transformation="0,0,-1,0,0.99999994039535522,0,1,0,0,7.6118564605712891,10.879995346069336,6.0118503570556641">
        </Bone>
      </Part>
    </Brick>
    <Brick refID="38" designID="59349">
      <Part refID="38" designID="59349" materials="44">
        <Bone refID="38" transformation="0,0,-1,0,0.99999994039535522,0,1,0,0,7.6118564605712891,11.839995384216309,5.2118492126464844">
        </Bone>
      </Part>
    </Brick>
    <Brick refID="39" designID="3008">
      <Part refID="39" designID="3008" materials="23">
        <Bone refID="39" transformation="0,0,-1,0,0.99999994039535522,0,1,0,0,7.6118564605712891,16.639995574951172,6.0118503570556641">
        </Bone>
      </Part>
    </Brick>
    <Brick refID="40" designID="2453">
      <Part refID="40" designID="2453" materials="23">
        <Bone refID="40" transformation="0,0,-1,0,0.99999994039535522,0,1,0,0,7.6118545532226563,11.839995384216309,6.0118503570556641">
        </Bone>
      </Part>
    </Brick>
    <Brick refID="41" designID="2453">
      <Part refID="41" designID="2453" materials="23">
        <Bone refID="41" transformation="0,0,-1,0,0.99999994039535522,0,1,0,0,7.6118564605712891,11.839995384216309,0.41185188293457031">
        </Bone>
      </Part>
    </Brick>
    <Brick refID="42" designID="3961">
      <Part refID="42" designID="3961" materials="194">
        <Bone refID="42" transformation="0.80930262804031372,0,-0.58739191293716431,0.47534939646720886,-0.58744984865188599,0.65493941307067871,-0.34506842494010925,-0.80926054716110229,-0.47542095184326172,-27.198904037475586,26.071693420410156,1.7818412780761719">
        </Bone>
      </Part>
    </Brick>
    <Brick refID="43" designID="3020">
      <Part refID="43" designID="3020" materials="194">
        <Bone refID="43" transformation="-0.34506848454475403,-0.8092607855796814,-0.47542098164558411,0.47534945607185364,-0.58744996786117554,0.65493941307067871,-0.80930286645889282,0,0.58739203214645386,-26.770734786987305,26.531120300292969,2.3717536926269531">
        </Bone>
      </Part>
    </Brick>
    <Brick refID="44" designID="48336">
      <Part refID="44" designID="48336" materials="194">
        <Bone refID="44" transformation="0.80930286645889282,0,-0.58739203214645386,0.47534939646720886,-0.58744996786117554,0.65493947267532349,-0.34506845474243164,-0.8092607855796814,-0.47542104125022888,-27.446786880493164,24.400907516479492,1.4403228759765625">
        </Bone>
      </Part>
    </Brick>
    <Brick refID="45" designID="3069">
      <Part refID="45" designID="3069" materials="194,0" decoration="55347">
        <Bone refID="45" transformation="0.80930286645889282,0,-0.58739203214645386,0.47534939646720886,-0.58744996786117554,0.65493947267532349,-0.34506845474243164,-0.8092607855796814,-0.47542104125022888,-27.294858932495117,24.212924957275391,1.6500377655029297">
        </Bone>
      </Part>
    </Brick>
    <Brick refID="46" designID="3068">
      <Part refID="46" designID="3068" materials="194,0">
        <Bone refID="46" transformation="0.80930286645889282,0,-0.58739203214645386,0.47534939646720886,-0.58744996786117554,0.65493947267532349,-0.34506845474243164,-0.8092607855796814,-0.47542104125022888,-27.170736312866211,25.048318862915039,1.8206596374511719">
        </Bone>
      </Part>
    </Brick>
    <Brick refID="47" designID="3069">
      <Part refID="47" designID="3069" materials="194,0">
        <Bone refID="47" transformation="0.80930286645889282,0,-0.58739203214645386,0.47534939646720886,-0.58744996786117554,0.65493947267532349,-0.34506845474243164,-0.8092607855796814,-0.47542104125022888,-26.618806838989258,26.343135833740234,2.5814685821533203">
        </Bone>
      </Part>
    </Brick>
    <Brick refID="48" designID="3022">
      <Part refID="48" designID="3022" materials="194">
        <Bone refID="48" transformation="0.80924063920974731,-2.4360571842407808E-005,-0.58747732639312744,2.4360571842407808E-005,1,0,0.58747732639312744,0,0.80924063920974731,-28.08714485168457,23.039831161499023,0.58379364013671875">
        </Bone>
      </Part>
    </Brick>
    <Brick refID="49" designID="6019">
      <Part refID="49" designID="6019" materials="194">
        <Bone refID="49" transformation="0.80925929546356201,-2.4360835595871322E-005,-0.58745163679122925,2.4360839233850129E-005,1,0,0.58745163679122925,0,0.80925929546356201,-28.087091445922852,23.359807968139648,0.58382797241210938">
        </Bone>
      </Part>
    </Brick>
    <Brick refID="50" designID="6019">
      <Part refID="50" designID="6019" materials="194">
        <Bone refID="50" transformation="-0.80910676717758179,2.4346298232558183E-005,0.5876617431640625,2.4346300051547587E-005,1,0,-0.5876617431640625,0,-0.80910676717758179,-28.557153701782227,23.359821319580078,-0.06365966796875">
        </Bone>
      </Part>
    </Brick>
    <Brick refID="51" designID="6019">
      <Part refID="51" designID="6019" materials="194">
        <Bone refID="51" transformation="-0.8090977668762207,1.9671044356073253E-005,0.58767408132553101,7.9937999544199556E-005,1,7.6584314228966832E-005,-0.58767408132553101,0.00010894169099628925,-0.8090977668762207,-27.909723281860352,23.359781265258789,-0.53360176086425781">
        </Bone>
      </Part>
    </Brick>
    <Brick refID="52" designID="3069">
      <Part refID="52" designID="3069" materials="194,0">
        <Bone refID="52" transformation="0.80922013521194458,0,-0.5875055193901062,-4.5646615035366267E-005,1,-7.5957730587106198E-005,0.5875055193901062,8.8284148660022765E-005,0.80922013521194458,-28.087316513061523,23.679767608642578,0.58392333984375">
        </Bone>
      </Part>
    </Brick>
    <Brick refID="53" designID="6019">
      <Part refID="53" designID="6019" materials="194">
        <Bone refID="53" transformation="0.80922013521194458,0,-0.5875055193901062,-4.5646615035366267E-005,1,-7.5957730587106198E-005,0.5875055193901062,8.8284148660022765E-005,0.80922013521194458,-27.439741134643555,23.359764099121094,0.11380958557128906">
        </Bone>
      </Part>
    </Brick>
    <Brick refID="54" designID="48336">
      <Part refID="54" designID="48336" materials="194">
        <Bone refID="54" transformation="0.80915987491607666,0,-0.5875886082649231,0.34692409634590149,0.80709785223007202,0.47774136066436768,0.4742405116558075,-0.59041780233383179,0.65307188034057617,-29.480413436889648,23.880062103271484,-1.3604755401611328">
        </Bone>
      </Part>
    </Brick>
    <Brick refID="55" designID="3794">
      <Part refID="55" designID="3794" materials="194">
        <Bone refID="55" transformation="-0.80915981531143188,0,0.58758866786956787,0.34692409634590149,0.80709785223007202,0.47774136066436768,-0.47424054145812988,0.59041780233383179,-0.6530718207359314,-28.722070693969727,24.138332366943359,-1.6776695251464844">
        </Bone>
      </Part>
    </Brick>
    <Brick refID="56" designID="42445">
      <Part refID="56" designID="42445" materials="194">
        <Bone refID="56" transformation="-0.47424021363258362,0.59041780233383179,-0.65307199954986572,0.34692409634590149,0.8070976734161377,0.47774142026901245,0.80915999412536621,0,-0.58758836984634399,-28.934720993041992,24.396602630615234,-1.2897567749023437">
        </Bone>
      </Part>
    </Brick>
    <Brick refID="57" designID="2412">
      <Part refID="57" designID="2412" materials="194">
        <Bone refID="57" transformation="-0.47424024343490601,0.59041792154312134,-0.65307188034057617,0.34692424535751343,0.80709785223007202,0.47774150967597961,0.80915999412536621,0,-0.58758836984634399,-28.823705673217773,24.654874801635742,-1.1368732452392578">
        </Bone>
      </Part>
    </Brick>
    <Brick refID="58" designID="3069">
      <Part refID="58" designID="3069" materials="194,0">
        <Bone refID="58" transformation="-0.58747738599777222,0,-0.80924063920974731,2.4360570023418404E-005,0.99999994039535522,0,0.80924063920974731,-2.4360571842407808E-005,-0.58747738599777222,-26.792226791381836,23.039791107177734,-0.35599136352539063">
        </Bone>
      </Part>
    </Brick>
    <Brick refID="59" designID="3069">
      <Part refID="59" designID="3069" materials="194,0">
        <Bone refID="59" transformation="0.58747726678848267,0,0.80924063920974731,2.4360570023418404E-005,0.99999994039535522,0,-0.80924063920974731,2.4360571842407808E-005,0.58747726678848267,-29.204648971557617,23.03985595703125,0.40620231628417969">
        </Bone>
      </Part>
    </Brick>
    <Brick refID="60" designID="2654">
      <Part refID="60" designID="2654" materials="194">
        <Bone refID="60" transformation="0.80930262804031372,0,-0.58739191293716431,0.47534939646720886,-0.58744984865188599,0.65493941307067871,-0.34506842494010925,-0.80926054716110229,-0.47542095184326172,-27.351015090942383,26.259677886962891,1.5722599029541016">
        </Bone>
      </Part>
    </Brick>
    <Brick refID="61" designID="3456">
      <Part refID="61" designID="3456" materials="23">
        <Bone refID="61" transformation="1,0,0,0,1,0,0,0,1,-33.200004577636719,17.920001983642578,5.2237129211425781">
        </Bone>
      </Part>
    </Brick>
    <Brick refID="62" designID="44237">
      <Part refID="62" designID="44237" materials="23">
        <Bone refID="62" transformation="0,0,-1,0,0.99999994039535522,0,1,0,0,-32.400009155273438,18.240001678466797,3.6237125396728516">
        </Bone>
      </Part>
    </Brick>
    <Brick refID="63" designID="3456">
      <Part refID="63" designID="3456" materials="23">
        <Bone refID="63" transformation="1,0,0,0,1,0,0,0,1,-33.200004577636719,17.920001983642578,0.42371368408203125">
        </Bone>
      </Part>
    </Brick>
    <Brick refID="64" designID="44237">
      <Part refID="64" designID="44237" materials="23">
        <Bone refID="64" transformation="0,0,1,0,0.99999994039535522,0,-1,0,0,-30.000005722045898,18.240001678466797,-5.1762866973876953">
        </Bone>
      </Part>
    </Brick>
    <Brick refID="65" designID="2445">
      <Part refID="65" designID="2445" materials="23">
        <Bone refID="65" transformation="1,0,0,0,1,0,0,0,1,-33.200004577636719,17.920001983642578,-4.3762874603271484">
        </Bone>
      </Part>
    </Brick>
    <Brick refID="66" designID="44237">
      <Part refID="66" designID="44237" materials="23">
        <Bone refID="66" transformation="0,0,1,0,0.99999994039535522,0,-1,0,0,-31.600008010864258,18.240001678466797,-5.1762876510620117">
        </Bone>
      </Part>
    </Brick>
    <Brick refID="67" designID="3039">
      <Part refID="67" designID="3039" materials="194,0">
        <Bone refID="67" transformation="-1,0,0,0,1,0,0,0,-1,-30.800004959106445,19.200000762939453,-4.3762893676757812">
        </Bone>
      </Part>
    </Brick>
    <Brick refID="68" designID="44237">
      <Part refID="68" designID="44237" materials="23">
        <Bone refID="68" transformation="0,0,1,0,0.99999994039535522,0,-1,0,0,-33.200004577636719,18.240001678466797,-5.1762866973876953">
        </Bone>
      </Part>
    </Brick>
    <Brick refID="69" designID="3037">
      <Part refID="69" designID="3037" materials="194">
        <Bone refID="69" transformation="0,0,1,0,0.99999994039535522,0,-1,0,0,-32.400009155273438,19.200000762939453,-3.5762863159179687">
        </Bone>
      </Part>
    </Brick>
    <Brick refID="70" designID="3037">
      <Part refID="70" designID="3037" materials="194">
        <Bone refID="70" transformation="0,0,1,0,0.99999994039535522,0,-1,0,0,-31.600008010864258,20.159999847412109,-2.7762908935546875">
        </Bone>
      </Part>
    </Brick>
    <Brick refID="71" designID="3006">
      <Part refID="71" designID="3006" materials="23">
        <Bone refID="71" transformation="1,0,0,0,1,0,0,0,1,-31.600008010864258,21.120000839233398,-1.1762905120849609">
        </Bone>
      </Part>
    </Brick>
    <Brick refID="72" designID="3037">
      <Part refID="72" designID="3037" materials="194">
        <Bone refID="72" transformation="0,0,-1,0,0.99999994039535522,0,1,0,0,-24.400003433227539,20.159999847412109,-0.37628746032714844">
        </Bone>
      </Part>
    </Brick>
    <Brick refID="73" designID="3037">
      <Part refID="73" designID="3037" materials="194">
        <Bone refID="73" transformation="0,0,-1,0,0.99999994039535522,0,1,0,0,-23.600008010864258,19.200000762939453,0.42371368408203125">
        </Bone>
      </Part>
    </Brick>
    <Brick refID="74" designID="43802">
      <Part refID="74" designID="43802" materials="23">
        <Bone refID="74" transformation="1,0,0,0,1,0,0,0,1,-28.400007247924805,18.240001678466797,0.42371368408203125">
        </Bone>
      </Part>
    </Brick>
    <Brick refID="75" designID="3045">
      <Part refID="75" designID="3045" materials="194">
        <Bone refID="75" transformation="-1,0,0,0,1,0,0,0,-1,-23.600008010864258,19.200000762939453,-4.3762874603271484">
        </Bone>
      </Part>
    </Brick>
    <Brick refID="76" designID="3037">
      <Part refID="76" designID="3037" materials="194">
        <Bone refID="76" transformation="-1,0,0,0,1,0,0,0,-1,-27.600008010864258,19.200000762939453,-4.3762884140014648">
        </Bone>
      </Part>
    </Brick>
    <Brick refID="77" designID="3037">
      <Part refID="77" designID="3037" materials="194">
        <Bone refID="77" transformation="-1,0,0,0,1,0,0,0,-1,-28.400003433227539,20.159999847412109,-3.5762882232666016">
        </Bone>
      </Part>
    </Brick>
    <Brick refID="78" designID="3006">
      <Part refID="78" designID="3006" materials="23">
        <Bone refID="78" transformation="1,0,0,0,1,0,0,0,1,-31.600008010864258,21.120000839233398,-2.7762889862060547">
        </Bone>
      </Part>
    </Brick>
    <Brick refID="79" designID="3037">
      <Part refID="79" designID="3037" materials="194">
        <Bone refID="79" transformation="-1,0,0,0,1,0,0,0,-1,-25.200006484985352,20.159999847412109,-3.5762882232666016">
        </Bone>
      </Part>
    </Brick>
    <Brick refID="80" designID="3037">
      <Part refID="80" designID="3037" materials="194">
        <Bone refID="80" transformation="-1,0,0,0,1,0,0,0,-1,-24.400003433227539,19.200000762939453,-4.3762874603271484">
        </Bone>
      </Part>
    </Brick>
    <Brick refID="81" designID="3039">
      <Part refID="81" designID="3039" materials="194,0">
        <Bone refID="81" transformation="0,0,-1,0,0.99999994039535522,0,1,0,0,-23.600008010864258,19.200000762939453,-2.7762870788574219">
        </Bone>
      </Part>
    </Brick>
    <Brick refID="82" designID="3022">
      <Part refID="82" designID="3022" materials="23">
        <Bone refID="82" transformation="1,0,0,0,1,0,0,0,1,-23.600008010864258,17.920001983642578,-4.3762874603271484">
        </Bone>
      </Part>
    </Brick>
    <Brick refID="83" designID="3045">
      <Part refID="83" designID="3045" materials="194">
        <Bone refID="83" transformation="0,0,1,0,0.99999994039535522,0,-1,0,0,-32.400009155273438,19.200000762939453,-4.376286506652832">
        </Bone>
      </Part>
    </Brick>
    <Brick refID="84" designID="44237">
      <Part refID="84" designID="44237" materials="23">
        <Bone refID="84" transformation="0,0,-1,0,0.99999994039535522,0,1,0,0,-29.200006484985352,18.240001678466797,3.6237125396728516">
        </Bone>
      </Part>
    </Brick>
    <Brick refID="85" designID="44237">
      <Part refID="85" designID="44237" materials="23">
        <Bone refID="85" transformation="0,0,-1,0,0.99999994039535522,0,1,0,0,-30.800004959106445,18.240001678466797,3.6237125396728516">
        </Bone>
      </Part>
    </Brick>
    <Brick refID="86" designID="3039">
      <Part refID="86" designID="3039" materials="194,0">
        <Bone refID="86" transformation="0,0,1,0,0.99999994039535522,0,-1,0,0,-32.400009155273438,19.200000762939453,2.8237133026123047">
        </Bone>
      </Part>
    </Brick>
    <Brick refID="87" designID="3037">
      <Part refID="87" designID="3037" materials="194">
        <Bone refID="87" transformation="0,0,1,0,0.99999994039535522,0,-1,0,0,-32.400009155273438,19.200000762939453,-0.37628555297851563">
        </Bone>
      </Part>
    </Brick>
    <Brick refID="88" designID="3037">
      <Part refID="88" designID="3037" materials="194">
        <Bone refID="88" transformation="0,0,1,0,0.99999994039535522,0,-1,0,0,-31.600008010864258,20.159999847412109,0.42370986938476563">
        </Bone>
      </Part>
    </Brick>
    <Brick refID="89" designID="3006">
      <Part refID="89" designID="3006" materials="23">
        <Bone refID="89" transformation="1,0,0,0,1,0,0,0,1,-31.600008010864258,21.120002746582031,2.0237102508544922">
        </Bone>
      </Part>
    </Brick>
    <Brick refID="90" designID="3037">
      <Part refID="90" designID="3037" materials="194">
        <Bone refID="90" transformation="0,0,-1,0,0.99999994039535522,0,1,0,0,-24.400003433227539,20.159999847412109,2.8237133026123047">
        </Bone>
      </Part>
    </Brick>
    <Brick refID="91" designID="3037">
      <Part refID="91" designID="3037" materials="194">
        <Bone refID="91" transformation="0,0,-1,0,0.99999994039535522,0,1,0,0,-23.600008010864258,19.200000762939453,3.6237125396728516">
        </Bone>
      </Part>
    </Brick>
    <Brick refID="92" designID="44237">
      <Part refID="92" designID="44237" materials="23">
        <Bone refID="92" transformation="0,0,-1,0,0.99999994039535522,0,1,0,0,-22.800004959106445,18.240001678466797,5.2237129211425781">
        </Bone>
      </Part>
    </Brick>
    <Brick refID="93" designID="3045">
      <Part refID="93" designID="3045" materials="194">
        <Bone refID="93" transformation="0,0,-1,0,0.99999994039535522,0,1,0,0,-23.600008010864258,19.200000762939453,4.4237136840820313">
        </Bone>
      </Part>
    </Brick>
    <Brick refID="94" designID="44237">
      <Part refID="94" designID="44237" materials="23">
        <Bone refID="94" transformation="0,0,-1,0,0.99999994039535522,0,1,0,0,-27.600008010864258,18.240001678466797,5.2237129211425781">
        </Bone>
      </Part>
    </Brick>
    <Brick refID="95" designID="3037">
      <Part refID="95" designID="3037" materials="194">
        <Bone refID="95" transformation="1,0,0,0,1,0,0,0,1,-28.400007247924805,19.200000762939453,4.4237136840820313">
        </Bone>
      </Part>
    </Brick>
    <Brick refID="96" designID="3037">
      <Part refID="96" designID="3037" materials="194">
        <Bone refID="96" transformation="1,0,0,0,1,0,0,0,1,-27.600008010864258,20.159999847412109,3.6237144470214844">
        </Bone>
      </Part>
    </Brick>
    <Brick refID="97" designID="3006">
      <Part refID="97" designID="3006" materials="23">
        <Bone refID="97" transformation="1,0,0,0,1,0,0,0,1,-31.600008010864258,21.120002746582031,3.6237106323242187">
        </Bone>
      </Part>
    </Brick>
    <Brick refID="98" designID="3037">
      <Part refID="98" designID="3037" materials="194">
        <Bone refID="98" transformation="1,0,0,0,1,0,0,0,1,-30.800008773803711,20.159999847412109,3.6237144470214844">
        </Bone>
      </Part>
    </Brick>
    <Brick refID="99" designID="3037">
      <Part refID="99" designID="3037" materials="194">
        <Bone refID="99" transformation="1,0,0,0,1,0,0,0,1,-31.600008010864258,19.200000762939453,4.4237136840820313">
        </Bone>
      </Part>
    </Brick>
    <Brick refID="100" designID="44237">
      <Part refID="100" designID="44237" materials="23">
        <Bone refID="100" transformation="-1,0,0,0,1,0,0,0,-1,-29.200006484985352,18.240001678466797,4.4237136840820313">
        </Bone>
      </Part>
    </Brick>
    <Brick refID="101" designID="3045">
      <Part refID="101" designID="3045" materials="194">
        <Bone refID="101" transformation="1,0,0,0,1,0,0,0,1,-32.400009155273438,19.200000762939453,4.4237136840820313">
        </Bone>
      </Part>
    </Brick>
    <Brick refID="102" designID="44237">
      <Part refID="102" designID="44237" materials="23">
        <Bone refID="102" transformation="0,0,-1,0,0.99999994039535522,0,1,0,0,-26.000005722045898,18.240001678466797,5.2237129211425781">
        </Bone>
      </Part>
    </Brick>
    <Brick refID="103" designID="44237">
      <Part refID="103" designID="44237" materials="23">
        <Bone refID="103" transformation="0,0,-1,0,0.99999994039535522,0,1,0,0,-24.400003433227539,18.240001678466797,5.2237129211425781">
        </Bone>
      </Part>
    </Brick>
    <Brick refID="104" designID="3039">
      <Part refID="104" designID="3039" materials="194,0">
        <Bone refID="104" transformation="1,0,0,0,1,0,0,0,1,-25.200006484985352,19.200000762939453,4.4237136840820313">
        </Bone>
      </Part>
    </Brick>
    <Brick refID="105" designID="3068">
      <Part refID="105" designID="3068" materials="194,0">
        <Bone refID="105" transformation="1,0,0,0,1,0,0,0,1,-26.000009536743164,22.080001831054687,2.8237113952636719">
        </Bone>
      </Part>
    </Brick>
    <Brick refID="106" designID="3068">
      <Part refID="106" designID="3068" materials="194,0">
        <Bone refID="106" transformation="1,0,0,0,1,0,0,0,1,-27.600008010864258,22.080001831054687,2.8237113952636719">
        </Bone>
      </Part>
    </Brick>
    <Brick refID="107" designID="3068">
      <Part refID="107" designID="3068" materials="194,0">
        <Bone refID="107" transformation="1,0,0,0,1,0,0,0,1,-26.000009536743164,22.080001831054687,1.2237110137939453">
        </Bone>
      </Part>
    </Brick>
    <Brick refID="108" designID="3006">
      <Part refID="108" designID="3006" materials="23">
        <Bone refID="108" transformation="1,0,0,0,1,0,0,0,1,-31.600008010864258,21.120000839233398,0.42370986938476563">
        </Bone>
      </Part>
    </Brick>
    <Brick refID="109" designID="3068">
      <Part refID="109" designID="3068" materials="194,0">
        <Bone refID="109" transformation="1,0,0,0,1,0,0,0,1,-26.000009536743164,22.080001831054687,-0.37628936767578125">
        </Bone>
      </Part>
    </Brick>
    <Brick refID="110" designID="3068">
      <Part refID="110" designID="3068" materials="194,0">
        <Bone refID="110" transformation="1,0,0,0,1,0,0,0,1,-26.000005722045898,22.080001831054687,-1.976287841796875">
        </Bone>
      </Part>
    </Brick>
    <Brick refID="111" designID="3068">
      <Part refID="111" designID="3068" materials="194,0">
        <Bone refID="111" transformation="1,0,0,0,1,0,0,0,1,-27.600008010864258,22.080001831054687,-1.976287841796875">
        </Bone>
      </Part>
    </Brick>
    <Brick refID="112" designID="3068">
      <Part refID="112" designID="3068" materials="194,0">
        <Bone refID="112" transformation="1,0,0,0,1,0,0,0,1,-29.200006484985352,22.080001831054687,-1.976287841796875">
        </Bone>
      </Part>
    </Brick>
    <Brick refID="113" designID="3068">
      <Part refID="113" designID="3068" materials="194,0">
        <Bone refID="113" transformation="1,0,0,0,1,0,0,0,1,-30.800004959106445,22.080001831054687,-1.9762897491455078">
        </Bone>
      </Part>
    </Brick>
    <Brick refID="114" designID="3068">
      <Part refID="114" designID="3068" materials="194,0">
        <Bone refID="114" transformation="1,0,0,0,1,0,0,0,1,-30.800004959106445,22.080001831054687,-0.37628936767578125">
        </Bone>
      </Part>
    </Brick>
    <Brick refID="115" designID="3068">
      <Part refID="115" designID="3068" materials="194,0">
        <Bone refID="115" transformation="1,0,0,0,1,0,0,0,1,-30.800008773803711,22.080001831054687,1.2237110137939453">
        </Bone>
      </Part>
    </Brick>
    <Brick refID="116" designID="3068">
      <Part refID="116" designID="3068" materials="194,0">
        <Bone refID="116" transformation="1,0,0,0,1,0,0,0,1,-29.200006484985352,22.080001831054687,2.8237113952636719">
        </Bone>
      </Part>
    </Brick>
    <Brick refID="117" designID="3068">
      <Part refID="117" designID="3068" materials="194,0">
        <Bone refID="117" transformation="1,0,0,0,1,0,0,0,1,-30.800008773803711,22.080001831054687,2.8237113952636719">
        </Bone>
      </Part>
    </Brick>
    <Brick refID="118" designID="4162">
      <Part refID="118" designID="4162" materials="194">
        <Bone refID="118" transformation="0,0,1,0,0.99999994039535522,0,-1,0,0,-31.600008010864258,22.080001831054687,-2.7762889862060547">
        </Bone>
      </Part>
    </Brick>
    <Brick refID="119" designID="3070">
      <Part refID="119" designID="3070" materials="194">
        <Bone refID="119" transformation="1,0,0,0,1,0,0,0,1,-31.600008010864258,22.080001831054687,-3.576289176940918">
        </Bone>
      </Part>
    </Brick>
    <Brick refID="120" designID="3070">
      <Part refID="120" designID="3070" materials="194">
        <Bone refID="120" transformation="1,0,0,0,1,0,0,0,1,-31.600008010864258,22.080001831054687,3.6237106323242187">
        </Bone>
      </Part>
    </Brick>
    <Brick refID="121" designID="3070">
      <Part refID="121" designID="3070" materials="194">
        <Bone refID="121" transformation="1,0,0,0,1,0,0,0,1,-24.40001106262207,22.080001831054687,3.6237125396728516">
        </Bone>
      </Part>
    </Brick>
    <Brick refID="122" designID="3070">
      <Part refID="122" designID="3070" materials="194">
        <Bone refID="122" transformation="1,0,0,0,1,0,0,0,1,-24.400003433227539,22.080001831054687,-3.5762882232666016">
        </Bone>
      </Part>
    </Brick>
    <Brick refID="123" designID="4162">
      <Part refID="123" designID="4162" materials="194">
        <Bone refID="123" transformation="1,0,0,0,1,0,0,0,1,-30.800004959106445,22.080001831054687,-3.576289176940918">
        </Bone>
      </Part>
    </Brick>
    <Brick refID="124" designID="4162">
      <Part refID="124" designID="4162" materials="194">
        <Bone refID="124" transformation="1,0,0,0,1,0,0,0,1,-30.800008773803711,22.080001831054687,3.6237106323242187">
        </Bone>
      </Part>
    </Brick>
    <Brick refID="125" designID="4162">
      <Part refID="125" designID="4162" materials="194">
        <Bone refID="125" transformation="0,0,1,0,0.99999994039535522,0,-1,0,0,-24.400003433227539,22.080001831054687,-2.7762870788574219">
        </Bone>
      </Part>
    </Brick>
    <Brick refID="126" designID="3456">
      <Part refID="126" designID="3456" materials="23">
        <Bone refID="126" transformation="1,0,0,0,1,0,0,0,1,-33.200004577636719,17.600002288818359,5.2237129211425781">
        </Bone>
      </Part>
    </Brick>
    <Brick refID="127" designID="3456">
      <Part refID="127" designID="3456" materials="23">
        <Bone refID="127" transformation="1,0,0,0,1,0,0,0,1,-33.200004577636719,17.600002288818359,-1.1762847900390625">
        </Bone>
      </Part>
    </Brick>
    <Brick refID="128" designID="3034">
      <Part refID="128" designID="3034" materials="23">
        <Bone refID="128" transformation="1,0,0,0,1,0,0,0,1,-28.400003433227539,17.600002288818359,0.42371749877929688">
        </Bone>
      </Part>
    </Brick>
    <Brick refID="129" designID="3795">
      <Part refID="129" designID="3795" materials="23">
        <Bone refID="129" transformation="1,0,0,0,1,0,0,0,1,-33.200004577636719,17.600002288818359,0.42371749877929688">
        </Bone>
      </Part>
    </Brick>
    <Brick refID="130" designID="3045">
      <Part refID="130" designID="3045" materials="194">
        <Bone refID="130" transformation="-1,0,0,0,1,0,0,0,-1,-24.400003433227539,20.159999847412109,-3.5762872695922852">
        </Bone>
      </Part>
    </Brick>
    <Brick refID="131" designID="3045">
      <Part refID="131" designID="3045" materials="194">
        <Bone refID="131" transformation="0,0,1,0,0.99999994039535522,0,-1,0,0,-31.600008010864258,20.159999847412109,-3.576289176940918">
        </Bone>
      </Part>
    </Brick>
    <Brick refID="132" designID="3045">
      <Part refID="132" designID="3045" materials="194">
        <Bone refID="132" transformation="1,0,0,0,1,0,0,0,1,-31.600008010864258,20.159999847412109,3.6237125396728516">
        </Bone>
      </Part>
    </Brick>
    <Brick refID="133" designID="3045">
      <Part refID="133" designID="3045" materials="194">
        <Bone refID="133" transformation="0,0,-1,0,0.99999994039535522,0,1,0,0,-24.400003433227539,20.159999847412109,3.6237125396728516">
        </Bone>
      </Part>
    </Brick>
    <Brick refID="134" designID="3008">
      <Part refID="134" designID="3008" materials="23">
        <Bone refID="134" transformation="0,0,-1,0,0.99999994039535522,0,1,0,0,-5.1881465911865234,10.879995346069336,6.0118484497070313">
        </Bone>
      </Part>
    </Brick>
    <Brick refID="135" designID="59349">
      <Part refID="135" designID="59349" materials="44">
        <Bone refID="135" transformation="0,0,-1,0,0.99999994039535522,0,1,0,0,-5.1881465911865234,11.839994430541992,5.2118473052978516">
        </Bone>
      </Part>
    </Brick>
    <Brick refID="136" designID="3008">
      <Part refID="136" designID="3008" materials="23">
        <Bone refID="136" transformation="0,0,-1,0,0.99999994039535522,0,1,0,0,-5.1881465911865234,16.639995574951172,6.0118484497070313">
        </Bone>
      </Part>
    </Brick>
    <Brick refID="137" designID="2453">
      <Part refID="137" designID="2453" materials="23">
        <Bone refID="137" transformation="0,0,-1,0,0.99999994039535522,0,1,0,0,-5.1881484985351563,11.839994430541992,6.0118484497070313">
        </Bone>
      </Part>
    </Brick>
    <Brick refID="138" designID="2453">
      <Part refID="138" designID="2453" materials="23">
        <Bone refID="138" transformation="0,0,-1,0,0.99999994039535522,0,1,0,0,-5.1881465911865234,11.839994430541992,0.41184806823730469">
        </Bone>
      </Part>
    </Brick>
    <Brick refID="139" designID="3068">
      <Part refID="139" designID="3068" materials="23,0">
        <Bone refID="139" transformation="1,0,0,0,-1,0,0,0,-1,-46.788139343261719,17.268142700195313,-9.1762866973876953">
        </Bone>
      </Part>
    </Brick>
