<?xml version="1.0" encoding="UTF-8" standalone="no" ?>
<LXFML versionMajor="5" versionMinor="0">
  <Meta>
    <Application name="LEGO Universe" versionMajor="0" versionMinor="0"/>
    <Brand name="LEGOUniverse"/>
    <BrickSet version="61"/>
  </Meta>
  <Bricks>
    <Brick refID="0" designID="76382">
      <Part refID="0" designID="3814" materials="1,0,0">
        <Bone refID="0" transformation="0,0,1,0,0.99999994039535522,0,-1,0,0,1.600000262260437,1.6862603425979614,-0.40000009536743164">
        </Bone>
      </Part>
      <Part refID="1" designID="3818" materials="1">
        <Bone refID="1" transformation="0,-0.18223553895950317,0.98325502872467041,-0.82416611909866333,0.55686497688293457,0.10320886969566345,-0.56634843349456787,-0.81036543846130371,-0.15019214153289795,1.600000262260437,2.5962605476379395,-0.61999988555908203">
        </Bone>
      </Part>
      <Part refID="2" designID="3819" materials="1">
        <Bone refID="2" transformation="0,0.18223552405834198,0.98325496912002563,-0.3989521861076355,0.90161693096160889,-0.16710484027862549,-0.91697174310684204,-0.39227169752120972,0.072703197598457336,1.600000262260437,2.5962605476379395,0.61999988555908203">
        </Bone>
      </Part>
      <Part refID="3" designID="3820" materials="1">
        <Bone refID="3" transformation="-0.0847015380859375,-0.12404021620750427,0.9886554479598999,-0.819801926612854,0.57264494895935059,0.0016107857227325439,-0.56634831428527832,-0.81036520004272461,-0.15019232034683228,1.4462801218032837,1.9236981868743896,-0.95822906494140625">
        </Bone>
      </Part>
      <Part refID="4" designID="3820" materials="1">
        <Bone refID="4" transformation="0.060264542698860168,0.04394887387752533,0.99721449613571167,-0.3943743109703064,0.91879904270172119,-0.01665981113910675,-0.91697174310684204,-0.39227175712585449,0.072703301906585693,1.0865638256072998,2.1118559837341309,0.92335033416748047">
        </Bone>
      </Part>
    </Brick>
    <Brick refID="1" designID="3838">
      <Part refID="5" designID="3838" materials="1">
        <Bone refID="5" transformation="0,0,-1,0,0.99999994039535522,0,1,0,0,1.600000262260437,2.9662604331970215,0">
        </Bone>
      </Part>
    </Brick>
    <Brick refID="2" designID="73200">
      <Part refID="6" designID="3815" materials="1">
        <Bone refID="6" transformation="0,0,1,0,0.99999994039535522,0,-1,0,0,1.600000262260437,1.6862603425979614,-0.40000009536743164">
        </Bone>
      </Part>
      <Part refID="7" designID="3816" materials="1">
        <Bone refID="7" transformation="0,0,1,0,0.99999994039535522,0,-1,0,0,1.600000262260437,0.086260467767715454,-0.40000009536743164">
        </Bone>
      </Part>
      <Part refID="8" designID="3817" materials="1">
        <Bone refID="8" transformation="0,0,1.0000001192092896,-0.76309764385223389,0.64628338813781738,0,-0.64628332853317261,-0.76309764385223389,0,2.4584858417510986,0.4841916561126709,0.39999961853027344">
        </Bone>
      </Part>
    </Brick>
    <Brick refID="3" designID="30124">
      <Part refID="9" designID="30124" materials="1,0">
        <Bone refID="9" transformation="0,0,1,0,0.99999994039535522,0,-1,0,0,1.600000262260437,3.947798490524292,0">
        </Bone>
      </Part>
    </Brick>
    <Brick refID="4" designID="3626">
      <Part refID="10" designID="3626" materials="24,0,0,0" decoration="55125">
        <Bone refID="10" transformation="0,0,1,0,0.99999994039535522,0,-1,0,0,1.600000262260437,3.116260290145874,0">
        </Bone>
      </Part>
    </Brick>
    <Brick refID="5" designID="2447">
      <Part refID="11" designID="2447" materials="40">
        <Bone refID="11" transformation="0,0,1,0,0.99999994039535522,0,-1,0,0,1.6285184621810913,3.7541573047637939,0">
        </Bone>
      </Part>
    </Brick>
    <Brick refID="6" designID="2495">
      <Part refID="12" designID="2495" materials="23">
        <Bone refID="12" transformation="-0.003285333514213562,-0.0060513913631439209,0.99997639656066895,0.78596258163452148,0.61824196577072144,0.0063236057758331299,-0.61826550960540771,0.7859647274017334,0.002725064754486084,0.90196871757507324,1.7407283782958984,-0.92422962188720703">
        </Bone>
      </Part>
    </Brick>
    <Brick refID="7" designID="2496">
      <Part refID="13" designID="2496" materials="26">
        <Bone refID="13" transformation="0.61826556921005249,-0.78596460819244385,-0.0027248838450759649,0.78596246242523193,0.61824196577072144,0.0063236653804779053,-0.0032855391036719084,-0.0060513606294989586,0.99997633695602417,-1.2399423122406006,0.5756036639213562,0.93072700500488281">
        </Bone>
      </Part>
    </Brick>
  </Bricks>
  <RigidSystems>
    <RigidSystem>
      <Rigid refID="0" transformation="0,0,1,0,0.99999994039535522,0,-1,0,0,1.2000002861022949,1.5999999046325684,7.5999999046325684" boneRefs="0,5,6"/>
      <Rigid refID="1" transformation="0,-0.18223553895950317,0.98325502872467041,-0.82416611909866333,0.55686497688293457,0.10320886969566345,-0.56634843349456787,-0.81036543846130371,-0.15019214153289795,1.2000002861022949,2.5099999904632568,7.380000114440918" boneRefs="1"/>
      <Rigid refID="2" transformation="0,0.18223552405834198,0.98325496912002563,-0.3989521861076355,0.90161693096160889,-0.16710484027862549,-0.91697174310684204,-0.39227169752120972,0.072703197598457336,1.2000002861022949,2.5099999904632568,8.619999885559082" boneRefs="2"/>
      <Rigid refID="3" transformation="-0.0847015380859375,-0.12404021620750427,0.9886554479598999,-0.819801926612854,0.57264494895935059,0.0016107857227325439,-0.56634831428527832,-0.81036520004272461,-0.15019232034683228,1.0462801456451416,1.8374377489089966,7.0417709350585937" boneRefs="3"/>
      <Rigid refID="4" transformation="0.060264542698860168,0.04394887387752533,0.99721449613571167,-0.3943743109703064,0.91879904270172119,-0.01665981113910675,-0.91697174310684204,-0.39227175712585449,0.072703301906585693,0.68656378984451294,2.0255954265594482,8.9233503341674805" boneRefs="4"/>
      <Rigid refID="5" transformation="0,0,1,0,0.99999994039535522,0,-1,0,0,1.2000002861022949,0,7.5999999046325684" boneRefs="7"/>
      <Rigid refID="6" transformation="0,0,1.0000001192092896,-0.76309764385223389,0.64628338813781738,0,-0.64628332853317261,-0.76309764385223389,0,2.058485746383667,0.39793118834495544,8.3999996185302734" boneRefs="8"/>
      <Rigid refID="7" transformation="0,0,1,0,0.99999994039535522,0,-1,0,0,1.2000002861022949,3.8615379333496094,7.9999995231628418" boneRefs="9,10"/>
      <Rigid refID="8" transformation="0,0,1,0,0.99999994039535522,0,-1,0,0,1.2285184860229492,3.6678967475891113,7.9999995231628418" boneRefs="11"/>
      <Rigid refID="9" transformation="-0.003285333514213562,-0.0060513913631439209,0.99997639656066895,0.78596258163452148,0.61824196577072144,0.0063236057758331299,-0.61826550960540771,0.7859647274017334,0.002725064754486084,0.50196874141693115,1.6544679403305054,7.075770378112793" boneRefs="12"/>
      <Rigid refID="10" transformation="0.61826556921005249,-0.78596460819244385,-0.0027248838450759649,0.78596246242523193,0.61824196577072144,0.0063236653804779053,-0.0032855391036719084,-0.0060513606294989586,0.99997633695602417,-1.6399422883987427,0.48934319615364075,8.9307270050048828" boneRefs="13"/>
      <Joint type="hinge">
        <RigidRef rigidRef="6" a="-1,0,0" z="0,0,0.99999994039535522" t="-0.22499999403953552,1.125,0"/>
        <RigidRef rigidRef="0" a="-1,0,0" z="0,0,0.99999994039535522" t="0.57499998807907104,-0.47499999403953552,0"/>
      </Joint>
      <Joint type="hinge">
        <RigidRef rigidRef="2" a="1.0000001192092896,0,0" z="0,0,-1" t="-0.15000000596046448,0,0"/>
        <RigidRef rigidRef="0" a="0.98325490951538086,0.1822354793548584,0" z="0,0,1" t="0.87251198291778564,0.88266497850418091,0"/>
      </Joint>
      <Joint type="hinge">
        <RigidRef rigidRef="0" a="1.0000001192092896,0,0" z="0,0,-1" t="0.22550000250339508,-0.47499999403953552,0"/>
        <RigidRef rigidRef="5" a="1.0000001192092896,0,0" z="0,0,-1" t="0.22550000250339508,1.125,0"/>
      </Joint>
      <Joint type="hinge">
        <RigidRef rigidRef="7" a="0,-0.99999994039535522,0" z="1,0,0" t="0,-0.83153820037841797,0"/>
        <RigidRef rigidRef="0" a="0,-0.99999994039535522,0" z="1,0,0" t="0.40000000596046448,1.4299999475479126,0"/>
      </Joint>
      <Joint type="hinge">
        <RigidRef rigidRef="1" a="-1,0,0" z="0,0,0.99999994039535522" t="0.15000000596046448,0,0"/>
        <RigidRef rigidRef="0" a="-0.98325490951538086,0.1822354793548584,0" z="0,0,1" t="-0.072512000799179077,0.88266497850418091,0"/>
      </Joint>
      <Joint type="hinge">
        <RigidRef rigidRef="3" a="0,0,1.0000001192092896" z="1.0000001192092896,0,0" t="0,0,0.05000000074505806"/>
        <RigidRef rigidRef="1" a="0,0,1.0000002384185791" z="1.0000002384185791,0,0" t="-0.20999999344348907,-0.28274300694465637,0.73287898302078247"/>
      </Joint>
      <Joint type="hinge">
        <RigidRef rigidRef="4" a="0,0,1.0000001192092896" z="1.0000001192092896,0,0" t="0,0,0.05000000074505806"/>
        <RigidRef rigidRef="2" a="0,0,1.0000001192092896" z="1.0000001192092896,0,0" t="0.20999999344348907,-0.28260299563407898,0.73287898302078247"/>
      </Joint>
      <Joint type="hinge">
        <RigidRef rigidRef="9" a="0,0,-1.0000002384185791" z="-1.0000002384185791,0,0" t="1.8761999607086182,-0.0023469999432563782,0"/>
        <RigidRef rigidRef="4" a="0,-0.96592617034912109,-0.2588183581829071" z="-0.99672716856002808,0.020923838019371033,-0.078087985515594482" t="0,-0.27727425098419189,0.32929426431655884"/>
      </Joint>
      <Joint type="hinge">
        <RigidRef rigidRef="8" a="-1.0000001192092896,0,0" z="0,1.0000001192092896,0" t="0,0,0"/>
        <RigidRef rigidRef="7" a="-1.0000002384185791,0,0" z="0,-1.0000002384185791,0" t="0,-0.19364100694656372,-0.028518000617623329"/>
      </Joint>
      <Joint type="hinge">
        <RigidRef rigidRef="10" a="0,0,-1" z="0,1,0" t="0,0,-0.93000000715255737"/>
        <RigidRef rigidRef="9" a="-1.0000002384185791,0,0" z="0,1.0000002384185791,0" t="0.93900001049041748,-2.3920600414276123,0.41357699036598206"/>
      </Joint>
    </RigidSystem>
  </RigidSystems>
  <GroupSystems>
    <GroupSystem>
    </GroupSystem>
  </GroupSystems>
</LXFML>
