<?xml version="1.0" encoding="UTF-8" standalone="no" ?>
<LXFML versionMajor="5" versionMinor="0">
  <Meta>
    <Application name="LEGO Universe" versionMajor="0" versionMinor="0"/>
    <Brand name="LEGOUniverse"/>
    <BrickSet version="61"/>
  </Meta>
  <Bricks>
    <Brick refID="0" designID="3844">
      <Part refID="0" designID="3844" materials="26">
        <Bone refID="0" transformation="1,0,0,0,1,0,0,0,1,0,3.8400001525878906,-0.80000066757202148">
        </Bone>
      </Part>
    </Brick>
    <Brick refID="1" designID="3626">
      <Part refID="1" designID="3626" materials="24,0,0,0" decoration="55146">
        <Bone refID="1" transformation="1,0,0,0,1,0,0,0,1,0,2.880000114440918,-0.80000019073486328">
        </Bone>
      </Part>
    </Brick>
    <Brick refID="2" designID="76382">
      <Part refID="2" designID="3814" materials="28,0,0">
        <Bone refID="2" transformation="1,0,0,0,1,0,0,0,1,-0.40000000596046448,1.6000000238418579,-0.80000019073486328">
        </Bone>
      </Part>
      <Part refID="3" designID="3818" materials="199">
        <Bone refID="3" transformation="0.98325443267822266,-0.1822391003370285,0,0.066060543060302734,0.3564312756061554,0.9319833517074585,-0.16984432935714722,-0.91637647151947021,0.36250138282775879,-0.61999976634979248,2.5100014209747314,-0.8000028133392334">
        </Bone>
      </Part>
      <Part refID="4" designID="3819" materials="199">
        <Bone refID="4" transformation="0.98325490951538086,0.18223549425601959,0,-0.18223549425601959,0.98325490951538086,0,0,0,1,0.62000000476837158,2.5100002288818359,-0.80000019073486328">
        </Bone>
      </Part>
      <Part refID="5" designID="3820" materials="199">
        <Bone refID="5" transformation="0.98379242420196533,-0.1791277676820755,0.0081184506416320801,0.057494506239891052,0.35800498723983765,0.93194794654846191,-0.16984418034553528,-0.91637647151947021,0.36250141263008118,-0.96114432811737061,1.8217191696166992,-0.81597030162811279">
        </Bone>
      </Part>
      <Part refID="6" designID="3820" materials="199">
        <Bone refID="6" transformation="0.98480772972106934,0.17364828288555145,0,-0.17364828288555145,0.98480772972106934,0,0,0,1,0.87797999382019043,2.2703990936279297,-0.11712121963500977">
        </Bone>
      </Part>
    </Brick>
    <Brick refID="3" designID="73200">
      <Part refID="7" designID="3815" materials="199">
        <Bone refID="7" transformation="1,0,0,0,1,0,0,0,1,-0.40000000596046448,1.6000000238418579,-0.80000019073486328">
        </Bone>
      </Part>
      <Part refID="8" designID="3816" materials="28">
        <Bone refID="8" transformation="1,0,0,0,1,0,0,0,1,-0.40000000596046448,0,-0.80000019073486328">
        </Bone>
      </Part>
      <Part refID="9" designID="3817" materials="28">
        <Bone refID="9" transformation="1,0,0,0,1,0,0,0,1,0.40000000596046448,0,-0.80000019073486328">
        </Bone>
      </Part>
    </Brick>
    <Brick refID="4" designID="4497">
      <Part refID="10" designID="4497" materials="199">
        <Bone refID="10" transformation="0.98558169603347778,0.1677311509847641,0.022248217836022377,-0.1677311509847641,0.95125150680541992,0.25881808996200562,0.022248217836022377,-0.25881808996200562,0.96566981077194214,1.2213352918624878,0.32313477993011475,-0.24334716796875">
        </Bone>
      </Part>
    </Brick>
  </Bricks>
  <RigidSystems>
    <RigidSystem>
      <Rigid refID="0" transformation="1,0,0,0,1,0,0,0,1,0,3.8400001525878906,1.9999995231628418" boneRefs="0,1"/>
      <Rigid refID="1" transformation="1,0,0,0,1,0,0,0,1,-0.40000000596046448,1.6000000238418579,2" boneRefs="2,7"/>
      <Rigid refID="2" transformation="0.98325443267822266,-0.1822391003370285,0,0.066060543060302734,0.3564312756061554,0.9319833517074585,-0.16984432935714722,-0.91637647151947021,0.36250138282775879,-0.61999976634979248,2.5100014209747314,1.9999973773956299" boneRefs="3"/>
      <Rigid refID="3" transformation="0.98325490951538086,0.18223549425601959,0,-0.18223549425601959,0.98325490951538086,0,0,0,1,0.62000000476837158,2.5100002288818359,2" boneRefs="4"/>
      <Rigid refID="4" transformation="0.98379242420196533,-0.1791277676820755,0.0081184506416320801,0.057494506239891052,0.35800498723983765,0.93194794654846191,-0.16984418034553528,-0.91637647151947021,0.36250141263008118,-0.96114432811737061,1.8217191696166992,1.9840298891067505" boneRefs="5"/>
      <Rigid refID="5" transformation="0.98480772972106934,0.17364828288555145,0,-0.17364828288555145,0.98480772972106934,0,0,0,1,0.87797999382019043,2.2703990936279297,2.6828789710998535" boneRefs="6"/>
      <Rigid refID="6" transformation="1,0,0,0,1,0,0,0,1,-0.40000000596046448,0,2" boneRefs="8"/>
      <Rigid refID="7" transformation="1,0,0,0,1,0,0,0,1,0.40000000596046448,0,2" boneRefs="9"/>
      <Rigid refID="8" transformation="0.98558169603347778,0.1677311509847641,0.022248217836022377,-0.1677311509847641,0.95125150680541992,0.25881808996200562,0.022248217836022377,-0.25881808996200562,0.96566981077194214,1.2213352918624878,0.32313477993011475,2.5566530227661133" boneRefs="10"/>
      <Joint type="hinge">
        <RigidRef rigidRef="1" a="0,-0.99999994039535522,0" z="1,0,0" t="0.40000000596046448,1.2799999713897705,0"/>
        <RigidRef rigidRef="0" a="0,-0.99999994039535522,0" z="1,0,0" t="0,-0.96000003814697266,0"/>
      </Joint>
      <Joint type="hinge">
        <RigidRef rigidRef="2" a="-1,0,0" z="0,0,0.99999994039535522" t="0.15000000596046448,0,0"/>
        <RigidRef rigidRef="1" a="-0.98325490951538086,0.1822354793548584,0" z="0,0,1" t="-0.072512000799179077,0.88266497850418091,0"/>
      </Joint>
      <Joint type="hinge">
        <RigidRef rigidRef="7" a="-1,0,0" z="0,0,0.99999994039535522" t="-0.22499999403953552,1.125,0"/>
        <RigidRef rigidRef="1" a="-1,0,0" z="0,0,0.99999994039535522" t="0.57499998807907104,-0.47499999403953552,0"/>
      </Joint>
      <Joint type="hinge">
        <RigidRef rigidRef="1" a="1.0000001192092896,0,0" z="0,0,-1" t="0.22550000250339508,-0.47499999403953552,0"/>
        <RigidRef rigidRef="6" a="1.0000001192092896,0,0" z="0,0,-1" t="0.22550000250339508,1.125,0"/>
      </Joint>
      <Joint type="hinge">
        <RigidRef rigidRef="3" a="1.0000001192092896,0,0" z="0,0,-1" t="-0.15000000596046448,0,0"/>
        <RigidRef rigidRef="1" a="0.98325490951538086,0.1822354793548584,0" z="0,0,1" t="0.87251198291778564,0.88266497850418091,0"/>
      </Joint>
      <Joint type="hinge">
        <RigidRef rigidRef="4" a="0,0,1.0000001192092896" z="1.0000001192092896,0,0" t="0,0,0.05000000074505806"/>
        <RigidRef rigidRef="2" a="0,0,1.0000001192092896" z="1.0000001192092896,0,0" t="-0.20999999344348907,-0.28274300694465637,0.73287898302078247"/>
      </Joint>
      <Joint type="hinge">
        <RigidRef rigidRef="5" a="0,0,1.0000001192092896" z="1.0000001192092896,0,0" t="0,0,0.05000000074505806"/>
        <RigidRef rigidRef="3" a="0,0,1.0000001192092896" z="1.0000001192092896,0,0" t="0.20999999344348907,-0.28260299563407898,0.73287898302078247"/>
      </Joint>
      <Joint type="hinge">
        <RigidRef rigidRef="8" a="0,-0.99999994039535522,0" z="1,0,0" t="0,0,0"/>
        <RigidRef rigidRef="5" a="0,-0.96592599153518677,-0.25881806015968323" z="0.99973469972610474,-0.0059616267681121826,0.022248174995183945" t="0,-1.9773041009902954,-0.12622594833374023"/>
      </Joint>
    </RigidSystem>
  </RigidSystems>
  <GroupSystems>
    <GroupSystem>
    </GroupSystem>
  </GroupSystems>
</LXFML>
