<?xml version="1.0" encoding="UTF-8" standalone="no" ?>
<LXFML versionMajor="5" versionMinor="0">
  <Meta>
    <Application name="LEGO Universe" versionMajor="0" versionMinor="0"/>
    <Brand name="LEGOUniverse"/>
    <BrickSet version="61"/>
  </Meta>
  <Bricks>
    <Brick refID="0" designID="57518">
      <Part refID="0" designID="57518" materials="23">
        <Bone refID="0" transformation="1,0,0,0,0.38725724816322327,-0.92197167873382568,0,0.92197167873382568,0.38725724816322327,0,2.6632890701293945,5.3000082969665527">
        </Bone>
      </Part>
    </Brick>
    <Brick refID="1" designID="4274">
      <Part refID="1" designID="4274" materials="106">
        <Bone refID="1" transformation="1,0,0,0,0.92197179794311523,0.38725680112838745,0,-0.38725680112838745,0.92197179794311523,-0.8000030517578125,1.9418665170669556,5.2855000495910645">
        </Bone>
      </Part>
    </Brick>
    <Brick refID="2" designID="4274">
      <Part refID="2" designID="4274" materials="106">
        <Bone refID="2" transformation="1,0,0,0,0.92197179794311523,0.38725680112838745,0,-0.38725680112838745,0.92197179794311523,0.79999637603759766,1.9418665170669556,5.2855000495910645">
        </Bone>
      </Part>
    </Brick>
    <Brick refID="3" designID="2555">
      <Part refID="3" designID="2555" materials="199">
        <Bone refID="3" transformation="-1,0,0,0,0.38725695013999939,-0.92197191715240479,0,-0.92197191715240479,-0.38725671172142029,-0.80000019073486328,2.2516720294952393,4.5479221343994141">
        </Bone>
      </Part>
    </Brick>
    <Brick refID="4" designID="57518">
      <Part refID="4" designID="57518" materials="23">
        <Bone refID="4" transformation="1,0,0,0,0.4137302041053772,-0.91039955615997314,0,0.91039955615997314,0.4137302041053772,-0.019999504089355469,3.7557680606842041,5.796485424041748">
        </Bone>
      </Part>
    </Brick>
    <Brick refID="5" designID="4274">
      <Part refID="5" designID="4274" materials="106">
        <Bone refID="5" transformation="1,0,0,0,0.9103996753692627,0.41372990608215332,0,-0.41372990608215332,0.9103996753692627,-0.81999969482421875,3.0350654125213623,5.7611432075500488">
        </Bone>
      </Part>
    </Brick>
    <Brick refID="6" designID="4274">
      <Part refID="6" designID="4274" materials="106">
        <Bone refID="6" transformation="1,0,0,0,0.9103996753692627,0.41372990608215332,0,-0.41372990608215332,0.9103996753692627,0.77999973297119141,3.0350654125213623,5.7611432075500488">
        </Bone>
      </Part>
    </Brick>
    <Brick refID="7" designID="2555">
      <Part refID="7" designID="2555" materials="199">
        <Bone refID="7" transformation="-1,0,0,0,0.41372987627983093,-0.9103996753692627,0,-0.91039973497390747,-0.41372984647750854,0.78000164031982422,3.36604905128479,5.0328230857849121">
        </Bone>
      </Part>
    </Brick>
    <Brick refID="8" designID="57518">
      <Part refID="8" designID="57518" materials="106">
        <Bone refID="8" transformation="-1,0,0,0,0,1.0000001192092896,0,1.0000001192092896,0,-0.039999961853027344,4.9557681083679199,5.7964849472045898">
        </Bone>
      </Part>
    </Brick>
    <Brick refID="9" designID="57518">
      <Part refID="9" designID="57518" materials="106">
        <Bone refID="9" transformation="0.99999994039535522,0,0,0,0,-1,0,1,0,-0.019999504089355469,6.1557679176330566,5.7964849472045898">
        </Bone>
      </Part>
    </Brick>
    <Brick refID="10" designID="4274">
      <Part refID="10" designID="4274" materials="106">
        <Bone refID="10" transformation="1,0,0,0,1,0,0,0,1,0.77999973297119141,5.4850177764892578,6.0624852180480957">
        </Bone>
      </Part>
    </Brick>
    <Brick refID="11" designID="4274">
      <Part refID="11" designID="4274" materials="106">
        <Bone refID="11" transformation="1,0,0,0,1,0,0,0,1,-0.81999969482421875,5.4850177764892578,6.0624852180480957">
        </Bone>
      </Part>
    </Brick>
    <Brick refID="12" designID="2555">
      <Part refID="12" designID="2555" materials="199">
        <Bone refID="12" transformation="-1,0,0,0,0,-1.0000001192092896,0,-1.0000001192092896,0,0.77999973297119141,5.4850177764892578,5.2624850273132324">
        </Bone>
      </Part>
    </Brick>
    <Brick refID="13" designID="57518">
      <Part refID="13" designID="57518" materials="106">
        <Bone refID="13" transformation="-1,0,0,0,0,1.0000001192092896,0,1.0000001192092896,0,-0.039999961853027344,7.3557677268981934,5.7964849472045898">
        </Bone>
      </Part>
    </Brick>
    <Brick refID="14" designID="57518">
      <Part refID="14" designID="57518" materials="23">
        <Bone refID="14" transformation="-1,0,0,0,0.38725852966308594,0.92197108268737793,0,0.92197108268737793,-0.38725858926773071,-0.060000419616699219,8.4621334075927734,5.3317742347717285">
        </Bone>
      </Part>
    </Brick>
    <Brick refID="15" designID="4274">
      <Part refID="15" designID="4274" materials="106">
        <Bone refID="15" transformation="-1,0,0,0,0.92197149991989136,-0.38725826144218445,0,-0.38725829124450684,-0.92197132110595703,-0.8600006103515625,7.7407107353210449,5.3462843894958496">
        </Bone>
      </Part>
    </Brick>
    <Brick refID="16" designID="4274">
      <Part refID="16" designID="4274" materials="106">
        <Bone refID="16" transformation="-1,0,0,0,0.92197149991989136,-0.38725823163986206,0,-0.38725826144218445,-0.92197132110595703,0.73999881744384766,7.7407107353210449,5.3462843894958496">
        </Bone>
      </Part>
    </Brick>
    <Brick refID="17" designID="6190">
      <Part refID="17" designID="6190" materials="21">
        <Bone refID="17" transformation="1,0,0,0,0.3872581422328949,0.92197138071060181,0,-0.92197126150131226,0.38725808262825012,-0.86000251770019531,8.0505170822143555,6.0838613510131836">
        </Bone>
      </Part>
    </Brick>
    <Brick refID="18" designID="57518">
      <Part refID="18" designID="57518" materials="23">
        <Bone refID="18" transformation="-1,0,0,0,0.38725852966308594,0.92197120189666748,0,0.92197120189666748,-0.38725847005844116,-0.080000877380371094,9.5684986114501953,4.8670639991760254">
        </Bone>
      </Part>
    </Brick>
    <Brick refID="19" designID="4274">
      <Part refID="19" designID="4274" materials="106">
        <Bone refID="19" transformation="-1,0,0,0,0.92197155952453613,-0.38725826144218445,0,-0.38725829124450684,-0.92197132110595703,-0.88000106811523438,8.8470754623413086,4.8815736770629883">
        </Bone>
      </Part>
    </Brick>
    <Brick refID="20" designID="4274">
      <Part refID="20" designID="4274" materials="106">
        <Bone refID="20" transformation="-1,0,0,0,0.92197155952453613,-0.38725826144218445,0,-0.38725829124450684,-0.92197132110595703,0.71999835968017578,8.8470754623413086,4.8815736770629883">
        </Bone>
      </Part>
    </Brick>
    <Brick refID="21" designID="6190">
      <Part refID="21" designID="6190" materials="21">
        <Bone refID="21" transformation="1,0,0,0,0.38725811243057251,0.92197138071060181,0,-0.92197138071060181,0.38725811243057251,-0.88000202178955078,9.1568813323974609,5.6191501617431641">
        </Bone>
      </Part>
    </Brick>
    <Brick refID="22" designID="57518">
      <Part refID="22" designID="57518" materials="23">
        <Bone refID="22" transformation="-1,0,0,0,0.38725709915161133,0.92197179794311523,0,0.92197179794311523,-0.38725703954696655,-0.060000419616699219,10.674863815307617,4.4023556709289551">
        </Bone>
      </Part>
    </Brick>
    <Brick refID="23" designID="4274">
      <Part refID="23" designID="4274" materials="106">
        <Bone refID="23" transformation="-1,0,0,0,0.92197155952453613,-0.38725826144218445,0,-0.38725829124450684,-0.92197132110595703,-0.8600006103515625,9.9534397125244141,4.4168634414672852">
        </Bone>
      </Part>
    </Brick>
    <Brick refID="24" designID="4274">
      <Part refID="24" designID="4274" materials="106">
        <Bone refID="24" transformation="-1,0,0,0,0.92197155952453613,-0.38725826144218445,0,-0.38725829124450684,-0.92197132110595703,0.73999881744384766,9.9534397125244141,4.4168634414672852">
        </Bone>
      </Part>
    </Brick>
    <Brick refID="25" designID="6190">
      <Part refID="25" designID="6190" materials="21">
        <Bone refID="25" transformation="1,0,0,0,0.3872581422328949,0.92197138071060181,0,-0.92197132110595703,0.38725811243057251,-0.86000156402587891,10.263246536254883,5.1544394493103027">
        </Bone>
      </Part>
    </Brick>
    <Brick refID="26" designID="57518">
      <Part refID="26" designID="57518" materials="23">
        <Bone refID="26" transformation="-1,0,0,0,1,0,0,0,-1,-0.080000877380371094,10.674863815307617,3.2023561000823975">
        </Bone>
      </Part>
    </Brick>
    <Brick refID="27" designID="4274">
      <Part refID="27" designID="4274" materials="106">
        <Bone refID="27" transformation="0.99999994039535522,0,0,0,0,1,0,-1,0,0.71999835968017578,10.40886402130127,3.8731062412261963">
        </Bone>
      </Part>
    </Brick>
    <Brick refID="28" designID="4274">
      <Part refID="28" designID="4274" materials="106">
        <Bone refID="28" transformation="0.99999994039535522,0,0,0,0,1,0,-1,0,-0.88000106811523438,10.40886402130127,3.8731062412261963">
        </Bone>
      </Part>
    </Brick>
    <Brick refID="29" designID="6190">
      <Part refID="29" designID="6190" materials="21">
        <Bone refID="29" transformation="1,0,0,0,1,0,0,0,1,-0.88000106811523438,11.208864212036133,3.8731062412261963">
        </Bone>
      </Part>
    </Brick>
    <Brick refID="30" designID="57518">
      <Part refID="30" designID="57518" materials="23">
        <Bone refID="30" transformation="-1,0,0,0,1,0,0,0,-1,-0.060000419616699219,10.674863815307617,2.0023558139801025">
        </Bone>
      </Part>
    </Brick>
    <Brick refID="31" designID="4274">
      <Part refID="31" designID="4274" materials="106">
        <Bone refID="31" transformation="0.99999994039535522,0,0,0,0,1,0,-1,0,0.73999881744384766,10.40886402130127,2.6731059551239014">
        </Bone>
      </Part>
    </Brick>
    <Brick refID="32" designID="4274">
      <Part refID="32" designID="4274" materials="106">
        <Bone refID="32" transformation="0.99999994039535522,0,0,0,0,1,0,-1,0,-0.85999965667724609,10.40886402130127,2.6731054782867432">
        </Bone>
      </Part>
    </Brick>
    <Brick refID="33" designID="6190">
      <Part refID="33" designID="6190" materials="21">
        <Bone refID="33" transformation="-1,0,0,0,1,0,0,0,-1,0.73999881744384766,11.208864212036133,2.6731057167053223">
        </Bone>
      </Part>
    </Brick>
    <Brick refID="34" designID="57518">
      <Part refID="34" designID="57518" materials="23">
        <Bone refID="34" transformation="-1,0,0,0,1,0,0,0,-1,-0.080000877380371094,10.674863815307617,0.80235582590103149">
        </Bone>
      </Part>
    </Brick>
    <Brick refID="35" designID="4274">
      <Part refID="35" designID="4274" materials="106">
        <Bone refID="35" transformation="0.99999994039535522,0,0,0,0,1,0,-1,0,-0.88000011444091797,10.40886402130127,1.4731059074401855">
        </Bone>
      </Part>
    </Brick>
    <Brick refID="36" designID="4274">
      <Part refID="36" designID="4274" materials="106">
        <Bone refID="36" transformation="0.99999994039535522,0,0,0,0,1,0,-1,0,0.71999835968017578,10.40886402130127,1.4731059074401855">
        </Bone>
      </Part>
    </Brick>
    <Brick refID="37" designID="6190">
      <Part refID="37" designID="6190" materials="21">
        <Bone refID="37" transformation="-1,0,0,0,1,0,0,0,-1,0.71999835968017578,11.208864212036133,1.4731059074401855">
        </Bone>
      </Part>
    </Brick>
    <Brick refID="38" designID="6019">
      <Part refID="38" designID="6019" materials="23">
        <Bone refID="38" transformation="1,0,0,0,1,0,0,0,1,-0.48500156402587891,10.426863670349121,0.0023558139801025391">
        </Bone>
      </Part>
    </Brick>
    <Brick refID="39" designID="59233">
      <Part refID="39" designID="59233" materials="43">
        <Bone refID="39" transformation="0.1030116081237793,0,-0.99468016624450684,0,-1,0,-0.99468016624450684,0,-0.10301154851913452,0.77999973297119141,5.6250181198120117,4.6944851875305176">
        </Bone>
      </Part>
    </Brick>
    <Brick refID="40" designID="59233">
      <Part refID="40" designID="59233" materials="41">
        <Bone refID="40" transformation="0.10301154851913452,0.41152477264404297,-0.90555840730667114,0,-0.91040158271789551,-0.41372570395469666,-0.99468022584915161,0.04261818528175354,-0.093781888484954834,0.78000164031982422,3.7285032272338867,4.5736393928527832">
        </Bone>
      </Part>
    </Brick>
    <Brick refID="41" designID="57518">
      <Part refID="41" designID="57518" materials="23">
        <Bone refID="41" transformation="1,0,0,0,0.38725855946540833,-0.92197114229202271,0,0.92197114229202271,0.38725855946540833,0.019997596740722656,1.5569236278533936,4.8352999687194824">
        </Bone>
      </Part>
    </Brick>
    <Brick refID="42" designID="4274">
      <Part refID="42" designID="4274" materials="106">
        <Bone refID="42" transformation="1,0,0,0,0.92197120189666748,0.38725841045379639,0,-0.38725841045379639,0.92197120189666748,-0.78000259399414063,0.83550065755844116,4.8207902908325195">
        </Bone>
      </Part>
    </Brick>
    <Brick refID="43" designID="4274">
      <Part refID="43" designID="4274" materials="106">
        <Bone refID="43" transformation="1,0,0,0,0.92197120189666748,0.38725841045379639,0,-0.38725841045379639,0.92197120189666748,0.81999683380126953,0.83550107479095459,4.8207907676696777">
        </Bone>
      </Part>
    </Brick>
    <Brick refID="44" designID="6190">
      <Part refID="44" designID="6190" materials="21">
        <Bone refID="44" transformation="1,0,0,0,0.38725823163986206,-0.92197126150131226,0,0.92197126150131226,0.38725823163986206,-0.78000354766845703,1.1453080177307129,4.0832133293151855">
        </Bone>
      </Part>
    </Brick>
    <Brick refID="45" designID="48336">
      <Part refID="45" designID="48336" materials="23">
        <Bone refID="45" transformation="-1,0,0,0,1,0,0,0,-1,0.41999912261962891,0.20255826413631439,5.1705889701843262">
        </Bone>
      </Part>
    </Brick>
    <Brick refID="46" designID="59233">
      <Part refID="46" designID="59233" materials="43">
        <Bone refID="46" transformation="0.10301148891448975,0.38519686460494995,-0.91706717014312744,0,-0.92197185754776001,-0.38725695013999939,-0.99468028545379639,0.039891481399536133,-0.094973623752593994,-0.80000019073486328,2.6007099151611328,4.078458309173584">
        </Bone>
      </Part>
    </Brick>
    <Brick refID="47" designID="57518">
      <Part refID="47" designID="57518" materials="23">
        <Bone refID="47" transformation="-1,0,0,0,0.41373002529144287,0.91039955615997314,0,0.91039955615997314,-0.41373008489608765,0.020001411437988281,3.7557680606842041,-5.7964859008789062">
        </Bone>
      </Part>
    </Brick>
    <Brick refID="48" designID="4274">
      <Part refID="48" designID="4274" materials="106">
        <Bone refID="48" transformation="-1,0,0,0,0.91039973497390747,-0.41373088955879211,0,-0.41373085975646973,-0.91039931774139404,-0.779998779296875,3.0350651741027832,-5.7611427307128906">
        </Bone>
      </Part>
    </Brick>
    <Brick refID="49" designID="4274">
      <Part refID="49" designID="4274" materials="106">
        <Bone refID="49" transformation="-1,0,0,0,0.91039973497390747,-0.41373088955879211,0,-0.41373085975646973,-0.91039931774139404,0.82000064849853516,3.035064697265625,-5.7611427307128906">
        </Bone>
      </Part>
    </Brick>
    <Brick refID="50" designID="2555">
      <Part refID="50" designID="2555" materials="199">
        <Bone refID="50" transformation="1,0,0,0,0.41373085975646973,0.91039931774139404,0,-0.91039931774139404,0.41373088955879211,0.82000064849853516,3.3660497665405273,-5.0328235626220703">
        </Bone>
      </Part>
    </Brick>
    <Brick refID="51" designID="2555">
      <Part refID="51" designID="2555" materials="199">
        <Bone refID="51" transformation="1,0,0,0,0.41373085975646973,0.91039931774139404,0,-0.91039931774139404,0.41373088955879211,-0.77999973297119141,3.3660495281219482,-5.0328230857849121">
        </Bone>
      </Part>
    </Brick>
    <Brick refID="52" designID="57518">
      <Part refID="52" designID="57518" materials="23">
        <Bone refID="52" transformation="-1,0,0,0,0.38725709915161133,0.92197179794311523,0,0.92197179794311523,-0.38725703954696655,0,2.6632890701293945,-5.3000087738037109">
        </Bone>
      </Part>
    </Brick>
    <Brick refID="53" designID="4274">
      <Part refID="53" designID="4274" materials="106">
        <Bone refID="53" transformation="-1,0,0,0,0.92197161912918091,-0.38725832104682922,0,-0.38725832104682922,-0.92197126150131226,-0.79999923706054688,1.9418660402297974,-5.2855005264282227">
        </Bone>
      </Part>
    </Brick>
    <Brick refID="54" designID="4274">
      <Part refID="54" designID="4274" materials="106">
        <Bone refID="54" transformation="-1,0,0,0,0.92197161912918091,-0.38725832104682922,0,-0.38725832104682922,-0.92197126150131226,0.80000019073486328,1.9418660402297974,-5.2855005264282227">
        </Bone>
      </Part>
    </Brick>
    <Brick refID="55" designID="2555">
      <Part refID="55" designID="2555" materials="199">
        <Bone refID="55" transformation="1,0,0,0,0.38725826144218445,0.92197132110595703,0,-0.92197126150131226,0.38725826144218445,0.79999828338623047,2.2516727447509766,-4.5479235649108887">
        </Bone>
      </Part>
    </Brick>
    <Brick refID="56" designID="2555">
      <Part refID="56" designID="2555" materials="199">
        <Bone refID="56" transformation="1,0,0,0,0.38725826144218445,0.92197132110595703,0,-0.92197126150131226,0.38725826144218445,-0.80000019073486328,2.2516727447509766,-4.5479240417480469">
        </Bone>
      </Part>
    </Brick>
    <Brick refID="57" designID="57518">
      <Part refID="57" designID="57518" materials="23">
        <Bone refID="57" transformation="-1,0,0,0,0.38725852966308594,0.92197120189666748,0,0.92197120189666748,-0.38725847005844116,-0.019999504089355469,1.5569236278533936,-4.8353004455566406">
        </Bone>
      </Part>
    </Brick>
    <Brick refID="58" designID="4274">
      <Part refID="58" designID="4274" materials="106">
        <Bone refID="58" transformation="-1,0,0,0,0.92197144031524658,-0.38725826144218445,0,-0.38725823163986206,-0.92197132110595703,-0.81999969482421875,0.83550059795379639,-4.8207912445068359">
        </Bone>
      </Part>
    </Brick>
    <Brick refID="59" designID="4274">
      <Part refID="59" designID="4274" materials="106">
        <Bone refID="59" transformation="-1,0,0,0,0.92197155952453613,-0.38725829124450684,0,-0.38725832104682922,-0.92197132110595703,0.77999973297119141,0.83550024032592773,-4.8207912445068359">
        </Bone>
      </Part>
    </Brick>
    <Brick refID="60" designID="6190">
      <Part refID="60" designID="6190" materials="21">
        <Bone refID="60" transformation="1,0,0,0,0.38725826144218445,0.92197132110595703,0,-0.92197132110595703,0.38725826144218445,-0.82000064849853516,1.1453068256378174,-4.083214282989502">
        </Bone>
      </Part>
    </Brick>
    <Brick refID="61" designID="48336">
      <Part refID="61" designID="48336" materials="23">
        <Bone refID="61" transformation="1,0,0,0,1,0,0,0,1,-0.38999843597412109,0.20255826413631439,-5.1705904006958008">
        </Bone>
      </Part>
    </Brick>
    <Brick refID="62" designID="57518">
      <Part refID="62" designID="57518" materials="106">
        <Bone refID="62" transformation="0.99999994039535522,0,0,0,0,-1,0,1,0,0,4.9557681083679199,-5.7964859008789062">
        </Bone>
      </Part>
    </Brick>
    <Brick refID="63" designID="57518">
      <Part refID="63" designID="57518" materials="106">
        <Bone refID="63" transformation="-1,0,0,0,0,1.0000001192092896,0,1.0000001192092896,0,0.019997596740722656,6.1557683944702148,-5.7964859008789062">
        </Bone>
      </Part>
    </Brick>
    <Brick refID="64" designID="4274">
      <Part refID="64" designID="4274" materials="106">
        <Bone refID="64" transformation="-1,0,0,0,1,0,0,0,-1,-0.78000259399414063,5.4850187301635742,-6.0624856948852539">
        </Bone>
      </Part>
    </Brick>
    <Brick refID="65" designID="4274">
      <Part refID="65" designID="4274" materials="106">
        <Bone refID="65" transformation="-1,0,0,0,1,0,0,0,-1,0.81999683380126953,5.4850187301635742,-6.0624856948852539">
        </Bone>
      </Part>
    </Brick>
    <Brick refID="66" designID="2555">
      <Part refID="66" designID="2555" materials="199">
        <Bone refID="66" transformation="0.99999994039535522,0,0,0,0,1,0,-1,0,0.81999683380126953,5.485018253326416,-5.262486457824707">
        </Bone>
      </Part>
    </Brick>
    <Brick refID="67" designID="2555">
      <Part refID="67" designID="2555" materials="199">
        <Bone refID="67" transformation="0.99999994039535522,0,0,0,0,1,0,-1,0,-0.78000354766845703,5.485018253326416,-5.262486457824707">
        </Bone>
      </Part>
    </Brick>
    <Brick refID="68" designID="57518">
      <Part refID="68" designID="57518" materials="106">
        <Bone refID="68" transformation="0.99999994039535522,0,0,0,0,-1,0,1,0,0.040001869201660156,7.3557686805725098,-5.7964878082275391">
        </Bone>
      </Part>
    </Brick>
    <Brick refID="69" designID="57518">
      <Part refID="69" designID="57518" materials="23">
        <Bone refID="69" transformation="1,0,0,0,1,0,0,0,1,0.079997062683105469,10.67486572265625,-0.8023560643196106">
        </Bone>
      </Part>
    </Brick>
    <Brick refID="70" designID="4274">
      <Part refID="70" designID="4274" materials="106">
        <Bone refID="70" transformation="0.99999994039535522,0,0,0,0,1,0,-1,0,0.87999629974365234,10.408865928649902,-1.4731061458587646">
        </Bone>
      </Part>
    </Brick>
    <Brick refID="71" designID="4274">
      <Part refID="71" designID="4274" materials="106">
        <Bone refID="71" transformation="0.99999994039535522,0,0,0,0,1,0,-1,0,-0.72000217437744141,10.408865928649902,-1.4731061458587646">
        </Bone>
      </Part>
    </Brick>
    <Brick refID="72" designID="6190">
      <Part refID="72" designID="6190" materials="21">
        <Bone refID="72" transformation="-1,0,0,0,1,0,0,0,-1,0.87999629974365234,11.208866119384766,-1.4731062650680542">
        </Bone>
      </Part>
    </Brick>
    <Brick refID="73" designID="57518">
      <Part refID="73" designID="57518" materials="23">
        <Bone refID="73" transformation="1,0,0,0,1,0,0,0,1,0.059998512268066406,10.67486572265625,-2.0023562908172607">
        </Bone>
      </Part>
    </Brick>
    <Brick refID="74" designID="4274">
      <Part refID="74" designID="4274" materials="106">
        <Bone refID="74" transformation="0.99999994039535522,0,0,0,0,1,0,-1,0,0.85999774932861328,10.408865928649902,-2.6731064319610596">
        </Bone>
      </Part>
    </Brick>
    <Brick refID="75" designID="4274">
      <Part refID="75" designID="4274" materials="106">
        <Bone refID="75" transformation="0.99999994039535522,0,0,0,0,1,0,-1,0,-0.74000072479248047,10.408865928649902,-2.6731064319610596">
        </Bone>
      </Part>
    </Brick>
    <Brick refID="76" designID="6190">
      <Part refID="76" designID="6190" materials="21">
        <Bone refID="76" transformation="-1,0,0,0,1,0,0,0,-1,0.85999774932861328,11.208866119384766,-2.6731066703796387">
        </Bone>
      </Part>
    </Brick>
    <Brick refID="77" designID="57518">
      <Part refID="77" designID="57518" materials="23">
        <Bone refID="77" transformation="1,0,0,0,1,0,0,0,1,0.039998054504394531,10.67486572265625,-3.2023565769195557">
        </Bone>
      </Part>
    </Brick>
    <Brick refID="78" designID="4274">
      <Part refID="78" designID="4274" materials="106">
        <Bone refID="78" transformation="0.99999994039535522,0,0,0,0,1,0,-1,0,0.83999729156494141,10.408865928649902,-3.8731067180633545">
        </Bone>
      </Part>
    </Brick>
    <Brick refID="79" designID="4274">
      <Part refID="79" designID="4274" materials="106">
        <Bone refID="79" transformation="0.99999994039535522,0,0,0,0,1,0,-1,0,-0.76000118255615234,10.408865928649902,-3.8731067180633545">
        </Bone>
      </Part>
    </Brick>
    <Brick refID="80" designID="6190">
      <Part refID="80" designID="6190" materials="21">
        <Bone refID="80" transformation="-1,0,0,0,1,0,0,0,-1,0.83999729156494141,11.208866119384766,-3.8731069564819336">
        </Bone>
      </Part>
    </Brick>
    <Brick refID="81" designID="57518">
      <Part refID="81" designID="57518" materials="23">
        <Bone refID="81" transformation="1,0,0,0,0.38725724816322327,-0.92197167873382568,0,0.92197167873382568,0.38725724816322327,0.019999504089355469,10.674864768981934,-4.4023571014404297">
        </Bone>
      </Part>
    </Brick>
    <Brick refID="82" designID="4274">
      <Part refID="82" designID="4274" materials="106">
        <Bone refID="82" transformation="1,0,0,0,0.92197108268737793,0.38725852966308594,0,-0.38725852966308594,0.92197108268737793,0.81999874114990234,9.9534416198730469,-4.416865348815918">
        </Bone>
      </Part>
    </Brick>
    <Brick refID="83" designID="4274">
      <Part refID="83" designID="4274" materials="106">
        <Bone refID="83" transformation="1,0,0,0,0.92197108268737793,0.38725852966308594,0,-0.38725852966308594,0.92197108268737793,-0.78000068664550781,9.9534416198730469,-4.416865348815918">
        </Bone>
      </Part>
    </Brick>
    <Brick refID="84" designID="6190">
      <Part refID="84" designID="6190" materials="21">
        <Bone refID="84" transformation="1,0,0,0,0.38725820183753967,-0.92197120189666748,0,0.92197120189666748,0.38725820183753967,-0.78000259399414063,10.263247489929199,-5.1544427871704102">
        </Bone>
      </Part>
    </Brick>
    <Brick refID="85" designID="57518">
      <Part refID="85" designID="57518" materials="23">
        <Bone refID="85" transformation="1,0,0,0,0.38725855946540833,-0.92197114229202271,0,0.92197114229202271,0.38725855946540833,0.039999961853027344,9.5684995651245117,-4.8670654296875">
        </Bone>
      </Part>
    </Brick>
    <Brick refID="86" designID="4274">
      <Part refID="86" designID="4274" materials="106">
        <Bone refID="86" transformation="1,0,0,0,0.92197126150131226,0.38725829124450684,0,-0.38725829124450684,0.92197126150131226,0.83999919891357422,8.847076416015625,-4.8815746307373047">
        </Bone>
      </Part>
    </Brick>
    <Brick refID="87" designID="4274">
      <Part refID="87" designID="4274" materials="106">
        <Bone refID="87" transformation="1,0,0,0,0.92197114229202271,0.38725858926773071,0,-0.38725858926773071,0.92197114229202271,-0.76000022888183594,8.847076416015625,-4.8815746307373047">
        </Bone>
      </Part>
    </Brick>
    <Brick refID="88" designID="6190">
      <Part refID="88" designID="6190" materials="21">
        <Bone refID="88" transformation="1,0,0,0,0.38725823163986206,-0.92197126150131226,0,0.92197126150131226,0.38725823163986206,-0.76000213623046875,9.1568822860717773,-5.6191515922546387">
        </Bone>
      </Part>
    </Brick>
    <Brick refID="89" designID="6019">
      <Part refID="89" designID="6019" materials="23">
        <Bone refID="89" transformation="-1,0,0,0,1,0,0,0,-1,0.40499782562255859,10.426865577697754,-0.0023560523986816406">
        </Bone>
      </Part>
    </Brick>
    <Brick refID="90" designID="57518">
      <Part refID="90" designID="57518" materials="23">
        <Bone refID="90" transformation="1,0,0,0,0.38725855946540833,-0.92197114229202271,0,0.92197114229202271,0.38725855946540833,0.059998512268066406,8.4621343612670898,-5.3317756652832031">
        </Bone>
      </Part>
    </Brick>
    <Brick refID="91" designID="4274">
      <Part refID="91" designID="4274" materials="106">
        <Bone refID="91" transformation="1,0,0,0,0.92197132110595703,0.38725811243057251,0,-0.38725811243057251,0.92197132110595703,0.85999774932861328,7.7407102584838867,-5.3462843894958496">
        </Bone>
      </Part>
    </Brick>
    <Brick refID="92" designID="4274">
      <Part refID="92" designID="4274" materials="106">
        <Bone refID="92" transformation="1,0,0,0,0.92197132110595703,0.38725811243057251,0,-0.38725811243057251,0.92197132110595703,-0.74000072479248047,7.7407102584838867,-5.3462843894958496">
        </Bone>
      </Part>
    </Brick>
    <Brick refID="93" designID="6190">
      <Part refID="93" designID="6190" materials="21">
        <Bone refID="93" transformation="1,0,0,0,0.38725855946540833,-0.92197114229202271,0,0.92197114229202271,0.38725855946540833,-0.74000358581542969,8.0505170822143555,-6.0838618278503418">
        </Bone>
      </Part>
    </Brick>
    <Brick refID="94" designID="59233">
      <Part refID="94" designID="59233" materials="43">
        <Bone refID="94" transformation="-0.1030113697052002,0.38519883155822754,0.91706639528274536,0,-0.92197096347808838,0.38725897669792175,0.99468034505844116,0.039891928434371948,0.094973742961883545,0.79999828338623047,2.6007113456726074,-4.0784597396850586">
        </Bone>
      </Part>
    </Brick>
    <Brick refID="95" designID="59233">
      <Part refID="95" designID="59233" materials="41">
        <Bone refID="95" transformation="-0.10301154851913452,0.41152492165565491,0.90555834770202637,0,-0.91040152311325073,0.41372591257095337,0.99468016624450684,0.042618677020072937,0.093781948089599609,-0.77999973297119141,3.7285041809082031,-4.5736398696899414">
        </Bone>
      </Part>
    </Brick>
    <Brick refID="96" designID="59233">
      <Part refID="96" designID="59233" materials="43">
        <Bone refID="96" transformation="-0.10301142930984497,0,0.99468022584915161,0,-1,0,0.99468022584915161,0,0.1030116081237793,0.81999683380126953,5.6250171661376953,-4.6944866180419922">
        </Bone>
      </Part>
    </Brick>
  </Bricks>
  <RigidSystems>
    <RigidSystem>
      <Rigid refID="0" transformation="1,0,0,0,0.38725724816322327,-0.92197167873382568,0,0.92197167873382568,0.38725724816322327,15.599996566772461,2.6632893085479736,6.100008487701416" boneRefs="0,1,2,3"/>
      <Rigid refID="1" transformation="1,0,0,0,0.4137302041053772,-0.91039955615997314,0,0.91039955615997314,0.4137302041053772,15.579999923706055,3.7557682991027832,6.5964856147766113" boneRefs="4,5,6,7"/>
      <Rigid refID="2" transformation="-1,0,0,0,0,1.0000001192092896,0,1.0000001192092896,0,15.559999465942383,4.9557685852050781,6.5964851379394531" boneRefs="8"/>
      <Rigid refID="3" transformation="0.99999994039535522,0,0,0,0,-1,0,1,0,15.579999923706055,6.1557683944702148,6.5964851379394531" boneRefs="9,10,11,12"/>
      <Rigid refID="4" transformation="-1,0,0,0,0,1.0000001192092896,0,1.0000001192092896,0,15.559999465942383,7.3557682037353516,6.5964851379394531" boneRefs="13"/>
      <Rigid refID="5" transformation="-1,0,0,0,0.38725852966308594,0.92197108268737793,0,0.92197108268737793,-0.38725858926773071,15.539999008178711,8.4621334075927734,6.1317744255065918" boneRefs="14,15,16,17"/>
      <Rigid refID="6" transformation="-1,0,0,0,0.38725852966308594,0.92197120189666748,0,0.92197120189666748,-0.38725847005844116,15.519998550415039,9.5684986114501953,5.6670641899108887" boneRefs="18,19,20,21"/>
      <Rigid refID="7" transformation="-1,0,0,0,0.38725709915161133,0.92197179794311523,0,0.92197179794311523,-0.38725703954696655,15.539999008178711,10.674863815307617,5.2023558616638184" boneRefs="22,23,24,25"/>
      <Rigid refID="8" transformation="-1,0,0,0,1,0,0,0,-1,15.519998550415039,10.674863815307617,4.0023560523986816" boneRefs="26,27,28,29"/>
      <Rigid refID="9" transformation="-1,0,0,0,1,0,0,0,-1,15.539999008178711,10.674863815307617,2.8023557662963867" boneRefs="30,31,32,33"/>
      <Rigid refID="10" transformation="-1,0,0,0,1,0,0,0,-1,15.519998550415039,10.674863815307617,1.6023558378219604" boneRefs="34,35,36,37"/>
      <Rigid refID="11" transformation="1,0,0,0,1,0,0,0,1,15.114997863769531,10.426863670349121,0.80235582590103149" boneRefs="38"/>
      <Rigid refID="12" transformation="0.1030116081237793,0,-0.99468016624450684,0,-1,0,-0.99468016624450684,0,-0.10301154851913452,16.379999160766602,5.6250185966491699,5.4944853782653809" boneRefs="39"/>
      <Rigid refID="13" transformation="0.10301154851913452,0.41152477264404297,-0.90555840730667114,0,-0.91040158271789551,-0.41372570395469666,-0.99468022584915161,0.04261818528175354,-0.093781888484954834,16.380001068115234,3.7285034656524658,5.3736395835876465" boneRefs="40"/>
      <Rigid refID="14" transformation="1,0,0,0,0.38725855946540833,-0.92197114229202271,0,0.92197114229202271,0.38725855946540833,15.619997024536133,1.5569238662719727,5.6353001594543457" boneRefs="41,42,43,44"/>
      <Rigid refID="15" transformation="-1,0,0,0,1,0,0,0,-1,16.019998550415039,0.20255851745605469,5.9705891609191895" boneRefs="45"/>
      <Rigid refID="16" transformation="0.10301148891448975,0.38519686460494995,-0.91706717014312744,0,-0.92197185754776001,-0.38725695013999939,-0.99468028545379639,0.039891481399536133,-0.094973623752593994,14.799999237060547,2.6007101535797119,4.8784584999084473" boneRefs="46"/>
      <Joint type="hinge">
        <RigidRef rigidRef="1" a="1.0000001192092896,0,0" z="0,0,-1" t="0.54500013589859009,0,-1.2000001668930054"/>
        <RigidRef rigidRef="0" a="1.0000001192092896,0,0" z="0,0.0288887619972229,-0.99958264827728271" t="0.52500343322753906,0,0"/>
      </Joint>
      <Joint type="hinge">
        <RigidRef rigidRef="14" a="-1.0000001192092896,0,0" z="0,1.0000001192092896,0" t="-0.56500011682510376,0,0"/>
        <RigidRef rigidRef="0" a="-1.0000001192092896,0,0" z="0,1.0000001192092896,0" t="-0.54500007629394531,0,-1.1999993324279785"/>
      </Joint>
      <Joint type="hinge">
        <RigidRef rigidRef="16" a="0,1,0" z="0,0,1" t="0,0.30000001192092896,0"/>
        <RigidRef rigidRef="0" a="0,0,-1" z="-0.99468028545379639,0.10301125794649124,0" t="-0.79999738931655884,1.1019997596740723,-0.8307502269744873"/>
      </Joint>
      <Joint type="hinge">
        <RigidRef rigidRef="2" a="-1.0000001192092896,0,0" z="0,0,-1" t="-0.54500001668930054,0,-1.2000000476837158"/>
        <RigidRef rigidRef="1" a="1.0000001192092896,0,0" z="0,-0.4137302041053772,-0.9103996753692627" t="0.52499961853027344,0,0"/>
      </Joint>
      <Joint type="hinge">
        <RigidRef rigidRef="13" a="0,1,0" z="0,0,1" t="0,0.30000001192092896,0"/>
        <RigidRef rigidRef="1" a="0,0,-1" z="-0.99468022584915161,0.10301142185926437,0" t="0.80000108480453491,1.1019966602325439,-0.8307502269744873"/>
      </Joint>
      <Joint type="hinge">
        <RigidRef rigidRef="3" a="-1.0000001192092896,0,0" z="0,0,-1" t="-0.54500001668930054,0,-1.2000000476837158"/>
        <RigidRef rigidRef="2" a="1,0,0" z="0,0,-0.99999988079071045" t="0.52499961853027344,0,0"/>
      </Joint>
      <Joint type="hinge">
        <RigidRef rigidRef="4" a="-1.0000001192092896,0,0" z="0,0,-1" t="-0.54500001668930054,0,-1.2000000476837158"/>
        <RigidRef rigidRef="3" a="1.0000002384185791,0,0" z="0,0,-1.0000001192092896" t="0.52499961853027344,0,0"/>
      </Joint>
      <Joint type="hinge">
        <RigidRef rigidRef="12" a="0,1,0" z="0,0,1" t="0,0.30000001192092896,0"/>
        <RigidRef rigidRef="3" a="0,0,-1" z="-0.99468028545379639,0.10301154851913452,0" t="0.79999929666519165,1.1019992828369141,-0.83075040578842163"/>
      </Joint>
      <Joint type="hinge">
        <RigidRef rigidRef="5" a="1.0000001192092896,0,0" z="0,0,-1" t="0.54500013589859009,0,-1.2000001668930054"/>
        <RigidRef rigidRef="4" a="1.0000001192092896,0,0" z="0,0.38725870847702026,-0.92197102308273315" t="0.56500053405761719,0,0"/>
      </Joint>
      <Joint type="hinge">
        <RigidRef rigidRef="6" a="1.0000001192092896,0,0" z="0,0,-1" t="0.54500013589859009,0,-1.2000001668930054"/>
        <RigidRef rigidRef="5" a="1.0000001192092896,0,0" z="0,0,-1.0000001192092896" t="0.56500053405761719,0,0"/>
      </Joint>
      <Joint type="hinge">
        <RigidRef rigidRef="7" a="1.0000001192092896,0,0" z="0,0,-1" t="0.54500013589859009,0,-1.2000001668930054"/>
        <RigidRef rigidRef="6" a="1.0000001192092896,0,0" z="0,0,-1" t="0.52499961853027344,0,0"/>
      </Joint>
      <Joint type="hinge">
        <RigidRef rigidRef="8" a="1.0000001192092896,0,0" z="0,0,-1" t="0.54500013589859009,0,-1.2000001668930054"/>
        <RigidRef rigidRef="7" a="1.0000001192092896,0,0" z="0,0.92197179794311523,-0.38725703954696655" t="0.56500053405761719,0,0"/>
      </Joint>
      <Joint type="hinge">
        <RigidRef rigidRef="9" a="1.0000001192092896,0,0" z="0,0,-1" t="0.54500013589859009,0,-1.2000001668930054"/>
        <RigidRef rigidRef="8" a="1.0000001192092896,0,0" z="0,0,-1" t="0.52499961853027344,0,0"/>
      </Joint>
      <Joint type="hinge">
        <RigidRef rigidRef="10" a="1.0000001192092896,0,0" z="0,0,-1" t="0.54500013589859009,0,-1.2000001668930054"/>
        <RigidRef rigidRef="9" a="1.0000001192092896,0,0" z="0,0,-1" t="0.56500053405761719,0,0"/>
      </Joint>
      <Joint type="hinge">
        <RigidRef rigidRef="11" a="-1.0000001192092896,0,0" z="0,1.0000001192092896,0" t="-0.1600000262260437,0.24800001084804535,0.80000001192092896"/>
        <RigidRef rigidRef="10" a="1.0000001192092896,0,0" z="0,1.0000001192092896,0" t="0.56500053405761719,0,0"/>
      </Joint>
      <Joint type="hinge">
        <RigidRef rigidRef="15" a="1,0,0" z="0,0,0.99999994039535522" t="0.97499996423721313,0.24799995124340057,0.80000001192092896"/>
        <RigidRef rigidRef="14" a="-1,0,0" z="0,0.92197108268737793,-0.38725852966308594" t="-0.57499885559082031,0,-1.2000000476837158"/>
      </Joint>
    </RigidSystem>
    <RigidSystem>
      <Rigid refID="17" transformation="-1,0,0,0,0.41373002529144287,0.91039955615997314,0,0.91039955615997314,-0.41373008489608765,15.620000839233398,3.7557682991027832,-4.996485710144043" boneRefs="47,48,49,50,51"/>
      <Rigid refID="18" transformation="-1,0,0,0,0.38725709915161133,0.92197179794311523,0,0.92197179794311523,-0.38725703954696655,15.600000381469727,2.6632893085479736,-4.5000085830688477" boneRefs="52,53,54,55,56"/>
      <Rigid refID="19" transformation="-1,0,0,0,0.38725852966308594,0.92197120189666748,0,0.92197120189666748,-0.38725847005844116,15.579999923706055,1.5569238662719727,-4.0353002548217773" boneRefs="57,58,59,60"/>
      <Rigid refID="20" transformation="1,0,0,0,1,0,0,0,1,15.210000991821289,0.20255851745605469,-4.3705902099609375" boneRefs="61"/>
      <Rigid refID="21" transformation="0.99999994039535522,0,0,0,0,-1,0,1,0,15.600000381469727,4.9557685852050781,-4.996485710144043" boneRefs="62"/>
      <Rigid refID="22" transformation="-1,0,0,0,0,1.0000001192092896,0,1.0000001192092896,0,15.619997024536133,6.155768871307373,-4.996485710144043" boneRefs="63,64,65,66,67"/>
      <Rigid refID="23" transformation="0.99999994039535522,0,0,0,0,-1,0,1,0,15.64000129699707,7.355769157409668,-4.9964876174926758" boneRefs="68"/>
      <Rigid refID="24" transformation="1,0,0,0,1,0,0,0,1,15.679996490478516,10.67486572265625,-0.0023560523986816406" boneRefs="69,70,71,72"/>
      <Rigid refID="25" transformation="1,0,0,0,1,0,0,0,1,15.659997940063477,10.67486572265625,-1.202356219291687" boneRefs="73,74,75,76"/>
      <Rigid refID="26" transformation="1,0,0,0,1,0,0,0,1,15.639997482299805,10.67486572265625,-2.4023566246032715" boneRefs="77,78,79,80"/>
      <Rigid refID="27" transformation="1,0,0,0,0.38725724816322327,-0.92197167873382568,0,0.92197167873382568,0.38725724816322327,15.619998931884766,10.674864768981934,-3.6023569107055664" boneRefs="81,82,83,84"/>
