<?xml version="1.0" encoding="UTF-8" standalone="no" ?>
<LXFML versionMajor="5" versionMinor="0">
  <Meta>
    <Application name="LEGO Universe" versionMajor="0" versionMinor="0"/>
    <Brand name="LEGOUniverse"/>
    <BrickSet version="61"/>
  </Meta>
  <Bricks>
    <Brick refID="0" designID="76382">
      <Part refID="0" designID="3814" materials="26,0,0">
        <Bone refID="0" transformation="1,0,0,0,0.96563386917114258,-0.25990620255470276,0,0.25990620255470276,0.96563386917114258,-0.40000152587890625,2.0881006717681885,-0.048462867736816406">
        </Bone>
      </Part>
      <Part refID="1" designID="3818" materials="26">
        <Bone refID="1" transformation="0.98325490951538086,-0.17597272992134094,0.047364428639411926,0.17568197846412659,0.8462449312210083,-0.50299650430679321,0.048431754112243652,0.5028948187828064,0.86298966407775879,-0.62000083923339844,2.9668276309967041,-0.28497886657714844">
        </Bone>
      </Part>
      <Part refID="2" designID="3819" materials="26">
        <Bone refID="2" transformation="0.98325496912002563,0.17597262561321259,-0.047364026308059692,-0.1794879287481308,0.89018958806991577,-0.41874405741691589,-0.031524546444416046,0.42023345828056335,0.90686827898025513,0.61999893188476563,2.9668276309967041,-0.28497886657714844">
        </Bone>
      </Part>
      <Part refID="3" designID="3820" materials="26">
        <Bone refID="3" transformation="0.98475056886672974,-0.16858124732971191,0.042973212897777557,0.167094886302948,0.84774839878082275,-0.50339049100875854,0.048431731760501862,0.50289469957351685,0.86298972368240356,-0.84308528900146484,3.1079282760620117,0.43661117553710938">
        </Bone>
      </Part>
      <Part refID="4" designID="3820" materials="26">
        <Bone refID="4" transformation="0.98544144630432129,-0.13859057426452637,0.098477497696876526,0.16706693172454834,0.89677000045776367,-0.40974652767181396,-0.031524654477834702,0.42023354768753052,0.90686821937561035,0.85567378997802734,3.0391807556152344,0.44269275665283203">
        </Bone>
      </Part>
    </Brick>
    <Brick refID="1" designID="3838">
      <Part refID="5" designID="3838" materials="26">
        <Bone refID="5" transformation="-1,0,0,0,0.96563374996185303,-0.25990673899650574,0,-0.25990676879882813,-0.96563369035720825,0,3.3241119384765625,-0.38114356994628906">
        </Bone>
      </Part>
    </Brick>
    <Brick refID="2" designID="73200">
      <Part refID="6" designID="3815" materials="26">
        <Bone refID="6" transformation="1,0,0,0,0.96563386917114258,-0.25990620255470276,0,0.25990620255470276,0.96563386917114258,-0.40000152587890625,2.0881009101867676,-0.048462867736816406">
        </Bone>
      </Part>
      <Part refID="7" designID="3816" materials="26">
        <Bone refID="7" transformation="1,0,0,0,0.0037419272121042013,-0.99999302625656128,0,0.99999302625656128,0.0037419272121042013,-0.40000152587890625,1.6252154111862183,1.1999883651733398">
        </Bone>
      </Part>
      <Part refID="8" designID="3817" materials="26">
        <Bone refID="8" transformation="0.99999994039535522,0,0,0,0,-1,0,1,0,0.39999961853027344,1.629423975944519,1.1999969482421875">
        </Bone>
      </Part>
    </Brick>
    <Brick refID="3" designID="30124">
      <Part refID="9" designID="30124" materials="26,0">
        <Bone refID="9" transformation="1,0,0,0,0.96563386917114258,-0.25990620255470276,0,0.25990620255470276,0.96563386917114258,0,4.271918773651123,-0.63625144958496094">
        </Bone>
      </Part>
    </Brick>
    <Brick refID="4" designID="3626">
      <Part refID="10" designID="3626" materials="24,0,0,0" decoration="54582">
        <Bone refID="10" transformation="1,0,0,0,0.96563374996185303,-0.25990661978721619,0,0.25990661978721619,0.96563374996185303,0,3.4689574241638184,-0.42013072967529297">
        </Bone>
      </Part>
    </Brick>
    <Brick refID="5" designID="2447">
      <Part refID="11" designID="2447" materials="26">
        <Bone refID="11" transformation="1,0,0,0,0.96563386917114258,-0.25990620255470276,0,0.25990620255470276,0.96563386917114258,0,4.0775208473205566,-0.61346054077148438">
        </Bone>
      </Part>
    </Brick>
    <Brick refID="6" designID="73587">
      <Part refID="12" designID="4592" materials="26">
        <Bone refID="12" transformation="0.41009634733200073,0,-0.91204220056533813,0,1,0,0.91204220056533813,0,0.41009634733200073,0.39999961853027344,1.5994240045547485,1.5999975204467773">
        </Bone>
      </Part>
      <Part refID="13" designID="4593" materials="24">
        <Bone refID="13" transformation="0.3218311071395874,-0.61978739500045776,-0.71574318408966064,0.25417256355285645,0.78476977348327637,-0.56527221202850342,0.91204226016998291,0,0.41009625792503357,0.39999866485595703,2.0194239616394043,1.5999975204467773">
        </Bone>
      </Part>
    </Brick>
    <Brick refID="7" designID="3787">
      <Part refID="14" designID="3787" materials="26">
        <Bone refID="14" transformation="1,0,0,0,1,0,0,0,1,-0.40000057220458984,1.2794239521026611,2.3999977111816406">
        </Bone>
      </Part>
    </Brick>
    <Brick refID="8" designID="73587">
      <Part refID="15" designID="4592" materials="26">
        <Bone refID="15" transformation="0.4645712673664093,0,0.88553571701049805,0,1,0,-0.88553571701049805,0,0.4645712673664093,-0.40000057220458984,1.5994240045547485,1.5999956130981445">
        </Bone>
      </Part>
      <Part refID="16" designID="4593" materials="24">
        <Bone refID="16" transformation="0.37431460618972778,0.59229624271392822,0.71349418163299561,-0.27516376972198486,0.80572044849395752,-0.52449947595596313,-0.8855358362197876,0,0.46457135677337646,-0.40000057220458984,2.0194239616394043,1.5999956130981445">
        </Bone>
      </Part>
    </Brick>
    <Brick refID="9" designID="2412">
      <Part refID="17" designID="2412" materials="24">
        <Bone refID="17" transformation="1,0,0,0,1,0,0,0,1,-0.40000057220458984,1.5994240045547485,2.3999977111816406">
        </Bone>
      </Part>
    </Brick>
    <Brick refID="10" designID="3795">
      <Part refID="18" designID="3795" materials="26">
        <Bone refID="18" transformation="0,0,1,0,1,0,-1,0,0,-0.39999961853027344,0.95942384004592896,-1.600003719329834">
        </Bone>
      </Part>
    </Brick>
    <Brick refID="11" designID="4081">
      <Part refID="19" designID="4081" materials="26">
        <Bone refID="19" transformation="0,0,-1,0,1,0,1,0,0,0.40000152587890625,1.2794239521026611,-0.80000448226928711">
        </Bone>
      </Part>
    </Brick>
    <Brick refID="12" designID="3062">
      <Part refID="20" designID="3062" materials="26">
        <Bone refID="20" transformation="0.99999994039535522,0,0,0,0,1,0,-1,0,1.1999998092651367,1.5230937004089355,-0.32000446319580078">
        </Bone>
      </Part>
    </Brick>
    <Brick refID="13" designID="6141">
      <Part refID="21" designID="6141" materials="41">
        <Bone refID="21" transformation="0.99999994039535522,0,0,0,0,1,0,-1,0,1.2000007629394531,1.5230937004089355,-0.64000415802001953">
        </Bone>
      </Part>
    </Brick>
    <Brick refID="14" designID="3022">
      <Part refID="22" designID="3022" materials="26">
        <Bone refID="22" transformation="1,0,0,0,1,0,0,0,1,-0.39999866485595703,1.5994240045547485,-0.80000448226928711">
        </Bone>
      </Part>
    </Brick>
    <Brick refID="15" designID="4600">
      <Part refID="23" designID="4600" materials="26">
        <Bone refID="23" transformation="1,0,0,0,1,0,0,0,1,-0.39999866485595703,0.6394239068031311,2.399998664855957">
        </Bone>
      </Part>
    </Brick>
    <Brick refID="16" designID="3787">
      <Part refID="24" designID="3787" materials="26">
        <Bone refID="24" transformation="1,0,0,0,1,0,0,0,1,-0.39999961853027344,1.2794239521026611,-1.600001335144043">
        </Bone>
      </Part>
    </Brick>
    <Brick refID="17" designID="6141">
      <Part refID="25" designID="6141" materials="24">
        <Bone refID="25" transformation="1,0,0,0,1,0,0,0,1,0.40000057220458984,1.5994240045547485,-2.4000029563903809">
        </Bone>
      </Part>
    </Brick>
    <Brick refID="18" designID="6141">
      <Part refID="26" designID="6141" materials="24">
        <Bone refID="26" transformation="1,0,0,0,1,0,0,0,1,-0.39999961853027344,1.5994240045547485,-2.4000029563903809">
        </Bone>
      </Part>
    </Brick>
    <Brick refID="19" designID="4081">
      <Part refID="27" designID="4081" materials="26">
        <Bone refID="27" transformation="0,0,1,0,0.99999994039535522,0,-1,0,0,-0.39999961853027344,1.2794239521026611,-0.80000400543212891">
        </Bone>
      </Part>
    </Brick>
    <Brick refID="20" designID="3023">
      <Part refID="28" designID="3023" materials="26">
        <Bone refID="28" transformation="-1,0,0,0,1,0,0,0,-1,0.40000057220458984,0.95942389965057373,-2.4000029563903809">
        </Bone>
      </Part>
    </Brick>
    <Brick refID="21" designID="6141">
      <Part refID="29" designID="6141" materials="41">
        <Bone refID="29" transformation="1,0,0,0,0,1,0,-1,0,-1.1999998092651367,1.5230931043624878,-0.64000511169433594">
        </Bone>
      </Part>
    </Brick>
    <Brick refID="22" designID="3062">
      <Part refID="30" designID="3062" materials="26">
        <Bone refID="30" transformation="1,0,0,0,0,1,0,-1,0,-1.2000007629394531,1.5230931043624878,-0.32000446319580078">
        </Bone>
      </Part>
    </Brick>
    <Brick refID="23" designID="4600">
      <Part refID="31" designID="4600" materials="26">
        <Bone refID="31" transformation="1,0,0,0,1,0,0,0,1,-0.39999961853027344,0.6394239068031311,-1.600001335144043">
        </Bone>
      </Part>
    </Brick>
    <Brick refID="24" designID="3641">
      <Part refID="32" designID="3641" materials="26">
        <Bone refID="32" transformation="0,0,1,0,0.99999994039535522,0,-1,0,0,0.90999984741210938,0.73942393064498901,1.9999990463256836">
        </Bone>
      </Part>
    </Brick>
    <Brick refID="25" designID="4624">
      <Part refID="33" designID="4624" materials="24">
        <Bone refID="33" transformation="0,0,1,0,0.99999994039535522,0,-1,0,0,0.90999984741210938,0.73942393064498901,1.9999990463256836">
        </Bone>
      </Part>
    </Brick>
    <Brick refID="26" designID="3641">
      <Part refID="34" designID="3641" materials="26">
        <Bone refID="34" transformation="0,0,1,0,0.99999994039535522,0,-1,0,0,0.91000080108642578,0.73942393064498901,-2.0000009536743164">
        </Bone>
      </Part>
    </Brick>
    <Brick refID="27" designID="4624">
      <Part refID="35" designID="4624" materials="24">
        <Bone refID="35" transformation="0,0,1,0,0.99999994039535522,0,-1,0,0,0.91000080108642578,0.73942393064498901,-2.0000009536743164">
        </Bone>
      </Part>
    </Brick>
    <Brick refID="28" designID="3641">
      <Part refID="36" designID="3641" materials="26">
        <Bone refID="36" transformation="0,0,-1,0,0.99999994039535522,0,1,0,0,-0.90999984741210938,0.73942393064498901,1.9999990463256836">
        </Bone>
      </Part>
    </Brick>
    <Brick refID="29" designID="4624">
      <Part refID="37" designID="4624" materials="24">
        <Bone refID="37" transformation="0,0,-1,0,0.99999994039535522,0,1,0,0,-0.90999984741210938,0.73942393064498901,1.9999990463256836">
        </Bone>
      </Part>
    </Brick>
    <Brick refID="30" designID="3641">
      <Part refID="38" designID="3641" materials="26">
        <Bone refID="38" transformation="0,0,-1,0,0.99999994039535522,0,1,0,0,-0.90999984741210938,0.73942393064498901,-2.0000009536743164">
        </Bone>
      </Part>
    </Brick>
    <Brick refID="31" designID="4624">
      <Part refID="39" designID="4624" materials="24">
        <Bone refID="39" transformation="0,0,-1,0,0.99999994039535522,0,1,0,0,-0.90999984741210938,0.73942393064498901,-2.0000009536743164">
        </Bone>
      </Part>
    </Brick>
  </Bricks>
  <RigidSystems>
    <RigidSystem>
      <Rigid refID="0" transformation="1,0,0,0,0.96563386917114258,-0.25990620255470276,0,0.25990620255470276,0.96563386917114258,8.399998664855957,2.0881030559539795,8.7515373229980469" boneRefs="0,5,6"/>
      <Rigid refID="1" transformation="0.98325490951538086,-0.17597272992134094,0.047364428639411926,0.17568197846412659,0.8462449312210083,-0.50299650430679321,0.048431754112243652,0.5028948187828064,0.86298966407775879,8.1799993515014648,2.9668300151824951,8.5150213241577148" boneRefs="1"/>
      <Rigid refID="2" transformation="0.98325496912002563,0.17597262561321259,-0.047364026308059692,-0.1794879287481308,0.89018958806991577,-0.41874405741691589,-0.031524546444416046,0.42023345828056335,0.90686827898025513,9.4199991226196289,2.9668300151824951,8.5150213241577148" boneRefs="2"/>
      <Rigid refID="3" transformation="0.98475056886672974,-0.16858124732971191,0.042973212897777557,0.167094886302948,0.84774839878082275,-0.50339049100875854,0.048431731760501862,0.50289469957351685,0.86298972368240356,7.9569149017333984,3.1079306602478027,9.2366113662719727" boneRefs="3"/>
      <Rigid refID="4" transformation="0.98544144630432129,-0.13859057426452637,0.098477497696876526,0.16706693172454834,0.89677000045776367,-0.40974652767181396,-0.031524654477834702,0.42023354768753052,0.90686821937561035,9.6556739807128906,3.0391831398010254,9.2426929473876953" boneRefs="4"/>
      <Rigid refID="5" transformation="1,0,0,0,0.96563386917114258,-0.25990620255470276,0,0.25990620255470276,0.96563386917114258,8.7999992370605469,4.2719211578369141,8.1637487411499023" boneRefs="9,10"/>
      <Rigid refID="6" transformation="1,0,0,0,0.96563386917114258,-0.25990620255470276,0,0.25990620255470276,0.96563386917114258,8.7999992370605469,4.0775232315063477,8.1865396499633789" boneRefs="11"/>
      <Rigid refID="7" transformation="0.41009634733200073,0,-0.91204220056533813,0,1,0,0.91204220056533813,0,0.41009634733200073,9.1999998092651367,1.59942626953125,10.399997711181641" boneRefs="12,14,15,17,7,18,8,19,20,21,22,23,24,25,26,27,28,29,30,31"/>
      <Rigid refID="8" transformation="0.3218311071395874,-0.61978739500045776,-0.71574318408966064,0.25417256355285645,0.78476977348327637,-0.56527221202850342,0.91204226016998291,0,0.41009625792503357,9.1999988555908203,2.0194263458251953,10.399997711181641" boneRefs="13"/>
      <Rigid refID="9" transformation="0.37431460618972778,0.59229624271392822,0.71349418163299561,-0.27516376972198486,0.80572044849395752,-0.52449947595596313,-0.8855358362197876,0,0.46457135677337646,8.3999996185302734,2.0194263458251953,10.399995803833008" boneRefs="16"/>
      <Rigid refID="10" transformation="0,0,1,0,0.99999994039535522,0,-1,0,0,9.7100000381469727,0.73942625522613525,10.799999237060547" boneRefs="32,33"/>
      <Rigid refID="11" transformation="0,0,1,0,0.99999994039535522,0,-1,0,0,9.7100009918212891,0.73942625522613525,6.7999992370605469" boneRefs="34,35"/>
      <Rigid refID="12" transformation="0,0,-1,0,0.99999994039535522,0,1,0,0,7.8900003433227539,0.73942625522613525,10.799999237060547" boneRefs="36,37"/>
      <Rigid refID="13" transformation="0,0,-1,0,0.99999994039535522,0,1,0,0,7.8900003433227539,0.73942625522613525,6.7999992370605469" boneRefs="38,39"/>
      <Joint type="hinge">
        <RigidRef rigidRef="1" a="-1,0,0" z="0,0,0.99999994039535522" t="0.15000000596046448,0,0"/>
        <RigidRef rigidRef="0" a="-0.98325490951538086,0.1822354793548584,0" z="0,0,1" t="-0.072512000799179077,0.88266497850418091,0"/>
      </Joint>
      <Joint type="hinge">
        <RigidRef rigidRef="2" a="1.0000001192092896,0,0" z="0,0,-1" t="-0.15000000596046448,0,0"/>
        <RigidRef rigidRef="0" a="0.98325490951538086,0.1822354793548584,0" z="0,0,1" t="0.87251198291778564,0.88266497850418091,0"/>
      </Joint>
      <Joint type="hinge">
        <RigidRef rigidRef="5" a="0,-0.99999994039535522,0" z="1,0,0" t="0,-0.83153796195983887,0"/>
        <RigidRef rigidRef="0" a="0,-0.99999994039535522,0" z="1,0,0" t="0.40000000596046448,1.4299999475479126,0"/>
      </Joint>
      <Joint type="hinge">
        <RigidRef rigidRef="7" a="0.41009628772735596,0,0.91204237937927246" z="0.0034127137623727322,-0.99999302625656128,-0.0015345817664638162" t="1.1552649736404419,0.030001074075698853,-1.1493673324584961"/>
        <RigidRef rigidRef="0" a="1.0000001192092896,0,0" z="0,0,-1" t="0.22550000250339508,-0.47499975562095642,0"/>
      </Joint>
      <Joint type="hinge">
        <RigidRef rigidRef="3" a="0,0,1.0000001192092896" z="1.0000001192092896,0,0" t="0,0,0.05000000074505806"/>
        <RigidRef rigidRef="1" a="0,0,1.0000001192092896" z="1.0000001192092896,0,0" t="-0.20999999344348907,-0.28274300694465637,0.73287898302078247"/>
      </Joint>
      <Joint type="hinge">
        <RigidRef rigidRef="4" a="0,0,1.0000001192092896" z="1.0000001192092896,0,0" t="0,0,0.05000000074505806"/>
        <RigidRef rigidRef="2" a="0,0,1.0000002384185791" z="1.0000002384185791,0,0" t="0.20999999344348907,-0.28260299563407898,0.73287898302078247"/>
      </Joint>
      <Joint type="hinge">
        <RigidRef rigidRef="6" a="-1.0000002384185791,0,0" z="0,1.0000002384185791,0" t="0,0,0"/>
        <RigidRef rigidRef="5" a="-1.0000001192092896,0,0" z="0,-1.0000001192092896,0" t="0,-0.19364100694656372,-0.028518000617623329"/>
      </Joint>
      <Joint type="hinge">
        <RigidRef rigidRef="11" a="0,0,1.0000001192092896" z="1.0000001192092896,0,0" t="0,0,-0.20000000298023224"/>
        <RigidRef rigidRef="7" a="-0.41009634733200073,0,-0.91204220056533813" z="-0.91204214096069336,0,0.41009631752967834" t="3.5745196342468262,-0.86000001430511475,-0.82879555225372314"/>
      </Joint>
      <Joint type="hinge">
        <RigidRef rigidRef="12" a="0,0,1.0000001192092896" z="1.0000001192092896,0,0" t="0,0,-0.20000000298023224"/>
        <RigidRef rigidRef="7" a="0.41009634733200073,0,0.91204231977462769" z="0.91204220056533813,0,-0.41009628772735596" t="-0.98406267166137695,-0.86000001430511475,-1.2131435871124268"/>
      </Joint>
      <Joint type="hinge">
        <RigidRef rigidRef="8" a="0,0,-1" z="0,-1,0" t="0,0,0"/>
        <RigidRef rigidRef="7" a="0,0,-1.0000001192092896" z="-1.0000001192092896,0,0" t="0,0.41999998688697815,0"/>
      </Joint>
      <Joint type="hinge">
        <RigidRef rigidRef="9" a="0,0,-1" z="0,-1,0" t="0,0,0"/>
        <RigidRef rigidRef="7" a="0.78686362504959106,0,0.61712706089019775" z="0.61712700128555298,0,-0.78686368465423584" t="-0.32807540893554688,0.41999998688697815,-0.72963428497314453"/>
      </Joint>
      <Joint type="hinge">
        <RigidRef rigidRef="10" a="0,0,1.0000001192092896" z="1.0000001192092896,0,0" t="0,0,-0.20000000298023224"/>
        <RigidRef rigidRef="7" a="-0.41009634733200073,0,-0.91204220056533813" z="-0.91204214096069336,0,0.41009631752967834" t="-0.073648810386657715,-0.86000001430511475,0.81159007549285889"/>
      </Joint>
      <Joint type="hinge">
        <RigidRef rigidRef="13" a="0,0,1.0000001192092896" z="1.0000001192092896,0,0" t="0,0,-0.20000000298023224"/>
        <RigidRef rigidRef="7" a="0.41009634733200073,0,0.91204231977462769" z="0.91204220056533813,0,-0.41009628772735596" t="2.6641058921813965,-0.86000001430511475,-2.8535292148590088"/>
      </Joint>
    </RigidSystem>
  </RigidSystems>
  <GroupSystems>
    <GroupSystem>
    </GroupSystem>
  </GroupSystems>
</LXFML>
