<?xml version="1.0" encoding="UTF-8" standalone="no" ?>
<LXFML versionMajor="5" versionMinor="0">
  <Meta>
    <Application name="LEGO Universe" versionMajor="0" versionMinor="0"/>
    <Brand name="LEGOUniverse"/>
    <BrickSet version="61"/>
  </Meta>
  <Bricks>
    <Brick refID="0" designID="4624">
      <Part refID="0" designID="4624" materials="21">
        <Bone refID="0" transformation="0,0.0018963330658152699,-0.99999827146530151,0,0.99999827146530151,0.0018963330658152699,1.0000001192092896,0,0,-0.90999776124954224,0.74082595109939575,-1.2053670883178711">
        </Bone>
      </Part>
    </Brick>
    <Brick refID="1" designID="3641">
      <Part refID="1" designID="3641" materials="26">
        <Bone refID="1" transformation="0,-0.0018963330658152699,0.99999827146530151,0,0.99999827146530151,0.0018963330658152699,-1.0000001192092896,0,0,-1.5099978446960449,0.74082589149475098,-1.2053673267364502">
        </Bone>
      </Part>
    </Brick>
    <Brick refID="2" designID="4600">
      <Part refID="2" designID="4600" materials="194">
        <Bone refID="2" transformation="1.0000001192092896,0,0,0,0.99999821186065674,0.0018963329493999481,0,-0.0018963330658152699,0.99999827146530151,-0.39999818801879883,0.64006757736206055,-0.8055572509765625">
        </Bone>
      </Part>
    </Brick>
    <Brick refID="3" designID="30389">
      <Part refID="3" designID="30389" materials="194">
        <Bone refID="3" transformation="0,0.0018963328329846263,-0.99999815225601196,0,0.99999815225601196,0.0018963328329846263,1.0000001192092896,0,0,0.40000194311141968,0.96006709337234497,-0.80494976043701172">
        </Bone>
      </Part>
    </Brick>
    <Brick refID="4" designID="3795">
      <Part refID="4" designID="3795" materials="194">
        <Bone refID="4" transformation="0,0.0018963328329846263,-0.99999815225601196,0,0.99999815225601196,0.0018963328329846263,1.0000001192092896,0,0,0.40000182390213013,1.9200652837753296,-0.80312967300415039">
        </Bone>
      </Part>
    </Brick>
    <Brick refID="5" designID="3747">
      <Part refID="5" designID="3747" materials="194">
        <Bone refID="5" transformation="1.0000001192092896,0,0,0,0.99999809265136719,0.0018963327165693045,0,-0.0018963328329846263,0.99999815225601196,-0.39999684691429138,0.96613532304763794,-4.00494384765625">
        </Bone>
      </Part>
    </Brick>
    <Brick refID="6" designID="3004">
      <Part refID="6" designID="3004" materials="194,0,0,0">
        <Bone refID="6" transformation="1.0000001192092896,0,0,0,0.99999809265136719,0.0018963327165693045,0,-0.0018963328329846263,0.99999815225601196,-0.39999645948410034,0.96765238046646118,-4.8049426078796387">
        </Bone>
      </Part>
    </Brick>
    <Brick refID="7" designID="4600">
      <Part refID="7" designID="4600" materials="194">
        <Bone refID="7" transformation="1.0000001192092896,0,0,0,0.99999809265136719,0.0018963327165693045,0,-0.0018963328329846263,0.99999815225601196,-0.39999681711196899,0.64613586664199829,-4.0055508613586426">
        </Bone>
      </Part>
    </Brick>
    <Brick refID="8" designID="3039">
      <Part refID="8" designID="3039" materials="194,0" decoration="55123">
        <Bone refID="8" transformation="1.0000001192092896,0,0,0,0.99999809265136719,0.0018963327165693045,0,-0.0018963328329846263,0.99999815225601196,-0.39999657869338989,2.247650146484375,-4.8025150299072266">
        </Bone>
      </Part>
    </Brick>
    <Brick refID="9" designID="73081">
      <Part refID="9" designID="3829" materials="194">
        <Bone refID="9" transformation="-1.0000001192092896,0,0,0,0.99999815225601196,0.0018963328329846263,0,0.0018963328329846263,-0.99999815225601196,0.40000218152999878,2.2415816783905029,-1.6025207042694092">
        </Bone>
      </Part>
      <Part refID="10" designID="3828" materials="26">
        <Bone refID="10" transformation="-1,0,0,0,0.57512921094894409,-0.81806266307830811,0,-0.81806266307830811,-0.57512915134429932,2.7894973754882813E-005,3.4572038650512695,-1.3703329563140869">
        </Bone>
      </Part>
    </Brick>
    <Brick refID="10" designID="3957">
      <Part refID="11" designID="3957" materials="194">
        <Bone refID="11" transformation="1.0000001192092896,0,0,0,0.99999809265136719,0.0018963327165693045,0,-0.0018963328329846263,0.99999815225601196,-0.39999663829803467,3.207648754119873,-4.8006949424743652">
        </Bone>
      </Part>
    </Brick>
    <Brick refID="11" designID="4085">
      <Part refID="12" designID="4085" materials="194">
        <Bone refID="12" transformation="0,0.0018963329493999481,-0.99999815225601196,0,0.99999815225601196,0.0018963329493999481,1.0000001192092896,0,0,0.40000182390213013,3.2076473236083984,-4.8006911277770996">
        </Bone>
      </Part>
    </Brick>
    <Brick refID="12" designID="4624">
      <Part refID="13" designID="4624" materials="21">
        <Bone refID="13" transformation="0,0.0018963330658152699,-0.99999827146530151,0,0.99999827146530151,0.0018963330658152699,1.0000001192092896,0,0,-0.90999686717987061,0.74689304828643799,-4.4053587913513184">
        </Bone>
      </Part>
    </Brick>
    <Brick refID="13" designID="3641">
      <Part refID="14" designID="3641" materials="26">
        <Bone refID="14" transformation="0,-0.0018963330658152699,0.99999827146530151,0,0.99999827146530151,0.0018963330658152699,-1.0000001192092896,0,0,-1.5099968910217285,0.74689298868179321,-4.4053592681884766">
        </Bone>
      </Part>
    </Brick>
    <Brick refID="14" designID="30554">
      <Part refID="15" designID="30554" materials="194">
        <Bone refID="15" transformation="0,0.94694864749908447,0.32138520479202271,0,0.32138535380363464,-0.94694864749908447,-1.0000001192092896,0,0,0,1.5185496807098389,-0.0038900375366210938">
        </Bone>
      </Part>
    </Brick>
    <Brick refID="15" designID="4624">
      <Part refID="16" designID="4624" materials="21">
        <Bone refID="16" transformation="0,-0.0018959426088258624,0.99999827146530151,0,0.99999827146530151,0.0018959426088258624,-1.0000001192092896,0,0,0.91000276803970337,0.74689304828643799,-4.4053587913513184">
        </Bone>
      </Part>
    </Brick>
    <Brick refID="16" designID="3641">
      <Part refID="17" designID="3641" materials="26">
        <Bone refID="17" transformation="0,-0.0018959426088258624,0.99999827146530151,0,0.99999827146530151,0.0018959426088258624,-1.0000001192092896,0,0,0.91000276803970337,0.74689304828643799,-4.4053587913513184">
        </Bone>
      </Part>
    </Brick>
    <Brick refID="17" designID="4624">
      <Part refID="18" designID="4624" materials="21">
        <Bone refID="18" transformation="0,-0.0018959424924105406,0.99999827146530151,0,0.99999827146530151,0.0018959424924105406,-1.0000001192092896,0,0,0.91000193357467651,0.7408260703086853,-1.205366849899292">
        </Bone>
      </Part>
    </Brick>
    <Brick refID="18" designID="3641">
      <Part refID="19" designID="3641" materials="26">
        <Bone refID="19" transformation="0,-0.0018959424924105406,0.99999827146530151,0,0.99999827146530151,0.0018959424924105406,-1.0000001192092896,0,0,0.91000193357467651,0.7408260703086853,-1.205366849899292">
        </Bone>
      </Part>
    </Brick>
    <Brick refID="19" designID="30554">
      <Part refID="20" designID="30554" materials="194">
        <Bone refID="20" transformation="0,-0.0078073441982269287,0.999969482421875,0,0.99996942281723022,0.0078073441982269287,-1,0,0,0,3.0336675643920898,0.51032781600952148">
        </Bone>
      </Part>
    </Brick>
    <Brick refID="20" designID="30554">
      <Part refID="21" designID="30554" materials="194">
        <Bone refID="21" transformation="0,-0.81044185161590576,0.58581924438476563,0,0.5858193039894104,0.81044185161590576,-1.0000001192092896,0,0,0,3.0211749076843262,2.1102771759033203">
        </Bone>
      </Part>
    </Brick>
    <Brick refID="21" designID="41529">
      <Part refID="22" designID="41529" materials="194">
        <Bone refID="22" transformation="-1,0,0,0,0.95090281963348389,0.30948951840400696,0,0.30948951840400696,-0.95090287923812866,0.00022327899932861328,1.7244663238525391,3.0475878715515137">
        </Bone>
      </Part>
    </Brick>
    <Brick refID="22" designID="3963">
      <Part refID="23" designID="3963" materials="194">
        <Bone refID="23" transformation="1,0,0,0,1,0,0,0,1,-1.1999982595443726,1.6000659465789795,-0.80373620986938477">
        </Bone>
      </Part>
    </Brick>
    <Brick refID="23" designID="3963">
      <Part refID="24" designID="3963" materials="194">
        <Bone refID="24" transformation="-1,0,0,0,0.99999833106994629,0.0018963434267789125,0,0.0018963434267789125,-0.99999821186065674,1.2000017166137695,1.6000661849975586,-0.80373620986938477">
        </Bone>
      </Part>
    </Brick>
    <Brick refID="24" designID="55295">
      <Part refID="25" designID="55295" materials="26">
        <Bone refID="25" transformation="0,0,1,0,0.99999994039535522,0,-1,0,0,1.1978130340576172,2.7276482582092285,-4.8016018867492676">
        </Bone>
      </Part>
    </Brick>
  </Bricks>
  <RigidSystems>
    <RigidSystem>
      <Rigid refID="0" transformation="0,0.0018963330658152699,-0.99999827146530151,0,0.99999827146530151,0.0018963330658152699,1.0000001192092896,0,0,-0.10999776422977448,-0.21267229318618774,3.9946331977844238" boneRefs="0,1"/>
      <Rigid refID="1" transformation="1.0000001192092896,0,0,0,0.99999821186065674,0.0018963329493999481,0,-0.0018963330658152699,0.99999827146530151,0.40000182390213013,-0.31343063712120056,4.3944430351257324" boneRefs="2,3,4,5,6,7,8,9,11,12"/>
      <Rigid refID="2" transformation="-1,0,0,0,0.57512921094894409,-0.81806266307830811,0,-0.81806266307830811,-0.57512915134429932,0.80002790689468384,2.5037057399749756,3.829667329788208" boneRefs="10"/>
      <Rigid refID="3" transformation="0,0.0018963330658152699,-0.99999827146530151,0,0.99999827146530151,0.0018963330658152699,1.0000001192092896,0,0,-0.10999685525894165,-0.2066052258014679,0.79464149475097656" boneRefs="13,14"/>
      <Rigid refID="4" transformation="0,0.94694864749908447,0.32138520479202271,0,0.32138535380363464,-0.94694864749908447,-1.0000001192092896,0,0,0.8000028133392334,0.56505149602890015,5.1961102485656738" boneRefs="15"/>
      <Rigid refID="5" transformation="0,-0.0018959426088258624,0.99999827146530151,0,0.99999827146530151,0.0018959426088258624,-1.0000001192092896,0,0,1.7100027799606323,-0.2066052258014679,0.79464155435562134" boneRefs="16,17"/>
      <Rigid refID="6" transformation="0,-0.0018959424924105406,0.99999827146530151,0,0.99999827146530151,0.0018959424924105406,-1.0000001192092896,0,0,1.7100019454956055,-0.21267217397689819,3.9946334362030029" boneRefs="18,19"/>
      <Rigid refID="7" transformation="0,-0.0078073441982269287,0.999969482421875,0,0.99996942281723022,0.0078073441982269287,-1,0,0,0.80000317096710205,2.0801692008972168,5.7103281021118164" boneRefs="20"/>
      <Rigid refID="8" transformation="0,-0.81044185161590576,0.58581924438476563,0,0.5858193039894104,0.81044185161590576,-1.0000001192092896,0,0,0.80000424385070801,2.0676765441894531,7.3102774620056152" boneRefs="21"/>
      <Rigid refID="9" transformation="-1,0,0,0,0.95090281963348389,0.30948951840400696,0,0.30948951840400696,-0.95090287923812866,0.80022329092025757,0.77096807956695557,8.2475881576538086" boneRefs="22"/>
      <Rigid refID="10" transformation="1,0,0,0,1,0,0,0,1,-0.3999982476234436,0.64656764268875122,4.3962640762329102" boneRefs="23"/>
      <Rigid refID="11" transformation="-1,0,0,0,0.99999833106994629,0.0018963434267789125,0,0.0018963434267789125,-0.99999821186065674,2.0000016689300537,0.64656788110733032,4.3962640762329102" boneRefs="24"/>
      <Rigid refID="12" transformation="0,0,1,0,0.99999994039535522,0,-1,0,0,1.9978129863739014,1.774150013923645,0.39839854836463928" boneRefs="25"/>
      <Joint type="hinge">
        <RigidRef rigidRef="1" a="1.0000001192092896,0,0" z="0,0,-1" t="-0.70999997854232788,0.10000000149011612,-0.40000000596046448"/>
        <RigidRef rigidRef="0" a="0,0,1.0000001192092896" z="1.0000001192092896,0,0" t="0,0,-0.20000000298023224"/>
      </Joint>
      <Joint type="hinge">
        <RigidRef rigidRef="10" a="0,1,0" z="0,0,1" t="0.80000001192092896,0.63999998569488525,0"/>
        <RigidRef rigidRef="1" a="0,0.99999994039535522,0" z="1,0,0" t="0,1.5999999046325684,0"/>
      </Joint>
      <Joint type="hinge">
        <RigidRef rigidRef="11" a="0,1,0" z="0,0,1" t="0.80000001192092896,0.63999998569488525,0"/>
        <RigidRef rigidRef="1" a="0,0.99999994039535522,0" z="1,0,0" t="0.79999995231628418,1.5999999046325684,0"/>
      </Joint>
      <Joint type="hinge">
        <RigidRef rigidRef="12" a="0,-0.99999994039535522,0" z="1,0,0" t="0,0,0"/>
        <RigidRef rigidRef="1" a="0,-0.99999809265136719,0.0018963326001539826" z="0,0.0018963329493999481,0.99999815225601196" t="1.5978108644485474,2.0799989700317383,-3.9999959468841553"/>
      </Joint>
      <Joint type="hinge">
        <RigidRef rigidRef="2" a="0,1,0" z="0,0,-1" t="2.7000000045518391E-005,0.14500099420547485,0"/>
        <RigidRef rigidRef="1" a="0,0.57357639074325562,-0.81915187835693359" z="0,0.81915193796157837,0.57357639074325562" t="0.40000030398368835,2.8992297649383545,-0.68889498710632324"/>
      </Joint>
      <Joint type="hinge">
        <RigidRef rigidRef="3" a="0,0,1.0000001192092896" z="1.0000001192092896,0,0" t="0,0,-0.20000000298023224"/>
        <RigidRef rigidRef="1" a="1.0000001192092896,0,0" z="0,0,-0.99999988079071045" t="-0.70999860763549805,0.099999986588954926,-3.599998950958252"/>
      </Joint>
      <Joint type="hinge">
        <RigidRef rigidRef="4" a="0,0,1.0000001192092896" z="0,1.0000001192092896,0" t="0,0,0"/>
        <RigidRef rigidRef="1" a="-1,0,0" z="0,-0.99999994039535522,0" t="0.40000006556510925,0.87999999523162842,0.80000036954879761"/>
      </Joint>
      <Joint type="hinge">
        <RigidRef rigidRef="5" a="0,0,1.0000001192092896" z="1.0000001192092896,0,0" t="0,0,-0.20000000298023224"/>
        <RigidRef rigidRef="1" a="-1,0,0" z="0,0,0.99999982118606567" t="1.5100014209747314,0.099999986588954926,-3.599998950958252"/>
      </Joint>
      <Joint type="hinge">
        <RigidRef rigidRef="6" a="0,0,1.0000001192092896" z="1.0000001192092896,0,0" t="0,0,-0.20000000298023224"/>
        <RigidRef rigidRef="1" a="-1,0,0" z="0,0,0.99999994039535522" t="1.5099999904632568,0.10000000149011612,-0.40000000596046448"/>
      </Joint>
      <Joint type="hinge">
        <RigidRef rigidRef="7" a="0,0,1.0000001192092896" z="0,1.0000001192092896,0" t="0,0,0"/>
        <RigidRef rigidRef="4" a="0,0,1" z="0,1,0" t="1.6000000238418579,0,0"/>
      </Joint>
      <Joint type="hinge">
        <RigidRef rigidRef="8" a="0,0,1.0000001192092896" z="0,1.0000001192092896,0" t="0,0,0"/>
        <RigidRef rigidRef="7" a="0,0,1" z="0,1,0" t="1.6000000238418579,0,0"/>
      </Joint>
      <Joint type="hinge">
        <RigidRef rigidRef="9" a="1.0000001192092896,0,0" z="0,-1.0000001192092896,0" t="0.00021899999410379678,0,0"/>
        <RigidRef rigidRef="8" a="0,0,1" z="0,1,0" t="1.6000000238418579,0,0"/>
      </Joint>
    </RigidSystem>
  </RigidSystems>
  <GroupSystems>
    <GroupSystem>
    </GroupSystem>
  </GroupSystems>
</LXFML>
