<?xml version="1.0" encoding="UTF-8" standalone="no" ?>
<LXFML versionMajor="5" versionMinor="0">
  <Meta>
    <Application name="LEGO Universe" versionMajor="0" versionMinor="0"/>
    <Brand name="LEGOUniverse"/>
    <BrickSet version="61"/>
  </Meta>
  <Bricks>
    <Brick refID="0" designID="4150">
      <Part refID="0" designID="4150" materials="1,0">
        <Bone refID="0" transformation="0,0,-1.0000001192092896,1,0,0,0,-1,0,1.8518639802932739,1.3600010871887207,-2.0000002384185791">
        </Bone>
      </Part>
    </Brick>
    <Brick refID="1" designID="4085">
      <Part refID="1" designID="4085" materials="1">
        <Bone refID="1" transformation="0,0,-1,-1,0,0,0,1,0,0.86813938617706299,0.56001067161560059,-2.8000013828277588">
        </Bone>
      </Part>
    </Brick>
    <Brick refID="2" designID="3024">
      <Part refID="2" designID="3024" materials="1">
        <Bone refID="2" transformation="0,-1,0,-1,0,0,0,0,-1,1.1881392002105713,0.56001019477844238,-2.8000013828277588">
        </Bone>
      </Part>
    </Brick>
    <Brick refID="3" designID="3623">
      <Part refID="3" designID="3623" materials="1">
        <Bone refID="3" transformation="0,0,1,-1,0,0,0,-1,0,0.54813873767852783,0.56001055240631104,-2.8000013828277588">
        </Bone>
      </Part>
    </Brick>
    <Brick refID="4" designID="3005">
      <Part refID="4" designID="3005" materials="1,0">
        <Bone refID="4" transformation="0,0,1,-1,0,0,0,-1,0,1.50813889503479,0.56001073122024536,-2.0000002384185791">
        </Bone>
      </Part>
    </Brick>
    <Brick refID="5" designID="2431">
      <Part refID="5" designID="2431" materials="1,0">
        <Bone refID="5" transformation="0,0,-1.0000001192092896,-1,0,0,0,1,0,0.22813895344734192,0.56001091003417969,-0.39999890327453613">
        </Bone>
      </Part>
    </Brick>
    <Brick refID="6" designID="4070">
      <Part refID="6" designID="4070" materials="1">
        <Bone refID="6" transformation="0,0,1,0,0.99999994039535522,0,-1,0,0,0.80000114440917969,0,-1.2000000476837158">
        </Bone>
      </Part>
    </Brick>
    <Brick refID="7" designID="4085">
      <Part refID="7" designID="4085" materials="1">
        <Bone refID="7" transformation="0,0,1.0000001192092896,1.0000001192092896,0,0,0,1.0000002384185791,0,1.1881392002105713,0.56001126766204834,-2.8000099658966064">
        </Bone>
      </Part>
    </Brick>
    <Brick refID="8" designID="2420">
      <Part refID="8" designID="2420" materials="1">
        <Bone refID="8" transformation="0,-1,0,1,0,0,0,0,0.99999994039535522,1.5318648815155029,1.3600007295608521,-2.8000001907348633">
        </Bone>
      </Part>
    </Brick>
    <Brick refID="9" designID="3623">
      <Part refID="9" designID="3623" materials="1">
        <Bone refID="9" transformation="0,0,-1.0000001192092896,1,0,0,0,-1,0,1.8518644571304321,0.56000036001205444,-1.1999998092651367">
        </Bone>
      </Part>
    </Brick>
    <Brick refID="10" designID="2431">
      <Part refID="10" designID="2431" materials="1,0">
        <Bone refID="10" transformation="0,0,-1.0000001192092896,1,0,0,0,-1,0,2.1718640327453613,0.5600007176399231,-0.39999961853027344">
        </Bone>
      </Part>
    </Brick>
    <Brick refID="11" designID="4070">
      <Part refID="11" designID="4070" materials="1">
        <Bone refID="11" transformation="0,0,-1,0,0.99999994039535522,0,1,0,0,1.6000009775161743,0,-1.1999995708465576">
        </Bone>
      </Part>
    </Brick>
    <Brick refID="12" designID="30602">
      <Part refID="12" designID="30602" materials="1">
        <Bone refID="12" transformation="1,0,0,0,1,0,0,0,1,0.80000185966491699,0.96000087261199951,-0.39999961853027344">
        </Bone>
      </Part>
    </Brick>
    <Brick refID="13" designID="4070">
      <Part refID="13" designID="4070" materials="1">
        <Bone refID="13" transformation="0,0,-1,0,0.99999994039535522,0,1,0,0,1.6000007390975952,0,-0.40000081062316895">
        </Bone>
      </Part>
    </Brick>
    <Brick refID="14" designID="4070">
      <Part refID="14" designID="4070" materials="1">
        <Bone refID="14" transformation="0,0,1,0,0.99999994039535522,0,-1,0,0,0.80000126361846924,0,-0.40000081062316895">
        </Bone>
      </Part>
    </Brick>
    <Brick refID="15" designID="6091">
      <Part refID="15" designID="6091" materials="1">
        <Bone refID="15" transformation="0,1.0000001192092896,0,1.0000001192092896,0,0,0,0,-1,1.8518639802932739,0.56000059843063354,-0.39999890327453613">
        </Bone>
      </Part>
    </Brick>
    <Brick refID="16" designID="6091">
      <Part refID="16" designID="6091" materials="1">
        <Bone refID="16" transformation="0,-1.0000001192092896,0,-1.0000001192092896,0,0,0,0,-1,0.54813957214355469,0.56000632047653198,-0.39999890327453613">
        </Bone>
      </Part>
    </Brick>
    <Brick refID="17" designID="3024">
      <Part refID="17" designID="3024" materials="1">
        <Bone refID="17" transformation="0,0.70801335573196411,-0.7061992883682251,1.0000001192092896,0,0,0,-0.7061992883682251,-0.70801317691802979,1.1881409883499146,2.4891936779022217,-2.7985575199127197">
        </Bone>
      </Part>
    </Brick>
    <Brick refID="18" designID="6091">
      <Part refID="18" designID="6091" materials="1">
        <Bone refID="18" transformation="0,0.706199049949646,0.70801341533660889,1.0000001192092896,0,0,0,0.70801341533660889,-0.706199049949646,0.86814141273498535,2.4891936779022217,-2.7985568046569824">
        </Bone>
      </Part>
    </Brick>
    <Brick refID="19" designID="3024">
      <Part refID="19" designID="3024" materials="1">
        <Bone refID="19" transformation="0,0.70801335573196411,-0.7061992883682251,1.0000002384185791,0,0,0,-0.7061992883682251,-0.70801317691802979,0.54814445972442627,2.4891936779022217,-2.7985577583312988">
        </Bone>
      </Part>
    </Brick>
    <Brick refID="20" designID="3623">
      <Part refID="20" designID="3623" materials="1">
        <Bone refID="20" transformation="0,0.70619899034500122,0.70801341533660889,1.0000001192092896,0,0,0,0.70801347494125366,-0.70619910955429077,0.22814086079597473,1.9242340326309204,-3.3649678230285645">
        </Bone>
      </Part>
    </Brick>
    <Brick refID="21" designID="2921">
      <Part refID="21" designID="2921" materials="1">
        <Bone refID="21" transformation="0,-0.70619893074035645,-0.70801353454589844,1.0000001192092896,0,0,0,-0.70801353454589844,0.70619893074035645,0.54813957214355469,1.9242340326309204,-3.3649678230285645">
        </Bone>
      </Part>
    </Brick>
    <Brick refID="22" designID="3069">
      <Part refID="22" designID="3069" materials="1,0">
        <Bone refID="22" transformation="0,0.70619893074035645,0.70801353454589844,1.0000002384185791,0,0,0,0.70801365375518799,-0.70619887113571167,1.5081406831741333,2.4890358448028564,-2.7987151145935059">
        </Bone>
      </Part>
    </Brick>
    <Brick refID="23" designID="6091">
      <Part refID="23" designID="6091" materials="1">
        <Bone refID="23" transformation="0,0.70619881153106689,0.70801365375518799,1.0000001192092896,0,0,0,0.70801371335983276,-0.70619881153106689,0.8681412935256958,3.0541515350341797,-2.2321457862854004">
        </Bone>
      </Part>
    </Brick>
    <Brick refID="24" designID="4085">
      <Part refID="24" designID="4085" materials="1">
        <Bone refID="24" transformation="0,-0.70712214708328247,0.70709162950515747,1.0000002384185791,0,0,0,0.70709162950515747,0.70712226629257202,0.54814338684082031,3.0534327030181885,-2.2314455509185791">
        </Bone>
      </Part>
    </Brick>
    <Brick refID="25" designID="4085">
      <Part refID="25" designID="4085" materials="1">
        <Bone refID="25" transformation="0,-0.70924848318099976,0.70495879650115967,1.0000002384185791,0,0,0,0.70495885610580444,0.70924860239028931,1.1881499290466309,3.0551316738128662,-2.2331328392028809">
        </Bone>
      </Part>
    </Brick>
    <Brick refID="26" designID="6091">
      <Part refID="26" designID="6091" materials="102">
        <Bone refID="26" transformation="1,0,0,0,0.15343500673770905,0.98815876245498657,0,-0.98815876245498657,0.15343500673770905,1.1081421375274658,5.3600025177001953,-0.8733818531036377">
        </Bone>
      </Part>
    </Brick>
    <Brick refID="27" designID="3070">
      <Part refID="27" designID="3070" materials="102">
        <Bone refID="27" transformation="0,0.98815888166427612,-0.15343517065048218,0,0.15343527495861053,0.9881587028503418,1,0,0,1.1081414222717285,5.4090995788574219,-0.55717158317565918">
        </Bone>
      </Part>
    </Brick>
    <Brick refID="28" designID="3068">
      <Part refID="28" designID="3068" materials="102,0">
        <Bone refID="28" transformation="0,-0.15343455970287323,-0.9881589412689209,1.0000001192092896,0,0,0,-0.9881589412689209,0.15343461930751801,1.5081413984298706,5.3213582038879395,-1.1222624778747559">
        </Bone>
      </Part>
    </Brick>
    <Brick refID="29" designID="4070">
      <Part refID="29" designID="4070" materials="1">
        <Bone refID="29" transformation="0,-0.98815876245498657,0.15343505144119263,1.0000001192092896,0,0,0,0.15343505144119263,0.98815900087356567,0.54814338684082031,5.3213582038879395,-1.1222643852233887">
        </Bone>
      </Part>
    </Brick>
    <Brick refID="30" designID="4070">
      <Part refID="30" designID="4070" materials="1">
        <Bone refID="30" transformation="0,0.9881589412689209,-0.15343403816223145,0.99999994039535522,0,0,0,-0.15343403816223145,-0.9881589412689209,0.54814386367797852,5.1986088752746582,-1.912790060043335">
        </Bone>
      </Part>
    </Brick>
    <Brick refID="31" designID="6091">
      <Part refID="31" designID="6091" materials="102">
        <Bone refID="31" transformation="-1,0,0,0,-0.15343458950519562,-0.9881589412689209,0,-0.98815888166427612,0.1534348726272583,1.1081433296203613,5.1599664688110352,-2.1616716384887695">
        </Bone>
      </Part>
    </Brick>
    <Brick refID="32" designID="3623">
      <Part refID="32" designID="3623" materials="1">
        <Bone refID="32" transformation="0,0.98815929889678955,-0.15343141555786133,1,0,0,0,-0.15343141555786133,-0.98815929889678955,0.22814473509788513,3.7403037548065186,-0.87676692008972168">
        </Bone>
      </Part>
    </Brick>
    <Brick refID="33" designID="4070">
      <Part refID="33" designID="4070" materials="1">
        <Bone refID="33" transformation="0,-0.98815888166427612,0.15343509614467621,1.0000001192092896,0,0,0,0.15343508124351501,0.98815900087356567,0.54814374446868896,4.530829906463623,-0.99951529502868652">
        </Bone>
      </Part>
    </Brick>
    <Brick refID="34" designID="50746">
      <Part refID="34" designID="50746" materials="102">
        <Bone refID="34" transformation="1,0,0,0,0.15343500673770905,0.98815876245498657,0,-0.98815876245498657,0.15343500673770905,1.1081427335739136,4.5694756507873535,-0.75063419342041016">
        </Bone>
      </Part>
    </Brick>
    <Brick refID="35" designID="3023">
      <Part refID="35" designID="3023" materials="1">
        <Bone refID="35" transformation="0,0.9881591796875,-0.15343315899372101,1.0000001192092896,0,0,0,-0.15343314409255981,-0.98815906047821045,0.22814485430717468,4.4080810546875,-1.7900416851043701">
        </Bone>
      </Part>
    </Brick>
    <Brick refID="36" designID="3070">
      <Part refID="36" designID="3070" materials="102">
        <Bone refID="36" transformation="0,-0.98815888166427612,0.15343514084815979,0,-0.15343505144119263,-0.98815876245498657,1.0000001192092896,0,0,1.10814368724823,5.1108660697937012,-2.4778814315795898">
        </Bone>
      </Part>
    </Brick>
    <Brick refID="37" designID="4070">
      <Part refID="37" designID="4070" materials="1">
        <Bone refID="37" transformation="0,0.9881589412689209,-0.15343403816223145,0.99999994039535522,0,0,0,-0.15343403816223145,-0.9881589412689209,0.54814445972442627,4.4080824851989746,-1.7900428771972656">
        </Bone>
      </Part>
    </Brick>
    <Brick refID="38" designID="4150">
      <Part refID="38" designID="4150" materials="1,0">
        <Bone refID="38" transformation="0,-0.15343455970287323,-0.9881589412689209,1.0000001192092896,0,0,0,-0.9881589412689209,0.15343461930751801,1.5081427097320557,3.7403032779693604,-0.87676596641540527">
        </Bone>
      </Part>
    </Brick>
    <Brick refID="39" designID="50746">
      <Part refID="39" designID="50746" materials="102">
        <Bone refID="39" transformation="-1,0,0,0,-0.15343458950519562,-0.9881589412689209,0,-0.98815888166427612,0.1534348726272583,1.1081448793411255,4.3694391250610352,-2.0389213562011719">
        </Bone>
      </Part>
    </Brick>
    <Brick refID="40" designID="2921">
      <Part refID="40" designID="2921" materials="1">
        <Bone refID="40" transformation="0,0.9881591796875,-0.15343315899372101,1.0000001192092896,0,0,0,-0.15343314409255981,-0.98815906047821045,0.54814445972442627,3.740302562713623,-0.87676596641540527">
        </Bone>
      </Part>
    </Brick>
    <Brick refID="41" designID="3623">
      <Part refID="41" designID="3623" materials="1">
        <Bone refID="41" transformation="0,0.98815888166427612,-0.15343382954597473,0.99999994039535522,0,0,0,-0.15343382954597473,-0.9881589412689209,-0.091856390237808228,5.1986079216003418,-1.9127895832061768">
        </Bone>
      </Part>
    </Brick>
    <Brick refID="42" designID="3024">
      <Part refID="42" designID="3024" materials="1">
        <Bone refID="42" transformation="0,-0.15343460440635681,-0.98815876245498657,1,0,0,0,-0.98815882205963135,0.15343460440635681,-0.091857582330703735,6.1118836402893066,-1.2450106143951416">
        </Bone>
      </Part>
    </Brick>
    <Brick refID="43" designID="3069">
      <Part refID="43" designID="3069" materials="1,0">
        <Bone refID="43" transformation="0,-0.15343467891216278,-0.98815876245498657,1,0,0,0,-0.98815882205963135,0.15343461930751801,0.22814163565635681,6.1119165420532227,-1.24479079246521">
        </Bone>
      </Part>
    </Brick>
    <Brick refID="44" designID="50746">
      <Part refID="44" designID="50746" materials="106">
        <Bone refID="44" transformation="-1,0,0,0,0.98815882205963135,-0.1534353643655777,0,-0.1534353643655777,-0.9881587028503418,-0.1037236750125885,13.182928085327148,-3.1525461673736572">
        </Bone>
      </Part>
    </Brick>
    <Brick refID="45" designID="3024">
      <Part refID="45" designID="3024" materials="106">
        <Bone refID="45" transformation="1,0,0,0,0.98815834522247314,-0.15343795716762543,0,0.15343794226646423,0.98815828561782837,-0.10372290015220642,12.866718292236328,-3.103447437286377">
        </Bone>
      </Part>
    </Brick>
    <Brick refID="46" designID="3623">
      <Part refID="46" designID="3623" materials="106">
        <Bone refID="46" transformation="1,0,0,0,0.98815822601318359,-0.15343871712684631,0,0.15343870222568512,0.98815816640853882,-0.90372157096862793,12.550504684448242,-3.0543491840362549">
        </Bone>
      </Part>
    </Brick>
    <Brick refID="47" designID="50746">
      <Part refID="47" designID="50746" materials="106">
        <Bone refID="47" transformation="0,-0.15343514084815979,-0.98815888166427612,0,0.98815900087356567,-0.15343514084815979,1.0000001192092896,0,0,0.69627642631530762,12.866718292236328,-3.1034464836120605">
        </Bone>
      </Part>
    </Brick>
    <Brick refID="48" designID="50746">
      <Part refID="48" designID="50746" materials="106">
        <Bone refID="48" transformation="0,0.15343539416790009,0.98815882205963135,0,0.9881589412689209,-0.15343539416790009,-1.0000001192092896,0,0,-0.90372180938720703,12.866715431213379,-3.103447437286377">
        </Bone>
      </Part>
    </Brick>
    <Brick refID="49" designID="4070">
      <Part refID="49" designID="4070" materials="106">
        <Bone refID="49" transformation="0,-0.15343509614467621,-0.98815888166427612,0,0.98815900087356567,-0.1534351110458374,1.0000001192092896,0,0,0.69627928733825684,11.601879119873047,-2.9070496559143066">
        </Bone>
      </Part>
    </Brick>
    <Brick refID="50" designID="6141">
      <Part refID="50" designID="6141" materials="106">
        <Bone refID="50" transformation="0,0.98815900087356567,-0.15343368053436279,1,0,0,0,-0.15343368053436279,-0.9881589412689209,0.94814026355743408,12.155243873596191,-2.9929726123809814">
        </Bone>
      </Part>
    </Brick>
    <Brick refID="51" designID="4070">
      <Part refID="51" designID="4070" materials="106">
        <Bone refID="51" transformation="-1,0,0,0,0.15343499183654785,0.98815900087356567,0,0.98815906047821045,-0.15343457460403442,0.69628238677978516,11.267074584960938,-3.4217753410339355">
        </Bone>
      </Part>
    </Brick>
    <Brick refID="52" designID="3023">
      <Part refID="52" designID="3023" materials="1">
        <Bone refID="52" transformation="0,0.98815882205963135,-0.15343493223190308,0,0.15343503654003143,0.98815888166427612,1,0,0,0.6962810754776001,11.414374351501465,-2.4731438159942627">
        </Bone>
      </Part>
    </Brick>
    <Brick refID="53" designID="3023">
      <Part refID="53" designID="3023" materials="1">
        <Bone refID="53" transformation="0,0.98815882205963135,-0.15343493223190308,0,0.15343503654003143,0.98815888166427612,1,0,0,0.69628119468688965,11.463471412658691,-2.1569321155548096">
        </Bone>
      </Part>
    </Brick>
    <Brick refID="54" designID="3024">
      <Part refID="54" designID="3024" materials="1">
        <Bone refID="54" transformation="0,0.98815882205963135,-0.15343493223190308,0,0.15343503654003143,0.98815888166427612,1,0,0,0.69628036022186279,12.303097724914551,-1.9634679555892944">
        </Bone>
      </Part>
    </Brick>
    <Brick refID="55" designID="50746">
      <Part refID="55" designID="50746" materials="102">
        <Bone refID="55" transformation="0,0.98815882205963135,-0.15343493223190308,0,0.15343503654003143,0.98815888166427612,1,0,0,0.69627857208251953,12.352192878723145,-1.6472551822662354">
        </Bone>
      </Part>
    </Brick>
    <Brick refID="56" designID="50746">
      <Part refID="56" designID="50746" materials="1">
        <Bone refID="56" transformation="1,0,0,0,0.1534351259469986,0.9881587028503418,0,-0.9881587028503418,0.1534351110458374,0.69628059864044189,11.512572288513184,-1.8407226800918579">
        </Bone>
      </Part>
    </Brick>
    <Brick refID="57" designID="4733">
      <Part refID="57" designID="4733" materials="106">
        <Bone refID="57" transformation="1,0,0,0,0.98815834522247314,-0.15343795716762543,0,0.15343794226646423,0.98815828561782837,-0.1037219762802124,11.601874351501465,-2.9070496559143066">
        </Bone>
      </Part>
    </Brick>
    <Brick refID="58" designID="4070">
      <Part refID="58" designID="4070" materials="106">
        <Bone refID="58" transformation="0,0.1534353643655777,0.9881587028503418,0,0.9881587028503418,-0.15343537926673889,-1,0,0,-0.90372085571289063,11.601875305175781,-2.9070503711700439">
        </Bone>
      </Part>
    </Brick>
    <Brick refID="59" designID="6141">
      <Part refID="59" designID="6141" materials="106">
        <Bone refID="59" transformation="0,-0.98815852403640747,0.15343621373176575,-0.99999988079071045,0,0,0,-0.15343621373176575,-0.98815858364105225,-1.1555821895599365,12.155240058898926,-2.9929747581481934">
        </Bone>
      </Part>
    </Brick>
    <Brick refID="60" designID="4070">
      <Part refID="60" designID="4070" materials="106">
        <Bone refID="60" transformation="-1,0,0,0,0.15343499183654785,0.98815900087356567,0,0.98815906047821045,-0.15343457460403442,-0.90371954441070557,11.267068862915039,-3.4217731952667236">
        </Bone>
      </Part>
    </Brick>
    <Brick refID="61" designID="3023">
      <Part refID="61" designID="3023" materials="106">
        <Bone refID="61" transformation="0,0.9881587028503418,-0.15343509614467621,0,0.15343508124351501,0.9881587028503418,1,0,0,-0.90372025966644287,11.41436767578125,-2.4731411933898926">
        </Bone>
      </Part>
    </Brick>
    <Brick refID="62" designID="3023">
      <Part refID="62" designID="3023" materials="194">
        <Bone refID="62" transformation="0,0.9881587028503418,-0.15343509614467621,0,0.15343508124351501,0.9881587028503418,1,0,0,-0.90372073650360107,11.463464736938477,-2.1569318771362305">
        </Bone>
      </Part>
    </Brick>
    <Brick refID="63" designID="3024">
      <Part refID="63" designID="3024" materials="1">
        <Bone refID="63" transformation="0,0.9881587028503418,-0.15343509614467621,0,0.15343508124351501,0.9881587028503418,1,0,0,-0.90372228622436523,12.303092002868652,-1.9634698629379272">
        </Bone>
      </Part>
    </Brick>
    <Brick refID="64" designID="50746">
      <Part refID="64" designID="50746" materials="102">
        <Bone refID="64" transformation="0,-0.98815882205963135,0.15343499183654785,0,0.15343503654003143,0.98815888166427612,-1.0000001192092896,0,0,-0.90372133255004883,12.352190971374512,-1.6472570896148682">
        </Bone>
      </Part>
    </Brick>
    <Brick refID="65" designID="50746">
      <Part refID="65" designID="50746" materials="1">
        <Bone refID="65" transformation="1,0,0,0,0.1534351259469986,0.9881587028503418,0,-0.9881587028503418,0.1534351110458374,-0.90372180938720703,11.51256275177002,-1.8407202959060669">
        </Bone>
      </Part>
    </Brick>
    <Brick refID="66" designID="3005">
      <Part refID="66" designID="3005" materials="102,0">
        <Bone refID="66" transformation="1,0,0,0,0.98815834522247314,-0.15343795716762543,0,0.15343794226646423,0.98815828561782837,-0.10372096300125122,10.653239250183105,-2.7597517967224121">
        </Bone>
      </Part>
    </Brick>
    <Brick refID="67" designID="3794">
      <Part refID="67" designID="3794" materials="102">
        <Bone refID="67" transformation="1,0,0,0,0.98815834522247314,-0.15343795716762543,0,0.15343794226646423,0.98815828561782837,-0.50372034311294556,10.337028503417969,-2.7106537818908691">
        </Bone>
      </Part>
    </Brick>
    <Brick refID="68" designID="4070">
      <Part refID="68" designID="4070" materials="1">
        <Bone refID="68" transformation="0,0.1534353643655777,0.9881587028503418,0,0.9881587028503418,-0.15343537926673889,-1,0,0,-0.50372254848480225,9.3884010314941406,-2.5633549690246582">
        </Bone>
      </Part>
    </Brick>
    <Brick refID="69" designID="3024">
      <Part refID="69" designID="3024" materials="102">
        <Bone refID="69" transformation="0,-0.9881584644317627,0.15343725681304932,-1,0,0,0,-0.15343724191188812,-0.98815840482711792,-0.75558239221572876,9.941767692565918,-2.6492800712585449">
        </Bone>
      </Part>
    </Brick>
    <Brick refID="70" designID="3623">
      <Part refID="70" designID="3623" materials="102">
        <Bone refID="70" transformation="0,0.9881587028503418,-0.15343557298183441,-1,0,0,0,0.15343555808067322,0.9881587028503418,-1.0755808353424072,8.3607158660888672,-2.4037821292877197">
        </Bone>
      </Part>
    </Brick>
    <Brick refID="71" designID="3024">
      <Part refID="71" designID="3024" materials="1">
        <Bone refID="71" transformation="0,0.15343554317951202,0.9881587028503418,-1,0,0,0,-0.9881587028503418,0.15343555808067322,-0.75558120012283325,8.3607120513916016,-2.4037823677062988">
        </Bone>
      </Part>
    </Brick>
    <Brick refID="72" designID="3623">
      <Part refID="72" designID="3623" materials="1">
        <Bone refID="72" transformation="0,0.98815864324569702,-0.15343564748764038,-1,0,0,0,0.15343563258647919,0.98815864324569702,-0.43558031320571899,6.7796602249145508,-2.1582856178283691">
        </Bone>
      </Part>
    </Brick>
    <Brick refID="73" designID="3023">
      <Part refID="73" designID="3023" materials="1">
        <Bone refID="73" transformation="0,0.98815864324569702,-0.15343564748764038,-1,0,0,0,0.15343563258647919,0.98815864324569702,-0.11558234691619873,7.5701899528503418,-2.281033992767334">
        </Bone>
      </Part>
    </Brick>
    <Brick refID="74" designID="4070">
      <Part refID="74" designID="4070" materials="1">
        <Bone refID="74" transformation="0,-0.1534351110458374,-0.98815888166427612,0,0.98815900087356567,-0.1534351110458374,1.0000001192092896,0,0,0.29627791047096252,9.3884038925170898,-2.5633556842803955">
        </Bone>
      </Part>
    </Brick>
    <Brick refID="75" designID="3024">
      <Part refID="75" designID="3024" materials="102">
        <Bone refID="75" transformation="0,-0.98815882205963135,0.15343508124351501,1.0000001192092896,0,0,0,0.15343508124351501,0.98815900087356567,0.54813957214355469,9.9417715072631836,-2.649277925491333">
        </Bone>
      </Part>
    </Brick>
    <Brick refID="76" designID="3623">
      <Part refID="76" designID="3623" materials="102">
        <Bone refID="76" transformation="0,0.98815906047821045,-0.15343329310417175,1,0,0,0,-0.15343329310417175,-0.98815900087356567,0.8681405782699585,8.3607168197631836,-2.4037814140319824">
        </Bone>
      </Part>
    </Brick>
    <Brick refID="77" designID="3024">
      <Part refID="77" designID="3024" materials="1">
        <Bone refID="77" transformation="0,-0.15343485772609711,-0.98815876245498657,1,0,0,0,-0.98815876245498657,0.15343490242958069,0.54814004898071289,8.3607168197631836,-2.403780460357666">
        </Bone>
      </Part>
    </Brick>
    <Brick refID="78" designID="3623">
      <Part refID="78" designID="3623" materials="1">
        <Bone refID="78" transformation="0,0.98815828561782837,-0.15343852341175079,1,0,0,0,-0.15343853831291199,-0.98815834522247314,0.22814163565635681,6.7796621322631836,-2.1582856178283691">
        </Bone>
      </Part>
    </Brick>
    <Brick refID="79" designID="3023">
      <Part refID="79" designID="3023" materials="1">
        <Bone refID="79" transformation="0,0.98815828561782837,-0.15343852341175079,1,0,0,0,-0.15343853831291199,-0.98815834522247314,-0.091857790946960449,7.5701909065246582,-2.2810359001159668">
        </Bone>
      </Part>
    </Brick>
    <Brick refID="80" designID="3069">
      <Part refID="80" designID="3069" materials="106,0">
        <Bone refID="80" transformation="0,0.9881587028503418,-0.15343587100505829,0,-0.15343585610389709,-0.98815864324569702,-1,0,0,-0.1037212610244751,11.303122520446777,-3.2654547691345215">
        </Bone>
      </Part>
    </Brick>
    <Brick refID="81" designID="3022">
      <Part refID="81" designID="3022" materials="1">
        <Bone refID="81" transformation="1,0,0,0,0.98815834522247314,-0.15343795716762543,0,0.15343794226646423,0.98815828561782837,-0.50372439622879028,9.1949396133422852,-1.7237303256988525">
        </Bone>
      </Part>
    </Brick>
    <Brick refID="82" designID="4070">
      <Part refID="82" designID="4070" materials="102">
        <Bone refID="82" transformation="0,0.1534353494644165,0.9881587028503418,0,0.9881587028503418,-0.1534353643655777,-1,0,0,-0.50372463464736938,9.5111541748046875,-1.7728297710418701">
        </Bone>
      </Part>
    </Brick>
    <Brick refID="83" designID="3794">
      <Part refID="83" designID="3794" materials="1">
        <Bone refID="83" transformation="1,0,0,0,0.98815834522247314,-0.15343795716762543,0,0.15343794226646423,0.98815828561782837,-0.50372326374053955,10.77599048614502,-1.9692255258560181">
        </Bone>
      </Part>
    </Brick>
    <Brick refID="84" designID="3023">
      <Part refID="84" designID="3023" materials="102">
        <Bone refID="84" transformation="1,0,0,0,0.98815834522247314,-0.15343795716762543,0,0.15343794226646423,0.98815828561782837,-0.50372302532196045,10.459779739379883,-1.9201277494430542">
        </Bone>
      </Part>
    </Brick>
    <Brick refID="85" designID="4070">
      <Part refID="85" designID="4070" materials="102">
        <Bone refID="85" transformation="0,-0.1534351110458374,-0.98815888166427612,0,0.98815900087356567,-0.1534351110458374,1.0000001192092896,0,0,0.29627647995948792,9.5111560821533203,-1.7728296518325806">
        </Bone>
      </Part>
    </Brick>
    <Brick refID="86" designID="6091">
      <Part refID="86" designID="6091" materials="102">
        <Bone refID="86" transformation="0,-0.9881587028503418,0.15343508124351501,1,0,0,0,0.15343508124351501,0.9881587028503418,1.1881381273269653,9.9417686462402344,-2.6492769718170166">
        </Bone>
      </Part>
    </Brick>
    <Brick refID="87" designID="3794">
      <Part refID="87" designID="3794" materials="102">
        <Bone refID="87" transformation="0,-0.15343496203422546,-0.98815876245498657,1,0,0,0,-0.98815876245498657,0.15343502163887024,1.5081366300582886,10.064519882202148,-1.8587486743927002">
        </Bone>
      </Part>
    </Brick>
    <Brick refID="88" designID="3068">
      <Part refID="88" designID="3068" materials="102,0">
        <Bone refID="88" transformation="0,-0.7049558162689209,-0.70925116539001465,1,0,0,0,-0.70925116539001465,0.70495587587356567,3.1081371307373047,10.567111968994141,-1.6866085529327393">
        </Bone>
      </Part>
    </Brick>
    <Brick refID="89" designID="4070">
      <Part refID="89" designID="4070" materials="1">
        <Bone refID="89" transformation="0,-0.70925116539001465,0.70495587587356567,1,0,0,0,0.70495587587356567,0.70925122499465942,2.1481375694274902,10.567111968994141,-1.6866105794906616">
        </Bone>
      </Part>
    </Brick>
    <Brick refID="90" designID="6091">
      <Part refID="90" designID="6091" materials="102">
        <Bone refID="90" transformation="1,0,0,0,0.70495587587356567,0.70925110578536987,0,-0.70925116539001465,0.70495587587356567,2.7081367969512939,10.744661331176758,-1.5079758167266846">
        </Bone>
      </Part>
    </Brick>
    <Brick refID="91" designID="4070">
      <Part refID="91" designID="4070" materials="1">
        <Bone refID="91" transformation="0,0.7092515230178833,-0.70495551824569702,1,0,0,0,-0.70495551824569702,-0.70925146341323853,2.1481380462646484,10.003147125244141,-2.2540113925933838">
        </Bone>
      </Part>
    </Brick>
    <Brick refID="92" designID="6091">
      <Part refID="92" designID="6091" materials="102">
        <Bone refID="92" transformation="-1,0,0,0,-0.70495563745498657,-0.70925122499465942,0,-0.70925122499465942,0.7049558162689209,2.7081379890441895,9.8255958557128906,-2.4326424598693848">
        </Bone>
      </Part>
    </Brick>
    <Brick refID="93" designID="3023">
      <Part refID="93" designID="3023" materials="1">
        <Bone refID="93" transformation="0,-0.70495587587356567,-0.70925110578536987,0.99999994039535522,0,0,0,-0.70925116539001465,0.70495587587356567,1.8281372785568237,10.567111015319824,-1.686610221862793">
        </Bone>
      </Part>
    </Brick>
    <Brick refID="94" designID="3069">
      <Part refID="94" designID="3069" materials="1,0">
        <Bone refID="94" transformation="0,-0.7092510461807251,0.70495593547821045,0,0.70495593547821045,0.7092510461807251,-1,0,0,2.7081365585327148,10.970403671264648,-1.2811682224273682">
        </Bone>
      </Part>
    </Brick>
    <Brick refID="95" designID="3024">
      <Part refID="95" designID="3024" materials="102">
        <Bone refID="95" transformation="-1,0,0,0,0.70495587587356567,0.7092512845993042,0,0.7092512845993042,-0.70495569705963135,2.7081379890441895,10.177260398864746,-0.94400811195373535">
        </Bone>
      </Part>
    </Brick>
    <Brick refID="96" designID="4070">
      <Part refID="96" designID="4070" materials="1">
        <Bone refID="96" transformation="0,-0.70925110578536987,0.70495599508285522,1,0,0,0,0.7049560546875,0.7092512845993042,2.1481359004974365,9.9997091293334961,-1.1226413249969482">
        </Bone>
      </Part>
    </Brick>
    <Brick refID="97" designID="2412">
      <Part refID="97" designID="2412" materials="102">
        <Bone refID="97" transformation="0,-0.70495587587356567,-0.70925110578536987,1,0,0,0,-0.70925116539001465,0.70495599508285522,3.1081371307373047,9.9997119903564453,-1.1226418018341064">
        </Bone>
      </Part>
    </Brick>
    <Brick refID="98" designID="4070">
      <Part refID="98" designID="4070" materials="1">
        <Bone refID="98" transformation="0,0.70925110578536987,-0.70495599508285522,1,0,0,0,-0.70495599508285522,-0.70925110578536987,2.1481375694274902,9.4357461929321289,-1.6900438070297241">
        </Bone>
      </Part>
    </Brick>
    <Brick refID="99" designID="3023">
      <Part refID="99" designID="3023" materials="1">
        <Bone refID="99" transformation="0,0.7092515230178833,-0.70495545864105225,1,0,0,0,-0.70495551824569702,-0.70925146341323853,1.8281372785568237,9.4323081970214844,-0.55867862701416016">
        </Bone>
      </Part>
    </Brick>
    <Brick refID="100" designID="3069">
      <Part refID="100" designID="3069" materials="1,0">
        <Bone refID="100" transformation="0,0.70925062894821167,-0.7049565315246582,0,-0.70495647192001343,-0.70925056934356689,-1.0000001192092896,0,0,2.7081394195556641,9.0324506759643555,-2.0954797267913818">
        </Bone>
      </Part>
    </Brick>
    <Brick refID="101" designID="3024">
      <Part refID="101" designID="3024" materials="102">
        <Bone refID="101" transformation="-1.0000001192092896,0,0,0,-0.70495569705963135,-0.7092512845993042,0,-0.70925134420394897,0.7049558162689209,2.7081384658813477,9.2581939697265625,-1.8686771392822266">
        </Bone>
      </Part>
    </Brick>
    <Brick refID="102" designID="4070">
      <Part refID="102" designID="4070" materials="1">
        <Bone refID="102" transformation="0,-0.7092510461807251,0.70495593547821045,1,0,0,0,0.70495593547821045,0.7092510461807251,2.1481373310089111,9.432307243347168,-0.55867695808410645">
        </Bone>
      </Part>
    </Brick>
    <Brick refID="103" designID="50746">
      <Part refID="103" designID="50746" materials="1">
        <Bone refID="103" transformation="1,0,0,0,0.70495539903640747,0.7092515230178833,0,-0.7092515230178833,0.70495539903640747,2.7081363201141357,9.6098594665527344,-0.38004398345947266">
        </Bone>
      </Part>
    </Brick>
    <Brick refID="104" designID="3623">
      <Part refID="104" designID="3623" materials="1">
        <Bone refID="104" transformation="0,-0.70925110578536987,0.70495587587356567,1,0,0,0,0.70495587587356567,0.7092512845993042,1.8281391859054565,9.4357442855834961,-1.6900436878204346">
        </Bone>
      </Part>
    </Brick>
    <Brick refID="105" designID="4070">
      <Part refID="105" designID="4070" materials="1">
        <Bone refID="105" transformation="0,0.70925134420394897,-0.70495599508285522,1.0000001192092896,0,0,0,-0.70495593547821045,-0.70925122499465942,2.1481389999389648,8.8683433532714844,-1.1260795593261719">
        </Bone>
      </Part>
    </Brick>
    <Brick refID="106" designID="50746">
      <Part refID="106" designID="50746" materials="1">
        <Bone refID="106" transformation="-1,0,0,0,-0.70495569705963135,-0.7092512845993042,0,-0.7092512845993042,0.70495587587356567,2.7081389427185059,8.6907930374145508,-1.3047127723693848">
        </Bone>
      </Part>
    </Brick>
    <Brick refID="107" designID="4150">
      <Part refID="107" designID="4150" materials="1,0">
        <Bone refID="107" transformation="0,-0.7049558162689209,-0.70925116539001465,1,0,0,0,-0.7092512845993042,0.70495587587356567,3.1081376075744629,8.8649110794067383,0.0052869319915771484">
        </Bone>
      </Part>
    </Brick>
    <Brick refID="108" designID="2921">
      <Part refID="108" designID="2921" materials="1">
        <Bone refID="108" transformation="0,-0.70925110578536987,0.7049560546875,1,0,0,0,0.70495599508285522,0.70925110578536987,2.1481368541717529,8.3009433746337891,-0.56211376190185547">
        </Bone>
      </Part>
    </Brick>
    <Brick refID="109" designID="3023">
      <Part refID="109" designID="3023" materials="1">
        <Bone refID="109" transformation="0,-0.60477042198181152,-0.79639983177185059,1,0,0,0,-0.79639983177185059,0.60477042198181152,1.8281365633010864,9.8312063217163086,1.2777812480926514">
        </Bone>
      </Part>
    </Brick>
    <Brick refID="110" designID="4085">
      <Part refID="110" designID="4085" materials="1">
        <Bone refID="110" transformation="0,0.79483729600906372,-0.60682272911071777,1,0,0,0,-0.60682272911071777,-0.79483729600906372,2.1481409072875977,9.349029541015625,0.63941431045532227">
        </Bone>
      </Part>
    </Brick>
    <Brick refID="111" designID="4085">
      <Part refID="111" designID="4085" materials="1">
        <Bone refID="111" transformation="0,0.79640108346939087,-0.60476893186569214,1,0,0,0,-0.60476893186569214,-0.79640108346939087,2.7881395816802979,9.3473911285400391,0.64066147804260254">
        </Bone>
      </Part>
    </Brick>
    <Brick refID="112" designID="6091">
      <Part refID="112" designID="6091" materials="1">
        <Bone refID="112" transformation="0,0.6047709584236145,0.79639971256256104,1.0000001192092896,0,0,0,0.79639971256256104,-0.60477077960968018,2.4681403636932373,9.3473882675170898,0.64066171646118164">
        </Bone>
      </Part>
    </Brick>
    <Brick refID="113" designID="2420">
      <Part refID="113" designID="2420" materials="1">
        <Bone refID="113" transformation="0,0.79640054702758789,-0.60476946830749512,1,0,0,0,-0.60476946830749512,-0.79640060663223267,2.1481366157531738,9.6779031753540039,2.3987185955047607">
        </Bone>
      </Part>
    </Brick>
    <Brick refID="114" designID="6091">
      <Part refID="114" designID="6091" materials="1">
        <Bone refID="114" transformation="0,0.60477077960968018,0.79639959335327148,1,0,0,0,0.79639959335327148,-0.6047707200050354,2.468134880065918,9.831207275390625,1.2777822017669678">
        </Bone>
      </Part>
    </Brick>
    <Brick refID="115" designID="3070">
      <Part refID="115" designID="3070" materials="1">
        <Bone refID="115" transformation="0,-0.79639977216720581,0.60477089881896973,1.0000001192092896,0,0,0,0.60477077960968018,0.79639989137649536,2.7881348133087158,9.8312063217163086,1.2777822017669678">
        </Bone>
      </Part>
    </Brick>
    <Brick refID="116" designID="6091">
      <Part refID="116" designID="6091" materials="1">
        <Bone refID="116" transformation="0,0.79640120267868042,-0.60476863384246826,1,0,0,0,-0.60476869344711304,-0.79640120267868042,2.468134880065918,10.31634521484375,1.9166457653045654">
        </Bone>
      </Part>
    </Brick>
    <Brick refID="117" designID="2412">
      <Part refID="117" designID="2412" materials="102">
        <Bone refID="117" transformation="0,-0.79640001058578491,0.60477042198181152,1.0000001192092896,0,0,0,0.60477042198181152,0.79640007019042969,2.7881345748901367,10.31634521484375,1.9166452884674072">
        </Bone>
      </Part>
    </Brick>
    <Brick refID="118" designID="6091">
      <Part refID="118" designID="6091" materials="1">
        <Bone refID="118" transformation="0,0.79640120267868042,-0.60476863384246826,1,0,0,0,-0.60476869344711304,-0.79640120267868042,2.4681360721588135,9.6792259216308594,2.4004638195037842">
        </Bone>
      </Part>
    </Brick>
    <Brick refID="119" designID="50746">
      <Part refID="119" designID="50746" materials="1">
        <Bone refID="119" transformation="0,0.6047709584236145,0.79639959335327148,1,0,0,0,0.79639953374862671,-0.60477083921432495,2.1481349468231201,10.953466415405273,1.4328286647796631">
        </Bone>
      </Part>
    </Brick>
    <Brick refID="120" designID="3023">
      <Part refID="120" designID="3023" materials="1">
        <Bone refID="120" transformation="0,-0.79639989137649536,0.60477036237716675,1.0000001192092896,0,0,0,0.60477036237716675,0.79640007019042969,1.8281348943710327,10.953465461730957,1.4328300952911377">
        </Bone>
      </Part>
    </Brick>
    <Brick refID="121" designID="6005">
      <Part refID="121" designID="6005" materials="102">
