<?xml version="1.0" encoding="UTF-8" standalone="no" ?>
<LXFML versionMajor="5" versionMinor="0">
  <Meta>
    <Application name="LEGO Universe" versionMajor="0" versionMinor="0"/>
    <Brand name="LEGOUniverse"/>
    <BrickSet version="61"/>
  </Meta>
  <Bricks>
    <Brick refID="0" designID="3028">
      <Part refID="0" designID="3028" materials="194">
        <Bone refID="0" transformation="0,0,-1,0,0.99999994039535522,0,1,0,0,0.40000003576278687,3.1994240283966064,0">
        </Bone>
      </Part>
    </Brick>
    <Brick refID="1" designID="3004">
      <Part refID="1" designID="3004" materials="194,0,0,0">
        <Bone refID="1" transformation="1,0,0,0,1,0,0,0,1,-2.0000002384185791,3.5194239616394043,-1.5999999046325684">
        </Bone>
      </Part>
    </Brick>
    <Brick refID="2" designID="3021">
      <Part refID="2" designID="3021" materials="194">
        <Bone refID="2" transformation="0,0,1,0,1,0,-1,0,0,-1.9999997615814209,4.479423999786377,-1.600000262260437">
        </Bone>
      </Part>
    </Brick>
    <Brick refID="3" designID="3023">
      <Part refID="3" designID="3023" materials="194">
        <Bone refID="3" transformation="1,0,0,0,1,0,0,0,1,-1.9999997615814209,4.7994241714477539,-1.6000005006790161">
        </Bone>
      </Part>
    </Brick>
    <Brick refID="4" designID="3069">
      <Part refID="4" designID="3069" materials="194,0">
        <Bone refID="4" transformation="1,0,0,0,1,0,0,0,1,-2.0002226829528809,4.7994241714477539,-0.80000030994415283">
        </Bone>
      </Part>
    </Brick>
    <Brick refID="5" designID="3794">
      <Part refID="5" designID="3794" materials="194">
        <Bone refID="5" transformation="1,0,0,0,1,0,0,0,1,-2,4.7994241714477539,0">
        </Bone>
      </Part>
    </Brick>
    <Brick refID="6" designID="3004">
      <Part refID="6" designID="3004" materials="194,0,0,0">
        <Bone refID="6" transformation="1,0,0,0,1,0,0,0,1,-2,3.5194239616394043,-0.79999983310699463">
        </Bone>
      </Part>
    </Brick>
    <Brick refID="7" designID="3700">
      <Part refID="7" designID="3700" materials="194">
        <Bone refID="7" transformation="1,0,0,0,1,0,0,0,1,-2,3.5194239616394043,0">
        </Bone>
      </Part>
    </Brick>
    <Brick refID="8" designID="3940">
      <Part refID="8" designID="3940" materials="194">
        <Bone refID="8" transformation="1,0,0,0,1,0,0,0,1,-0.39999914169311523,1.279423713684082,-1.600000262260437">
        </Bone>
      </Part>
    </Brick>
    <Brick refID="9" designID="3034">
      <Part refID="9" designID="3034" materials="194">
        <Bone refID="9" transformation="0,0,-1,0,0.99999994039535522,0,1,0,0,0.39999991655349731,0.95942389965057373,-1.600000262260437">
        </Bone>
      </Part>
    </Brick>
    <Brick refID="10" designID="3940">
      <Part refID="10" designID="3940" materials="194">
        <Bone refID="10" transformation="1,0,0,0,1,0,0,0,1,-0.39999926090240479,1.279423713684082,-4">
        </Bone>
      </Part>
    </Brick>
    <Brick refID="11" designID="3940">
      <Part refID="11" designID="3940" materials="194">
        <Bone refID="11" transformation="1,0,0,0,1,0,0,0,1,-0.39999935030937195,1.279423713684082,-6.4000005722045898">
        </Bone>
      </Part>
    </Brick>
    <Brick refID="12" designID="4600">
      <Part refID="12" designID="4600" materials="194">
        <Bone refID="12" transformation="1,0,0,0,1,0,0,0,1,-0.3999992311000824,0.63942402601242065,-6.4000005722045898">
        </Bone>
      </Part>
    </Brick>
    <Brick refID="13" designID="4600">
      <Part refID="13" designID="4600" materials="194">
        <Bone refID="13" transformation="1,0,0,0,1,0,0,0,1,-0.39999926090240479,0.63942402601242065,-4.0000004768371582">
        </Bone>
      </Part>
    </Brick>
    <Brick refID="14" designID="4600">
      <Part refID="14" designID="4600" materials="194">
        <Bone refID="14" transformation="1,0,0,0,1,0,0,0,1,-0.39999902248382568,0.63942402601242065,-1.600000262260437">
        </Bone>
      </Part>
    </Brick>
    <Brick refID="15" designID="3666">
      <Part refID="15" designID="3666" materials="194">
        <Bone refID="15" transformation="1,0,0,0,1,0,0,0,1,-3.6000001430511475,0.63942402601242065,-5.6000003814697266">
        </Bone>
      </Part>
    </Brick>
    <Brick refID="16" designID="3034">
      <Part refID="16" designID="3034" materials="194">
        <Bone refID="16" transformation="0,0,-1,0,0.99999994039535522,0,1,0,0,-2.7999999523162842,0.95942389965057373,-1.5999999046325684">
        </Bone>
      </Part>
    </Brick>
    <Brick refID="17" designID="3940">
      <Part refID="17" designID="3940" materials="194">
        <Bone refID="17" transformation="1,0,0,0,1,0,0,0,1,-3.6000001430511475,1.279423713684082,-6.4000005722045898">
        </Bone>
      </Part>
    </Brick>
    <Brick refID="18" designID="3940">
      <Part refID="18" designID="3940" materials="194">
        <Bone refID="18" transformation="1,0,0,0,1,0,0,0,1,-3.6000001430511475,1.279423713684082,-4">
        </Bone>
      </Part>
    </Brick>
    <Brick refID="19" designID="3940">
      <Part refID="19" designID="3940" materials="194">
        <Bone refID="19" transformation="1,0,0,0,1,0,0,0,1,-3.5999996662139893,1.279423713684082,-1.6000000238418579">
        </Bone>
      </Part>
    </Brick>
    <Brick refID="20" designID="4600">
      <Part refID="20" designID="4600" materials="194">
        <Bone refID="20" transformation="1,0,0,0,1,0,0,0,1,-3.5999999046325684,0.63942402601242065,-6.4000005722045898">
        </Bone>
      </Part>
    </Brick>
    <Brick refID="21" designID="4600">
      <Part refID="21" designID="4600" materials="194">
        <Bone refID="21" transformation="1,0,0,0,1,0,0,0,1,-3.6000001430511475,0.63942402601242065,-4">
        </Bone>
      </Part>
    </Brick>
    <Brick refID="22" designID="4600">
      <Part refID="22" designID="4600" materials="194">
        <Bone refID="22" transformation="1,0,0,0,1,0,0,0,1,-3.5999996662139893,0.63942402601242065,-1.5999996662139893">
        </Bone>
      </Part>
    </Brick>
    <Brick refID="23" designID="3666">
      <Part refID="23" designID="3666" materials="194">
        <Bone refID="23" transformation="1,0,0,0,1,0,0,0,1,-3.6000001430511475,0.63942402601242065,-3.2000000476837158">
        </Bone>
      </Part>
    </Brick>
    <Brick refID="24" designID="73081">
      <Part refID="24" designID="3829" materials="194">
        <Bone refID="24" transformation="-1,0,0,0,1,0,0,0,-1,-1.2000001668930054,3.5194239616394043,-3.1999998092651367">
        </Bone>
      </Part>
      <Part refID="25" designID="3828" materials="26">
        <Bone refID="25" transformation="-1,0,0,0,0.57357633113861084,-0.81915187835693359,0,-0.81915187835693359,-0.57357656955718994,-1.5999729633331299,4.7354841232299805,-2.9701180458068848">
        </Bone>
      </Part>
    </Brick>
    <Brick refID="25" designID="3024">
      <Part refID="26" designID="3024" materials="48">
        <Bone refID="26" transformation="1,0,0,0,1,0,0,0,1,-0.39999979734420776,3.5194239616394043,0">
        </Bone>
      </Part>
    </Brick>
    <Brick refID="26" designID="3022">
      <Part refID="27" designID="3022" materials="194">
        <Bone refID="27" transformation="1,0,0,0,1,0,0,0,1,-0.39999979734420776,3.8394238948822021,0">
        </Bone>
      </Part>
    </Brick>
    <Brick refID="27" designID="3298">
      <Part refID="28" designID="3298" materials="194">
        <Bone refID="28" transformation="1,0,0,0,1,0,0,0,1,-0.39999985694885254,4.1594243049621582,-1.6000000238418579">
        </Bone>
      </Part>
    </Brick>
    <Brick refID="28" designID="3024">
      <Part refID="29" designID="3024" materials="41">
        <Bone refID="29" transformation="1,0,0,0,1,0,0,0,1,0.40000003576278687,3.5194239616394043,0">
        </Bone>
      </Part>
    </Brick>
    <Brick refID="29" designID="3069">
      <Part refID="30" designID="3069" materials="194,0">
        <Bone refID="30" transformation="0,0,-1,0,0.99999994039535522,0,1,0,0,-3.5999994277954102,3.5194239616394043,-7.9997763633728027">
        </Bone>
      </Part>
    </Brick>
    <Brick refID="30" designID="3069">
      <Part refID="31" designID="3069" materials="194,0">
        <Bone refID="31" transformation="0,0,-1,0,0.99999994039535522,0,1,0,0,0.39999967813491821,3.5194239616394043,-7.9997773170471191">
        </Bone>
      </Part>
    </Brick>
    <Brick refID="31" designID="3024">
      <Part refID="32" designID="3024" materials="41">
        <Bone refID="32" transformation="1,0,0,0,1,0,0,0,1,-0.40000024437904358,3.5194239616394043,-8.8000001907348633">
        </Bone>
      </Part>
    </Brick>
    <Brick refID="32" designID="3710">
      <Part refID="33" designID="3710" materials="194">
        <Bone refID="33" transformation="1,0,0,0,1,0,0,0,1,-2.8000004291534424,3.8394238948822021,-8.8000001907348633">
        </Bone>
      </Part>
    </Brick>
    <Brick refID="33" designID="3010">
      <Part refID="34" designID="3010" materials="194">
        <Bone refID="34" transformation="1,0,0,0,1,0,0,0,1,-2.8000004291534424,4.1594243049621582,-8.8000001907348633">
        </Bone>
      </Part>
    </Brick>
    <Brick refID="34" designID="3010">
      <Part refID="35" designID="3010" materials="48">
        <Bone refID="35" transformation="1,0,0,0,1,0,0,0,1,-2.8000004291534424,5.1194243431091309,-8.8000001907348633">
        </Bone>
      </Part>
    </Brick>
    <Brick refID="35" designID="3010">
      <Part refID="36" designID="3010" materials="48">
        <Bone refID="36" transformation="1,0,0,0,1,0,0,0,1,-2.8000004291534424,6.0794248580932617,-8.8000001907348633">
        </Bone>
      </Part>
    </Brick>
    <Brick refID="36" designID="3710">
      <Part refID="37" designID="3710" materials="194">
        <Bone refID="37" transformation="1,0,0,0,1,0,0,0,1,-2.8000004291534424,7.0394248962402344,-8.8000001907348633">
        </Bone>
      </Part>
    </Brick>
    <Brick refID="37" designID="3036">
      <Part refID="38" designID="3036" materials="194">
        <Bone refID="38" transformation="0,0,-1,0,0.99999994039535522,0,1,0,0,0.39999991655349731,7.3594236373901367,-3.1999998092651367">
        </Bone>
      </Part>
    </Brick>
    <Brick refID="38" designID="3023">
      <Part refID="39" designID="3023" materials="194">
        <Bone refID="39" transformation="0,0,-1,0,0.99999994039535522,0,1,0,0,0.39999991655349731,7.0394248962402344,-3.1999998092651367">
        </Bone>
      </Part>
    </Brick>
    <Brick refID="39" designID="3831">
      <Part refID="40" designID="3831" materials="194">
        <Bone refID="40" transformation="0,0,-1,0,0.99999994039535522,0,1,0,0,0.39999991655349731,6.0794243812561035,-3.1999998092651367">
        </Bone>
      </Part>
    </Brick>
    <Brick refID="40" designID="3005">
      <Part refID="41" designID="3005" materials="194,0">
        <Bone refID="41" transformation="1,0,0,0,1,0,0,0,1,0.40000003576278687,5.1194243431091309,-4">
        </Bone>
      </Part>
    </Brick>
    <Brick refID="41" designID="3831">
      <Part refID="42" designID="3831" materials="194">
        <Bone refID="42" transformation="0,0,-1,0,0.99999994039535522,0,1,0,0,0.39999991655349731,4.1594243049621582,-3.1999998092651367">
        </Bone>
      </Part>
    </Brick>
    <Brick refID="42" designID="3710">
      <Part refID="43" designID="3710" materials="194">
        <Bone refID="43" transformation="0,0,-1,0,0.99999994039535522,0,1,0,0,0.39999991655349731,3.8394238948822021,-1.5999997854232788">
        </Bone>
      </Part>
    </Brick>
    <Brick refID="43" designID="3710">
      <Part refID="44" designID="3710" materials="194">
        <Bone refID="44" transformation="0,0,1,0,1,0,-1,0,0,0.39999991655349731,3.5194239616394043,-3.1999998092651367">
        </Bone>
      </Part>
    </Brick>
    <Brick refID="44" designID="4070">
      <Part refID="45" designID="4070" materials="194">
        <Bone refID="45" transformation="0,0,-1,0,0.99999994039535522,0,1,0,0,0.39999991655349731,4.1594243049621582,-2.3999996185302734">
        </Bone>
      </Part>
    </Brick>
    <Brick refID="45" designID="3939">
      <Part refID="46" designID="3939" materials="48">
        <Bone refID="46" transformation="1,0,0,0,1,0,0,0,1,-3.5999999046325684,5.1194243431091309,-3.2000000476837158">
        </Bone>
      </Part>
    </Brick>
    <Brick refID="46" designID="4070">
      <Part refID="47" designID="4070" materials="194">
        <Bone refID="47" transformation="0,0,1,0,1,0,-1,0,0,-3.6000008583068848,4.1594243049621582,-2.3999998569488525">
        </Bone>
      </Part>
    </Brick>
    <Brick refID="47" designID="3710">
      <Part refID="48" designID="3710" materials="194">
        <Bone refID="48" transformation="0,0,-1,0,0.99999994039535522,0,1,0,0,-3.6000008583068848,3.8394238948822021,-1.5999996662139893">
        </Bone>
      </Part>
    </Brick>
    <Brick refID="48" designID="3710">
      <Part refID="49" designID="3710" materials="194">
        <Bone refID="49" transformation="0,0,1,0,1,0,-1,0,0,-3.6000006198883057,3.5194239616394043,-3.1999995708465576">
        </Bone>
      </Part>
    </Brick>
    <Brick refID="49" designID="4085">
      <Part refID="50" designID="4085" materials="194">
        <Bone refID="50" transformation="0,0,1,0,0.99999994039535522,0,-1,0,0,-3.6000001430511475,3.5194239616394043,-4.0000004768371582">
        </Bone>
      </Part>
    </Brick>
    <Brick refID="50" designID="3830">
      <Part refID="51" designID="3830" materials="194">
        <Bone refID="51" transformation="0,0,1,0,1.0000001192092896,0,-1,0,0,-3.6000006198883057,4.159423828125,-3.9999995231628418">
        </Bone>
      </Part>
    </Brick>
    <Brick refID="51" designID="3005">
      <Part refID="52" designID="3005" materials="194,0">
        <Bone refID="52" transformation="1,0,0,0,1,0,0,0,1,-3.6000010967254639,5.1194243431091309,-3.9999995231628418">
        </Bone>
      </Part>
    </Brick>
    <Brick refID="52" designID="3830">
      <Part refID="53" designID="3830" materials="194">
        <Bone refID="53" transformation="0,0,1,0,1,0,-1,0,0,-3.6000010967254639,6.0794243812561035,-3.9999995231628418">
        </Bone>
      </Part>
    </Brick>
    <Brick refID="53" designID="3023">
      <Part refID="54" designID="3023" materials="194">
        <Bone refID="54" transformation="0,0,-1,0,0.99999994039535522,0,1,0,0,-3.6000010967254639,7.0394248962402344,-3.1999995708465576">
        </Bone>
      </Part>
    </Brick>
    <Brick refID="54" designID="3024">
      <Part refID="55" designID="3024" materials="41">
        <Bone refID="55" transformation="0,0,1.0000001192092896,-1,0,0,0,-1,0,-3.8518624305725098,4.7194242477416992,-2.3999998569488525">
        </Bone>
      </Part>
    </Brick>
    <Brick refID="55" designID="3024">
      <Part refID="56" designID="3024" materials="41">
        <Bone refID="56" transformation="0,0,-1,1,0,0,0,-1,0,0.65186196565628052,4.7194242477416992,-2.3999993801116943">
        </Bone>
      </Part>
    </Brick>
    <Brick refID="56" designID="4085">
      <Part refID="57" designID="4085" materials="194">
        <Bone refID="57" transformation="0,0,-1,0,0.99999994039535522,0,1,0,0,0.40000015497207642,3.5194239616394043,-4">
        </Bone>
      </Part>
    </Brick>
    <Brick refID="57" designID="3062">
      <Part refID="58" designID="3062" materials="41">
        <Bone refID="58" transformation="1,0,0,0,1,0,0,0,1,0.39999991655349731,7.6794242858886719,-3.1999998092651367">
        </Bone>
      </Part>
    </Brick>
    <Brick refID="58" designID="3062">
      <Part refID="59" designID="3062" materials="41">
        <Bone refID="59" transformation="1,0,0,0,1,0,0,0,1,-3.5999999046325684,7.6794242858886719,-3.200000524520874">
        </Bone>
      </Part>
    </Brick>
    <Brick refID="59" designID="3957">
      <Part refID="60" designID="3957" materials="194">
        <Bone refID="60" transformation="1,0,0,0,1,0,0,0,1,-2.7999989986419678,7.6794242858886719,-7.9999995231628418">
        </Bone>
      </Part>
    </Brick>
    <Brick refID="60" designID="3023">
      <Part refID="61" designID="3023" materials="194">
        <Bone refID="61" transformation="1,0,0,0,1,0,0,0,1,-1.9999992847442627,7.6794242858886719,-5.6000003814697266">
        </Bone>
      </Part>
    </Brick>
    <Brick refID="61" designID="3794">
      <Part refID="62" designID="3794" materials="194">
        <Bone refID="62" transformation="1,0,0,0,1,0,0,0,1,-1.9999992847442627,7.9994239807128906,-5.6000003814697266">
        </Bone>
      </Part>
    </Brick>
    <Brick refID="62" designID="3062">
      <Part refID="63" designID="3062" materials="194">
        <Bone refID="63" transformation="1,0,0,0,1,0,0,0,1,-1.5999991893768311,8.3194236755371094,-5.6000003814697266">
        </Bone>
      </Part>
    </Brick>
    <Brick refID="63" designID="3024">
      <Part refID="64" designID="3024" materials="41">
        <Bone refID="64" transformation="1,0,0,0,1,0,0,0,1,-2.8000004291534424,3.5194239616394043,-8.8000001907348633">
        </Bone>
      </Part>
    </Brick>
    <Brick refID="64" designID="3023">
      <Part refID="65" designID="3023" materials="194">
        <Bone refID="65" transformation="1,0,0,0,1,0,0,0,1,-2.0000004768371582,3.5194239616394043,-8.8000001907348633">
        </Bone>
      </Part>
    </Brick>
    <Brick refID="65" designID="3069">
      <Part refID="66" designID="3069" materials="194,0">
        <Bone refID="66" transformation="0,0,-1,0,0.99999994039535522,0,1,0,0,0.39999979734420776,3.5194239616394043,-6.3997769355773926">
        </Bone>
      </Part>
    </Brick>
    <Brick refID="66" designID="3069">
      <Part refID="67" designID="3069" materials="194,0">
        <Bone refID="67" transformation="0,0,-1,0,0.99999994039535522,0,1,0,0,-3.6000001430511475,3.5194239616394043,-4.7997770309448242">
        </Bone>
      </Part>
    </Brick>
    <Brick refID="67" designID="3069">
      <Part refID="68" designID="3069" materials="194,0">
        <Bone refID="68" transformation="0,0,-1,0,0.99999994039535522,0,1,0,0,0.39999979734420776,3.5194239616394043,-4.7997770309448242">
        </Bone>
      </Part>
    </Brick>
    <Brick refID="68" designID="3069">
      <Part refID="69" designID="3069" materials="194,0">
        <Bone refID="69" transformation="0,0,-1,0,0.99999994039535522,0,1,0,0,-3.6000001430511475,3.5194239616394043,-6.3997769355773926">
        </Bone>
      </Part>
    </Brick>
    <Brick refID="69" designID="3024">
      <Part refID="70" designID="3024" materials="48">
        <Bone refID="70" transformation="1,0,0,0,1,0,0,0,1,-2.7999999523162842,3.5194239616394043,0">
        </Bone>
      </Part>
    </Brick>
    <Brick refID="70" designID="3022">
      <Part refID="71" designID="3022" materials="194">
        <Bone refID="71" transformation="1,0,0,0,1,0,0,0,1,-3.5999999046325684,3.8394238948822021,0">
        </Bone>
      </Part>
    </Brick>
    <Brick refID="71" designID="3298">
      <Part refID="72" designID="3298" materials="194">
        <Bone refID="72" transformation="1,0,0,0,1,0,0,0,1,-3.5999996662139893,4.1594243049621582,-1.5999999046325684">
        </Bone>
      </Part>
    </Brick>
    <Brick refID="72" designID="3024">
      <Part refID="73" designID="3024" materials="41">
        <Bone refID="73" transformation="1,0,0,0,1,0,0,0,1,-3.5999999046325684,3.5194239616394043,0">
        </Bone>
      </Part>
    </Brick>
    <Brick refID="73" designID="3641">
      <Part refID="74" designID="3641" materials="26">
        <Bone refID="74" transformation="0,0,-1,0,0.99999994039535522,0,1,0,0,-0.90999865531921387,0.73942399024963379,-2">
        </Bone>
      </Part>
    </Brick>
    <Brick refID="74" designID="4624">
      <Part refID="75" designID="4624" materials="21">
        <Bone refID="75" transformation="0,0,-1,0,0.99999994039535522,0,1,0,0,-0.90999865531921387,0.73942393064498901,-2">
        </Bone>
      </Part>
    </Brick>
    <Brick refID="75" designID="3069">
      <Part refID="76" designID="3069" materials="194,0">
        <Bone refID="76" transformation="0,0,1,0,0.99999994039535522,0,-1,0,0,-3.5999994277954102,7.039423942565918,-8.0002231597900391">
        </Bone>
      </Part>
    </Brick>
    <Brick refID="76" designID="3065">
      <Part refID="77" designID="3065" materials="48">
        <Bone refID="77" transformation="0,0,-1,0,1,0,1,0,0,-3.5999994277954102,5.1194238662719727,-6.3999996185302734">
        </Bone>
      </Part>
    </Brick>
    <Brick refID="77" designID="3010">
      <Part refID="78" designID="3010" materials="194">
        <Bone refID="78" transformation="0,0,-1,0,1,0,1,0,0,-3.5999999046325684,4.1594233512878418,-6.4000000953674316">
        </Bone>
      </Part>
    </Brick>
    <Brick refID="78" designID="3666">
      <Part refID="79" designID="3666" materials="194">
        <Bone refID="79" transformation="0,0,-1,0,1,0,1,0,0,-3.6000003814697266,3.8394234180450439,-4.7999997138977051">
        </Bone>
      </Part>
    </Brick>
    <Brick refID="79" designID="3004">
      <Part refID="80" designID="3004" materials="194,0,0,0">
        <Bone refID="80" transformation="0,0,-1,0,1,0,1,0,0,-3.5999994277954102,5.1194233894348145,-7.9999995231628418">
        </Bone>
      </Part>
    </Brick>
    <Brick refID="80" designID="3004">
      <Part refID="81" designID="3004" materials="194,0,0,0">
        <Bone refID="81" transformation="0,0,-1,0,1,0,1,0,0,-3.5999994277954102,6.0794234275817871,-7.9999995231628418">
        </Bone>
      </Part>
    </Brick>
    <Brick refID="81" designID="3070">
      <Part refID="82" designID="3070" materials="194">
        <Bone refID="82" transformation="-1,0,0,0,1,0,0,0,-1,-3.5999991893768311,7.039423942565918,-8.8000001907348633">
        </Bone>
      </Part>
    </Brick>
    <Brick refID="82" designID="3065">
      <Part refID="83" designID="3065" materials="48">
        <Bone refID="83" transformation="0,0,-1,0,1,0,1,0,0,-3.5999999046325684,6.0794239044189453,-6.4000000953674316">
        </Bone>
      </Part>
    </Brick>
    <Brick refID="83" designID="3004">
      <Part refID="84" designID="3004" materials="194,0,0,0">
        <Bone refID="84" transformation="0,0,-1,0,1,0,1,0,0,-3.6000003814697266,5.1194233894348145,-4.7999997138977051">
        </Bone>
      </Part>
    </Brick>
    <Brick refID="84" designID="3831">
      <Part refID="85" designID="3831" materials="194">
        <Bone refID="85" transformation="0,0,1,0,0.99999994039535522,0,-1,0,0,-3.6000001430511475,6.0794234275817871,-5.5999999046325684">
        </Bone>
      </Part>
    </Brick>
    <Brick refID="85" designID="3070">
      <Part refID="86" designID="3070" materials="194">
        <Bone refID="86" transformation="1,0,0,0,1,0,0,0,1,-3.6000003814697266,7.039423942565918,-4.7999997138977051">
        </Bone>
      </Part>
    </Brick>
    <Brick refID="86" designID="3831">
      <Part refID="87" designID="3831" materials="194">
        <Bone refID="87" transformation="0,0,1,0,1,0,-1,0,0,-3.6000001430511475,4.1594233512878418,-5.599998950958252">
        </Bone>
      </Part>
    </Brick>
    <Brick refID="87" designID="3069">
      <Part refID="88" designID="3069" materials="194,0">
        <Bone refID="88" transformation="0,0,-1,0,1,0,1,0,0,-3.6000003814697266,7.039423942565918,-5.5997767448425293">
        </Bone>
      </Part>
    </Brick>
    <Brick refID="88" designID="3069">
      <Part refID="89" designID="3069" materials="194,0">
        <Bone refID="89" transformation="0.84043425321578979,0,-0.54191380739212036,0,0.99999994039535522,0,0.54191380739212036,0,0.84043425321578979,1.5915675163269043,7.039423942565918,-5.3863482475280762">
        </Bone>
      </Part>
    </Brick>
    <Brick refID="89" designID="3666">
      <Part refID="90" designID="3666" materials="194">
        <Bone refID="90" transformation="0.84043425321578979,0,-0.54191380739212036,0,0.99999994039535522,0,0.54191380739212036,0,0.84043425321578979,0.91940754652023315,3.839423656463623,-4.9529376029968262">
        </Bone>
      </Part>
    </Brick>
    <Brick refID="90" designID="3010">
      <Part refID="91" designID="3010" materials="194">
        <Bone refID="91" transformation="0.84043425321578979,0,-0.54191380739212036,0,0.99999994039535522,0,0.54191380739212036,0,0.84043425321578979,2.2641024589538574,4.1594233512878418,-5.8199992179870605">
        </Bone>
      </Part>
    </Brick>
    <Brick refID="91" designID="3004">
      <Part refID="92" designID="3004" materials="194,0,0,0">
        <Bone refID="92" transformation="0.84043425321578979,0,-0.54191380739212036,0,0.99999994039535522,0,0.54191380739212036,0,0.84043425321578979,3.6087977886199951,5.1194233894348145,-6.6870617866516113">
        </Bone>
      </Part>
    </Brick>
    <Brick refID="92" designID="3004">
      <Part refID="93" designID="3004" materials="194,0,0,0">
        <Bone refID="93" transformation="0.84043425321578979,0,-0.54191380739212036,0,0.99999994039535522,0,0.54191380739212036,0,0.84043425321578979,3.6087977886199951,6.0794239044189453,-6.6870617866516113">
        </Bone>
      </Part>
    </Brick>
    <Brick refID="93" designID="3070">
      <Part refID="94" designID="3070" materials="194">
        <Bone refID="94" transformation="-0.54191386699676514,0,-0.84043425321578979,0,1,0,0.84043425321578979,0,-0.54191386699676514,4.2811446189880371,7.039423942565918,-7.1205930709838867">
        </Bone>
      </Part>
    </Brick>
    <Brick refID="94" designID="3830">
      <Part refID="95" designID="3830" materials="1">
        <Bone refID="95" transformation="0.84043425321578979,0,-0.54191380739212036,0,0.99999994039535522,0,0.54191380739212036,0,0.84043425321578979,0.9194074273109436,4.1594233512878418,-4.9529376029968262">
        </Bone>
      </Part>
    </Brick>
    <Brick refID="95" designID="3004">
      <Part refID="96" designID="3004" materials="194,0,0,0">
        <Bone refID="96" transformation="-0.84043431282043457,0,0.54191374778747559,0,0.99999994039535522,0,-0.54191374778747559,0,-0.84043431282043457,1.5917553901672363,5.1194233894348145,-5.3864684104919434">
        </Bone>
      </Part>
    </Brick>
    <Brick refID="96" designID="3830">
      <Part refID="97" designID="3830" materials="194">
        <Bone refID="97" transformation="0.84043425321578979,0,-0.54191380739212036,0,0.99999994039535522,0,0.54191380739212036,0,0.84043425321578979,0.9194074273109436,6.0794234275817871,-4.9529376029968262">
        </Bone>
      </Part>
    </Brick>
    <Brick refID="97" designID="3070">
      <Part refID="98" designID="3070" materials="194">
        <Bone refID="98" transformation="-0.84043431282043457,0,0.54191374778747559,0,0.99999994039535522,0,-0.54191374778747559,0,-0.84043431282043457,0.91940766572952271,7.039423942565918,-4.9529376029968262">
        </Bone>
      </Part>
    </Brick>
    <Brick refID="98" designID="3065">
      <Part refID="99" designID="3065" materials="48">
        <Bone refID="99" transformation="0.84043425321578979,0,-0.54191380739212036,0,0.99999994039535522,0,0.54191380739212036,0,0.84043425321578979,2.2641024589538574,5.1194233894348145,-5.8199992179870605">
        </Bone>
      </Part>
    </Brick>
    <Brick refID="99" designID="3065">
      <Part refID="100" designID="3065" materials="48">
        <Bone refID="100" transformation="0.84043425321578979,0,-0.54191380739212036,0,0.99999994039535522,0,0.54191380739212036,0,0.84043425321578979,2.2641022205352783,6.0794239044189453,-5.8199996948242187">
        </Bone>
      </Part>
    </Brick>
    <Brick refID="100" designID="3069">
      <Part refID="101" designID="3069" materials="194,0">
        <Bone refID="101" transformation="-0.84043419361114502,0,0.54191392660140991,0,1,0,-0.54191392660140991,0,-0.84043419361114502,3.6089842319488525,7.039423942565918,-6.6871824264526367">
        </Bone>
      </Part>
    </Brick>
    <Brick refID="101" designID="4624">
      <Part refID="102" designID="4624" materials="21">
        <Bone refID="102" transformation="0,0,-1,0,0.99999994039535522,0,1,0,0,-4.1100006103515625,0.73942399024963379,-1.9999996423721313">
        </Bone>
      </Part>
    </Brick>
    <Brick refID="102" designID="3641">
      <Part refID="103" designID="3641" materials="26">
        <Bone refID="103" transformation="0,0,-1,0,0.99999994039535522,0,1,0,0,-4.1100006103515625,0.73942393064498901,-1.9999996423721313">
        </Bone>
      </Part>
    </Brick>
    <Brick refID="103" designID="3641">
      <Part refID="104" designID="3641" materials="26">
        <Bone refID="104" transformation="0,0,-1,0,0.99999994039535522,0,1,0,0,-4.1100006103515625,0.73942399024963379,-4.4000000953674316">
        </Bone>
      </Part>
    </Brick>
    <Brick refID="104" designID="4624">
      <Part refID="105" designID="4624" materials="21">
        <Bone refID="105" transformation="0,0,-1,0,0.99999994039535522,0,1,0,0,-4.1100006103515625,0.73942393064498901,-4.4000000953674316">
        </Bone>
      </Part>
    </Brick>
    <Brick refID="105" designID="3641">
      <Part refID="106" designID="3641" materials="26">
        <Bone refID="106" transformation="0,0,1,0,0.99999994039535522,0,-1,0,0,0.91000097990036011,0.73942399024963379,-6.8000001907348633">
        </Bone>
      </Part>
    </Brick>
    <Brick refID="106" designID="4624">
      <Part refID="107" designID="4624" materials="21">
        <Bone refID="107" transformation="0,0,1,0,0.99999994039535522,0,-1,0,0,0.91000097990036011,0.73942393064498901,-6.8000001907348633">
        </Bone>
      </Part>
    </Brick>
    <Brick refID="107" designID="3641">
      <Part refID="108" designID="3641" materials="26">
        <Bone refID="108" transformation="0,0,1,0,0.99999994039535522,0,-1,0,0,0.91000097990036011,0.73942399024963379,-4.4000000953674316">
        </Bone>
      </Part>
    </Brick>
    <Brick refID="108" designID="4624">
      <Part refID="109" designID="4624" materials="21">
        <Bone refID="109" transformation="0,0,1,0,0.99999994039535522,0,-1,0,0,0.91000097990036011,0.73942393064498901,-4.4000000953674316">
        </Bone>
      </Part>
    </Brick>
    <Brick refID="109" designID="3641">
      <Part refID="110" designID="3641" materials="26">
        <Bone refID="110" transformation="0,0,1,0,0.99999994039535522,0,-1,0,0,0.91000097990036011,0.73942399024963379,-1.9999998807907104">
        </Bone>
      </Part>
    </Brick>
    <Brick refID="110" designID="4624">
      <Part refID="111" designID="4624" materials="21">
        <Bone refID="111" transformation="0,0,1,0,0.99999994039535522,0,-1,0,0,0.91000097990036011,0.73942393064498901,-1.9999998807907104">
        </Bone>
      </Part>
    </Brick>
    <Brick refID="111" designID="3641">
      <Part refID="112" designID="3641" materials="26">
        <Bone refID="112" transformation="0,0,1,0,0.99999994039535522,0,-1,0,0,-2.2899997234344482,0.73942399024963379,-1.9999996423721313">
        </Bone>
      </Part>
    </Brick>
    <Brick refID="112" designID="4624">
      <Part refID="113" designID="4624" materials="21">
        <Bone refID="113" transformation="0,0,1,0,0.99999994039535522,0,-1,0,0,-2.2899997234344482,0.73942393064498901,-1.9999996423721313">
        </Bone>
      </Part>
    </Brick>
    <Brick refID="113" designID="3641">
      <Part refID="114" designID="3641" materials="26">
        <Bone refID="114" transformation="0,0,1,0,0.99999994039535522,0,-1,0,0,-2.2899997234344482,0.73942399024963379,-4.4000000953674316">
        </Bone>
      </Part>
    </Brick>
    <Brick refID="114" designID="4624">
      <Part refID="115" designID="4624" materials="21">
        <Bone refID="115" transformation="0,0,1,0,0.99999994039535522,0,-1,0,0,-2.2899997234344482,0.73942393064498901,-4.4000000953674316">
        </Bone>
      </Part>
    </Brick>
    <Brick refID="115" designID="3641">
      <Part refID="116" designID="3641" materials="26">
        <Bone refID="116" transformation="0,0,1,0,0.99999994039535522,0,-1,0,0,-2.2899997234344482,0.73942399024963379,-6.7999997138977051">
        </Bone>
      </Part>
    </Brick>
    <Brick refID="116" designID="4624">
      <Part refID="117" designID="4624" materials="21">
        <Bone refID="117" transformation="0,0,1,0,0.99999994039535522,0,-1,0,0,-2.2899997234344482,0.73942393064498901,-6.7999997138977051">
        </Bone>
      </Part>
    </Brick>
    <Brick refID="117" designID="3641">
      <Part refID="118" designID="3641" materials="26">
        <Bone refID="118" transformation="0,0,-1,0,0.99999994039535522,0,1,0,0,-0.90999871492385864,0.73942399024963379,-6.8000006675720215">
        </Bone>
      </Part>
    </Brick>
    <Brick refID="118" designID="4624">
      <Part refID="119" designID="4624" materials="21">
        <Bone refID="119" transformation="0,0,-1,0,0.99999994039535522,0,1,0,0,-0.90999871492385864,0.73942393064498901,-6.8000006675720215">
        </Bone>
      </Part>
    </Brick>
    <Brick refID="119" designID="3641">
      <Part refID="120" designID="3641" materials="26">
        <Bone refID="120" transformation="0,0,-1,0,0.99999994039535522,0,1,0,0,-0.90999871492385864,0.73942399024963379,-4.4000000953674316">
        </Bone>
      </Part>
    </Brick>
    <Brick refID="120" designID="4624">
      <Part refID="121" designID="4624" materials="21">
        <Bone refID="121" transformation="0,0,-1,0,0.99999994039535522,0,1,0,0,-0.90999871492385864,0.73942393064498901,-4.4000000953674316">
        </Bone>
      </Part>
    </Brick>
    <Brick refID="121" designID="3641">
      <Part refID="122" designID="3641" materials="26">
        <Bone refID="122" transformation="0,0,-1,0,0.99999994039535522,0,1,0,0,-4.1100006103515625,0.73942399024963379,-6.8000001907348633">
        </Bone>
      </Part>
    </Brick>
    <Brick refID="122" designID="4624">
      <Part refID="123" designID="4624" materials="21">
        <Bone refID="123" transformation="0,0,-1,0,0.99999994039535522,0,1,0,0,-4.1100006103515625,0.73942393064498901,-6.8000001907348633">
        </Bone>
      </Part>
    </Brick>
    <Brick refID="123" designID="3959">
      <Part refID="124" designID="3959" materials="194">
        <Bone refID="124" transformation="0,-1,0,0,0,1,-1,0,0,-1.6000001430511475,5.8194241523742676,0">
        </Bone>
      </Part>
    </Brick>
    <Brick refID="124" designID="3062">
      <Part refID="125" designID="3062" materials="48">
        <Bone refID="125" transformation="0.99999994039535522,0,0,0,0,-1,0,1,0,-1.6000006198883057,5.8194246292114258,1.920000433921814">
        </Bone>
      </Part>
    </Brick>
    <Brick refID="125" designID="3959">
      <Part refID="126" designID="3959" materials="194">
        <Bone refID="126" transformation="0,-1,0,0,0,1,-1,0,0,-1.599998950958252,9.6764240264892578,-5.6000003814697266">
        </Bone>
      </Part>
    </Brick>
    <Brick refID="126" designID="3960">
      <Part refID="127" designID="3960" materials="194">
        <Bone refID="127" transformation="1,0,0,0,0,-1,0,1,0,-1.5999994277954102,9.6764240264892578,-4.0000004768371582">
        </Bone>
      </Part>
    </Brick>
    <Brick refID="127" designID="3062">
      <Part refID="128" designID="3062" materials="48">
        <Bone refID="128" transformation="1,0,0,0,0,-1,0,1,0,-1.5999994277954102,9.6764230728149414,-3.0400009155273437">
        </Bone>
      </Part>
    </Brick>
    <Brick refID="128" designID="41532">
      <Part refID="129" designID="41532" materials="194">
        <Bone refID="129" transformation="0,0,-0.99999994039535522,0.00051952467765659094,0.9999997615814209,0,0.99999982118606567,-0.00051952467765659094,0,-1.6000072956085205,4.0994243621826172,1.6000036001205444">
        </Bone>
      </Part>
    </Brick>
    <Brick refID="129" designID="30554">
      <Part refID="130" designID="30554" materials="194">
        <Bone refID="130" transformation="-1.4522011042572558E-005,-0.024829205125570297,0.99969178438186646,0.00051921140402555466,0.99969160556793213,0.024829210713505745,-0.99999994039535522,0.00051941163837909698,0,-1.6000075340270996,4.0994243621826172,1.6000040769577026">
        </Bone>
      </Part>
    </Brick>
    <Brick refID="130" designID="30554">
      <Part refID="131" designID="30554" materials="194">
        <Bone refID="131" transformation="-0.00019684433937072754,-0.37941762804985046,0.92522555589675903,0.00048026442527770996,0.92522561550140381,0.37941765785217285,-0.99999994039535522,0.00051908195018768311,0,-1.600031852722168,4.059697151184082,3.1995124816894531">
        </Bone>
      </Part>
    </Brick>
    <Brick refID="131" designID="30554">
      <Part refID="132" designID="30554" materials="194">
        <Bone refID="132" transformation="-0.00037530064582824707,-0.72173261642456055,0.69217181205749512,0.00035825371742248535,0.69217181205749512,0.7217327356338501,-0.99999988079071045,0.000518798828125,0,-1.6003490686416626,3.4526262283325195,4.6798787117004395">
        </Bone>
      </Part>
    </Brick>
    <Brick refID="132" designID="30553">
      <Part refID="133" designID="30553" materials="194">
        <Bone refID="133" transformation="-1.0258643669658341E-005,0.0059650102630257607,0.99998223781585693,0.00052421586588025093,0.99998205900192261,-0.0059650042094290257,-0.99999988079071045,0.00052414555102586746,-1.3385413694777526E-005,-1.6009650230407715,2.2978475093841553,5.7873549461364746">
        </Bone>
      </Part>
    </Brick>
    <Brick refID="133" designID="48729">
      <Part refID="134" designID="48729" materials="194">
        <Bone refID="134" transformation="-1,0,0,0,0.0059500932693481445,0.99998235702514648,0,0.99998235702514648,-0.0059500336647033691,-1.6009699106216431,2.3007121086120605,6.2673459053039551">
        </Bone>
      </Part>
    </Brick>
    <Brick refID="134" designID="3959">
      <Part refID="135" designID="3959" materials="194">
        <Bone refID="135" transformation="0,0.0054847314022481441,0.99998492002487183,-0.0015405314043164253,-0.99998378753662109,0.005484709981828928,0.99999874830245972,-0.0015404555015265942,1.8060207366943359E-005,-1.6027002334594727,2.0885987281799316,7.4721083641052246">
        </Bone>
      </Part>
    </Brick>
    <Brick refID="135" designID="3839">
      <Part refID="136" designID="3839" materials="194">
        <Bone refID="136" transformation="0.99999880790710449,-0.0015627323882654309,1.8070704754791223E-005,0.0015628078253939748,0.99998378753662109,-0.0054755918681621552,0,0.0054756132885813713,0.9999849796295166,-2.0052042007446289,0.49143984913825989,7.8808560371398926">
        </Bone>
      </Part>
    </Brick>
    <Brick refID="136" designID="3022">
      <Part refID="137" designID="3022" materials="194">
        <Bone refID="137" transformation="0.99999880790710449,-0.0015627323882654309,1.8070702935801819E-005,0.0015628078253939748,0.99998378753662109,-0.0054755918681621552,0,0.0054756132885813713,0.9999849796295166,-2.0047039985656738,0.81143438816070557,7.8791041374206543">
        </Bone>
      </Part>
    </Brick>
    <Brick refID="137" designID="3839">
      <Part refID="138" designID="3839" materials="194">
        <Bone refID="138" transformation="-0.99999880790710449,0.0015627334360033274,0,0.0015627329703420401,0.99998378753662109,-0.0054755918681621552,0,-0.0054755918681621552,-0.9999849796295166,-1.2051979303359985,0.48580923676490784,7.0808830261230469">
        </Bone>
      </Part>
    </Brick>
    <Brick refID="138" designID="3962">
      <Part refID="139" designID="3962" materials="26">
        <Bone refID="139" transformation="0,0,-1,0,0.99999994039535522,0,1,0,0,1.1978111267089844,3.7944240570068359,-4.0000967979431152">
        </Bone>
      </Part>
    </Brick>
    <Brick refID="139" designID="4006">
      <Part refID="140" designID="4006" materials="26">
        <Bone refID="140" transformation="0,0,-1,0,0.99999994039535522,0,1,0,0,-4.3978109359741211,2.9138011932373047,-4.0000004768371582">
        </Bone>
      </Part>
