<?xml version="1.0" encoding="UTF-8" standalone="no" ?>
<LXFML versionMajor="5" versionMinor="0" name="Crocodile">
  <Meta>
    <Application name="LEGO Digital Designer" versionMajor="4" versionMinor="1"/>
    <Brand name="LEGOUniverse"/>
    <BrickSet version="434.1"/>
  </Meta>
  <Cameras>
    <Camera refID="0" fieldOfView="80" distance="69.282341003417969" transformation="0.89364331960678101,0,-0.44877815246582031,-0.35841283202171326,0.6018071174621582,-0.71370059251785278,0.27007788419723511,0.79864156246185303,0.53780090808868408,18.711626052856445,55.331760406494141,37.260101318359375"/>
  </Cameras>
  <Bricks cameraRef="0">
    <Brick refID="0" designID="6026">
      <Part refID="0" designID="6026" materials="141">
        <Bone refID="0" transformation="0,0,1,0,0.99999994039535522,0,-1,0,0,-0.40000000596046448,0,-2">
        </Bone>
      </Part>
    </Brick>
    <Brick refID="1" designID="6027">
      <Part refID="1" designID="6027" materials="141">
        <Bone refID="1" transformation="0,0.19347941875457764,0.98110449314117432,0,0.98110449314117432,-0.19347941875457764,-1,0,0,-0.40000000596046448,-0.52681899070739746,-1.7942922115325928">
        </Bone>
      </Part>
    </Brick>
    <Brick refID="2" designID="6028">
      <Part refID="2" designID="6028" materials="141">
        <Bone refID="2" transformation="0,0,1,0,0.99999994039535522,0,-1,0,0,-0.40000027418136597,0,-2.0000002384185791">
        </Bone>
      </Part>
    </Brick>
  </Bricks>
  <RigidSystems>
    <RigidSystem>
      <Rigid refID="0" transformation="0,0,1,0,0.99999994039535522,0,-1,0,0,-0.40000000596046448,0,-2" boneRefs="0"/>
      <Rigid refID="1" transformation="0,0.19347941875457764,0.98110449314117432,0,0.98110449314117432,-0.19347941875457764,-1,0,0,-0.40000000596046448,-0.52681899070739746,-1.7942922115325928" boneRefs="1"/>
      <Rigid refID="2" transformation="0,0,1,0,0.99999994039535522,0,-1,0,0,-0.40000027418136597,0,-2.0000002384185791" boneRefs="2"/>
      <Joint type="hinge">
        <RigidRef rigidRef="1" a="0,0,-1" z="-1,0,0" t="2.7999999523162842,0.78974699974060059,-0.40000000596046448"/>
        <RigidRef rigidRef="0" a="0,0,-1" z="1,0,0" t="2.7999999523162842,0.78974699974060059,-0.40000000596046448"/>
      </Joint>
      <Joint type="hinge">
        <RigidRef rigidRef="2" a="0,-1,0" z="-1,0,0" t="-0.94999998807907104,0.63999998569488525,-0.40000000596046448"/>
        <RigidRef rigidRef="0" a="0,-1,0" z="-1,0,0" t="-0.94999998807907104,0.63999998569488525,-0.40000000596046448"/>
      </Joint>
    </RigidSystem>
  </RigidSystems>
  <GroupSystems>
    <GroupSystem>
    </GroupSystem>
  </GroupSystems>
  <BuildingInstructions>
  </BuildingInstructions>
</LXFML>
