<?xml version="1.0" encoding="UTF-8" standalone="no" ?>
<LXFML versionMajor="5" versionMinor="0">
  <Meta>
    <Application name="LEGO Universe" versionMajor="0" versionMinor="0"/>
    <Brand name="LEGOUniverse"/>
    <BrickSet version="330"/>
  </Meta>
  <Bricks>
    <Brick refID="0" designID="74340">
      <Part refID="0" designID="3679" materials="199">
        <Bone refID="0" transformation="0,0,1.0000001192092896,0.93452072143554688,0.35590904951095581,0,-0.35590896010398865,0.93452072143554688,0,0.79999083280563354,9.563873291015625,-2.0000028610229492">
        </Bone>
      </Part>
      <Part refID="1" designID="3680" materials="199">
        <Bone refID="1" transformation="0,0,1.0000001192092896,0.93452060222625732,0.35590949654579163,0,-0.35590937733650208,0.93452060222625732,0,0.50094145536422729,9.4499788284301758,-2.0000042915344238">
        </Bone>
      </Part>
    </Brick>
    <Brick refID="1" designID="3023">
      <Part refID="2" designID="3023" materials="199">
        <Bone refID="2" transformation="0,0,-1.0000001192092896,0.93452048301696777,0.35590946674346924,0,0.35590937733650208,-0.93452048301696777,0,1.0847151279449463,8.8162527084350586,-1.200003981590271">
        </Bone>
      </Part>
    </Brick>
    <Brick refID="2" designID="30165">
      <Part refID="3" designID="30165" materials="199">
        <Bone refID="3" transformation="-0.35590940713882446,0.93452036380767822,0,0.93452036380767822,0.35590943694114685,0,0,0,-1,1.6684877872467041,8.182530403137207,-2.000007152557373">
        </Bone>
      </Part>
    </Brick>
    <Brick refID="3" designID="73983">
      <Part refID="4" designID="2430" materials="199">
        <Bone refID="4" transformation="0,0,-1,0.934520423412323,0.35590943694114685,0,0.35590934753417969,-0.934520423412323,0,1.3694441318511963,8.0686349868774414,-1.2000075578689575">
        </Bone>
      </Part>
      <Part refID="5" designID="2429" materials="199">
        <Bone refID="5" transformation="-0.18938589096069336,0.4972744882106781,0.84667074680328369,0.93452084064483643,0.35590896010398865,0,-0.30133709311485291,0.79123145341873169,-0.53211730718612671,1.8596107959747314,6.7816019058227539,-1.6031694412231445">
        </Bone>
      </Part>
    </Brick>
    <Brick refID="4" designID="3048">
      <Part refID="6" designID="3048" materials="199">
        <Bone refID="6" transformation="0.35590904951095581,-0.93452054262161255,0,0.93452054262161255,0.35590904951095581,0,0,0,1,0.79999011754989624,9.563868522644043,-1.2000018358230591">
        </Bone>
      </Part>
    </Brick>
    <Brick refID="5" designID="3938">
      <Part refID="7" designID="3938" materials="199">
        <Bone refID="7" transformation="0,0,1,0.93452036380767822,0.35590982437133789,0,-0.35590988397598267,0.93452036380767822,0,0.41186255216598511,8.5600013732910156,-2.0000040531158447">
        </Bone>
      </Part>
    </Brick>
    <Brick refID="6" designID="30165">
      <Part refID="8" designID="30165" materials="199">
        <Bone refID="8" transformation="0.30133813619613647,-0.79123151302337646,0.5321165919303894,0.93452048301696777,0.3559095561504364,0,-0.18938563764095306,0.49727374315261841,0.84667116403579712,2.0071480274200439,7.2933135032653809,-0.92583107948303223">
        </Bone>
      </Part>
    </Brick>
    <Brick refID="7" designID="42446">
      <Part refID="9" designID="42446" materials="199">
        <Bone refID="9" transformation="0.18938539922237396,-0.49727371335029602,-0.84667122364044189,0.93452048301696777,0.35590952634811401,0,0.30133822560310364,-0.79123157262802124,0.53211647272109985,3.2211148738861084,6.8030905723571777,-0.83880770206451416">
        </Bone>
      </Part>
    </Brick>
    <Brick refID="8" designID="2341">
      <Part refID="10" designID="2341" materials="199">
        <Bone refID="10" transformation="-0.27328422665596008,0.46297252178192139,0.84319186210632324,0.3013521134853363,-0.79122942686080933,0.53211182355880737,0.91351127624511719,0.39951545000076294,0.076713062822818756,3.0040028095245361,6.2492866516113281,-0.56210553646087646">
        </Bone>
      </Part>
    </Brick>
    <Brick refID="9" designID="3024">
      <Part refID="11" designID="3024" materials="199">
        <Bone refID="11" transformation="-0.2732909619808197,0.46297267079353333,0.84318947792053223,0.30135264992713928,-0.79122716188430786,0.53211480379104614,0.9135090708732605,0.39951962232589722,0.076717421412467957,4.0240950584411621,5.8093123435974121,0.010112464427947998">
        </Bone>
      </Part>
    </Brick>
    <Brick refID="10" designID="50746">
      <Part refID="12" designID="50746" materials="199">
        <Bone refID="12" transformation="-0.2732902467250824,0.46297284960746765,0.84318959712982178,0.301352858543396,-0.79122716188430786,0.53211468458175659,0.91350913047790527,0.3995194137096405,0.07671654224395752,4.1205229759216309,5.5561165809631348,0.18039214611053467">
        </Bone>
      </Part>
    </Brick>
    <Brick refID="11" designID="3024">
      <Part refID="13" designID="3024" materials="199">
        <Bone refID="13" transformation="-0.2732909619808197,0.46297267079353333,0.84318947792053223,0.30135264992713928,-0.79122716188430786,0.53211480379104614,0.9135090708732605,0.39951962232589722,0.076717421412467957,2.5624780654907227,5.1700916290283203,-0.11265826225280762">
        </Bone>
      </Part>
    </Brick>
    <Brick refID="12" designID="50746">
      <Part refID="14" designID="50746" materials="199">
        <Bone refID="14" transformation="0.27330225706100464,-0.46297243237495422,-0.8431861400604248,0.30133667588233948,-0.79123133420944214,0.53211772441864014,-0.91351103782653809,-0.39951178431510925,-0.076734550297260284,2.6589059829711914,4.916898250579834,0.057617425918579102">
        </Bone>
      </Part>
    </Brick>
    <Brick refID="13" designID="3023">
      <Part refID="15" designID="3023" materials="199">
        <Bone refID="15" transformation="-0.18938577175140381,0.49727436900138855,0.84667068719863892,0.93452078104019165,0.35590848326683044,0,-0.3013368546962738,0.79123151302337646,-0.53211724758148193,2.100682258605957,6.1486172676086426,-1.1774748563766479">
        </Bone>
      </Part>
    </Brick>
    <Brick refID="14" designID="87087">
      <Part refID="16" designID="87087" materials="199">
        <Bone refID="16" transformation="0,0,-1,0,0.99999994039535522,0,1,0,0,-0.39999914169311523,8.9600000381469727,-2.0000004768371582">
        </Bone>
      </Part>
    </Brick>
    <Brick refID="15" designID="4070">
      <Part refID="17" designID="4070" materials="199">
        <Bone refID="17" transformation="0,0,-1,0,0.99999994039535522,0,1,0,0,-0.39999848604202271,8,-2.0000004768371582">
        </Bone>
      </Part>
    </Brick>
    <Brick refID="16" designID="3022">
      <Part refID="18" designID="3022" materials="199">
        <Bone refID="18" transformation="1,0,0,0,1,0,0,0,1,-1.2000000476837158,7.6800007820129395,-1.2000023126602173">
        </Bone>
      </Part>
    </Brick>
    <Brick refID="17" designID="3020">
      <Part refID="19" designID="3020" materials="199">
        <Bone refID="19" transformation="1,0,0,0,1,0,0,0,1,-1.9999990463256836,7.3600001335144043,-1.200002908706665">
        </Bone>
      </Part>
    </Brick>
    <Brick refID="18" designID="3069">
      <Part refID="20" designID="3069" materials="199,0" decoration="0">
        <Bone refID="20" transformation="0,0,-1,0,0.99999994039535522,0,1,0,0,-1.9999990463256836,7.679999828338623,-1.1997816562652588">
        </Bone>
      </Part>
    </Brick>
    <Brick refID="19" designID="3069">
      <Part refID="21" designID="3069" materials="199,0" decoration="0">
        <Bone refID="21" transformation="0,0,-1,0,0.99999994039535522,0,1,0,0,0.40000194311141968,7.6800007820129395,-1.1997798681259155">
        </Bone>
      </Part>
    </Brick>
    <Brick refID="20" designID="2434">
      <Part refID="22" designID="2434" materials="199">
        <Bone refID="22" transformation="-1,0,0,0,1,0,0,0,-1,0.40000063180923462,5.4400010108947754,-2">
        </Bone>
      </Part>
    </Brick>
    <Brick refID="21" designID="3795">
      <Part refID="23" designID="3795" materials="199">
        <Bone refID="23" transformation="1,0,0,0,1,0,0,0,1,-2.7999997138977051,5.120002269744873,-1.2000036239624023">
        </Bone>
      </Part>
    </Brick>
    <Brick refID="22" designID="3003">
      <Part refID="24" designID="3003" materials="199,0,0" decoration="0,0">
        <Bone refID="24" transformation="1,0,0,0,1,0,0,0,1,0.40000003576278687,4.1600003242492676,-1.2000013589859009">
        </Bone>
      </Part>
    </Brick>
    <Brick refID="23" designID="3003">
      <Part refID="25" designID="3003" materials="199,0,0" decoration="0,0">
        <Bone refID="25" transformation="1,0,0,0,1,0,0,0,1,0.40000003576278687,3.2000010013580322,-1.2000013589859009">
        </Bone>
      </Part>
    </Brick>
    <Brick refID="24" designID="3022">
      <Part refID="26" designID="3022" materials="199">
        <Bone refID="26" transformation="1,0,0,0,1,0,0,0,1,0.40000003576278687,2.8800015449523926,-1.2000013589859009">
        </Bone>
      </Part>
    </Brick>
    <Brick refID="25" designID="3022">
      <Part refID="27" designID="3022" materials="199">
        <Bone refID="27" transformation="1,0,0,0,1,0,0,0,1,0.40000003576278687,2.5600008964538574,-1.2000013589859009">
        </Bone>
      </Part>
    </Brick>
    <Brick refID="26" designID="3004">
      <Part refID="28" designID="3004" materials="199,0,0,0" decoration="0,0,0">
        <Bone refID="28" transformation="0,0,1,0,0.99999994039535522,0,-1,0,0,1.1999995708465576,1.5999984741210938,-1.9999992847442627">
        </Bone>
      </Part>
    </Brick>
    <Brick refID="27" designID="3022">
      <Part refID="29" designID="3022" materials="199">
        <Bone refID="29" transformation="1,0,0,0,1,0,0,0,1,0.40000003576278687,1.2799978256225586,-1.2000013589859009">
        </Bone>
      </Part>
    </Brick>
    <Brick refID="28" designID="3022">
      <Part refID="30" designID="3022" materials="199">
        <Bone refID="30" transformation="1,0,0,0,1,0,0,0,1,0.40000003576278687,0.95999997854232788,-1.2000013589859009">
        </Bone>
      </Part>
    </Brick>
    <Brick refID="29" designID="3004">
      <Part refID="31" designID="3004" materials="199,0,0,0" decoration="0,0,0">
        <Bone refID="31" transformation="0,0,1,0,0.99999994039535522,0,-1,0,0,1.1999995708465576,0,-1.9999992847442627">
        </Bone>
      </Part>
    </Brick>
    <Brick refID="30" designID="3004">
      <Part refID="32" designID="3004" materials="199,0,0,0" decoration="0,0,0">
        <Bone refID="32" transformation="0,0,-1,0,0.99999994039535522,0,1,0,0,1.1999990940093994,5.4400019645690918,-1.2000008821487427">
        </Bone>
      </Part>
    </Brick>
    <Brick refID="31" designID="3023">
      <Part refID="33" designID="3023" materials="199">
        <Bone refID="33" transformation="0,0,1,0,0.99999994039535522,0,-1,0,0,1.2000014781951904,6.4000020027160645,-1.9999992847442627">
        </Bone>
      </Part>
    </Brick>
    <Brick refID="32" designID="2432">
      <Part refID="34" designID="2432" materials="199">
        <Bone refID="34" transformation="0,0,-1,0,0.99999994039535522,0,1,0,0,1.2000007629394531,6.7200016975402832,-1.2000008821487427">
        </Bone>
      </Part>
    </Brick>
    <Brick refID="33" designID="3003">
      <Part refID="35" designID="3003" materials="199,0,0" decoration="0,0">
        <Bone refID="35" transformation="1,0,0,0,1,0,0,0,1,-2.7999978065490723,4.160001277923584,-1.2000036239624023">
        </Bone>
      </Part>
    </Brick>
    <Brick refID="34" designID="3003">
      <Part refID="36" designID="3003" materials="199,0,0" decoration="0,0">
        <Bone refID="36" transformation="1,0,0,0,1,0,0,0,1,-2.7999978065490723,3.2000019550323486,-1.2000036239624023">
        </Bone>
      </Part>
    </Brick>
    <Brick refID="35" designID="3022">
      <Part refID="37" designID="3022" materials="199">
        <Bone refID="37" transformation="1,0,0,0,1,0,0,0,1,-2.7999978065490723,2.8800015449523926,-1.2000036239624023">
        </Bone>
      </Part>
    </Brick>
    <Brick refID="36" designID="3022">
      <Part refID="38" designID="3022" materials="199">
        <Bone refID="38" transformation="1,0,0,0,1,0,0,0,1,-2.7999978065490723,2.5600008964538574,-1.2000036239624023">
        </Bone>
      </Part>
    </Brick>
    <Brick refID="37" designID="3004">
      <Part refID="39" designID="3004" materials="199,0,0,0" decoration="0,0,0">
        <Bone refID="39" transformation="0,0,1,0,0.99999994039535522,0,-1,0,0,-2.7999973297119141,1.6000003814697266,-2.0000059604644775">
        </Bone>
      </Part>
    </Brick>
    <Brick refID="38" designID="3022">
      <Part refID="40" designID="3022" materials="199">
        <Bone refID="40" transformation="1,0,0,0,1,0,0,0,1,-2.7999978065490723,1.2800006866455078,-1.2000036239624023">
        </Bone>
      </Part>
    </Brick>
    <Brick refID="39" designID="3022">
      <Part refID="41" designID="3022" materials="199">
        <Bone refID="41" transformation="1,0,0,0,1,0,0,0,1,-2.7999978065490723,0.95999997854232788,-1.2000036239624023">
        </Bone>
      </Part>
    </Brick>
    <Brick refID="40" designID="3004">
      <Part refID="42" designID="3004" materials="199,0,0,0" decoration="0,0,0">
        <Bone refID="42" transformation="0,0,1,0,0.99999994039535522,0,-1,0,0,-2.7999973297119141,0,-2.0000059604644775">
        </Bone>
      </Part>
    </Brick>
    <Brick refID="41" designID="3004">
      <Part refID="43" designID="3004" materials="199,0,0,0" decoration="0,0,0">
        <Bone refID="43" transformation="0,0,-1,0,0.99999994039535522,0,1,0,0,-2.7999997138977051,5.4400029182434082,-1.2000072002410889">
        </Bone>
      </Part>
    </Brick>
    <Brick refID="42" designID="3023">
      <Part refID="44" designID="3023" materials="199">
        <Bone refID="44" transformation="0,0,1,0,0.99999994039535522,0,-1,0,0,-2.7999992370605469,6.4000020027160645,-2.0000059604644775">
        </Bone>
      </Part>
    </Brick>
    <Brick refID="43" designID="2432">
      <Part refID="45" designID="2432" materials="199">
        <Bone refID="45" transformation="0,0,1,0,0.99999994039535522,0,-1,0,0,-2.7999992370605469,6.7200016975402832,-2.0000059604644775">
        </Bone>
      </Part>
    </Brick>
    <Brick refID="44" designID="87079">
      <Part refID="46" designID="87079" materials="199">
        <Bone refID="46" transformation="0.99999994039535522,0,0,0,0,-1,0,1,0,-1.1999990940093994,6.1599993705749512,-2.4000024795532227">
        </Bone>
      </Part>
    </Brick>
    <Brick refID="45" designID="87079">
      <Part refID="47" designID="87079" materials="199">
        <Bone refID="47" transformation="0,-1.0000001192092896,0,0,0,-1.0000001192092896,1.0000001192092896,0,0,-0.39999821782112122,9.3599996566772461,-2.4000020027160645">
        </Bone>
      </Part>
    </Brick>
    <Brick refID="46" designID="4070">
      <Part refID="48" designID="4070" materials="199">
        <Bone refID="48" transformation="0,0,-1,0,0.99999994039535522,0,1,0,0,-0.40000095963478088,8,-1.2000019550323486">
        </Bone>
      </Part>
    </Brick>
    <Brick refID="47" designID="3937">
      <Part refID="49" designID="3937" materials="199">
        <Bone refID="49" transformation="0,0,1.0000001192092896,1.0000001192092896,0,0,0,1.0000001192092896,0,-0.14813697338104248,8.5599994659423828,-2.0000040531158447">
        </Bone>
      </Part>
    </Brick>
    <Brick refID="48" designID="87087">
      <Part refID="50" designID="87087" materials="199">
        <Bone refID="50" transformation="0,0,-1,0,0.99999994039535522,0,1,0,0,-0.39999905228614807,8.9600000381469727,-1.2000017166137695">
        </Bone>
      </Part>
    </Brick>
    <Brick refID="49" designID="50746">
      <Part refID="51" designID="50746" materials="199">
        <Bone refID="51" transformation="0,0,1.0000001192092896,1.0000001192092896,0,0,0,1.0000001192092896,0,0,9.5200004577636719,-1.20000159740448">
        </Bone>
      </Part>
    </Brick>
    <Brick refID="50" designID="4070">
      <Part refID="52" designID="4070" materials="199">
        <Bone refID="52" transformation="0,0,1,0,0.99999994039535522,0,-1,0,0,-1.1999988555908203,8,-1.2000023126602173">
        </Bone>
      </Part>
    </Brick>
    <Brick refID="51" designID="87087">
      <Part refID="53" designID="87087" materials="199">
        <Bone refID="53" transformation="0,0,1,0,0.99999994039535522,0,-1,0,0,-1.2000007629394531,8.9600000381469727,-1.2000023126602173">
        </Bone>
      </Part>
    </Brick>
    <Brick refID="52" designID="50746">
      <Part refID="54" designID="50746" materials="199">
        <Bone refID="54" transformation="0,0,-1.0000001192092896,-1.0000001192092896,0,0,0,1.0000001192092896,0,-1.6000003814697266,9.5200004577636719,-1.2000025510787964">
        </Bone>
      </Part>
    </Brick>
    <Brick refID="53" designID="3937">
      <Part refID="55" designID="3937" materials="199">
        <Bone refID="55" transformation="0,0,-1.0000001192092896,-1.0000001192092896,0,0,0,1.0000001192092896,0,-1.4518623352050781,8.5600004196166992,-1.2000024318695068">
        </Bone>
      </Part>
    </Brick>
    <Brick refID="54" designID="4070">
      <Part refID="56" designID="4070" materials="199">
        <Bone refID="56" transformation="0,0,1,0,0.99999994039535522,0,-1,0,0,-1.2000000476837158,8,-2.0000011920928955">
        </Bone>
      </Part>
    </Brick>
    <Brick refID="55" designID="87087">
      <Part refID="57" designID="87087" materials="199">
        <Bone refID="57" transformation="0,0,1,0,0.99999994039535522,0,-1,0,0,-1.199998140335083,8.9600000381469727,-2.0000011920928955">
        </Bone>
      </Part>
    </Brick>
    <Brick refID="56" designID="50746">
      <Part refID="58" designID="50746" materials="199">
        <Bone refID="58" transformation="0,0,-1.0000001192092896,-1.0000001192092896,0,0,0,1.0000001192092896,0,-1.5999999046325684,9.5200004577636719,-2.0000014305114746">
        </Bone>
      </Part>
    </Brick>
    <Brick refID="57" designID="50746">
      <Part refID="59" designID="50746" materials="199">
        <Bone refID="59" transformation="0,0,1.0000001192092896,1.0000001192092896,0,0,0,1.0000001192092896,0,0,9.5200004577636719,-2.0000002384185791">
        </Bone>
      </Part>
    </Brick>
    <Brick refID="58" designID="3068">
      <Part refID="60" designID="3068" materials="199,0" decoration="0">
        <Bone refID="60" transformation="0.99999994039535522,0,0,0,0,1,0,-1,0,-1.1999995708465576,5.3600010871887207,-0.79999995231628418">
        </Bone>
      </Part>
    </Brick>
    <Brick refID="59" designID="4032">
      <Part refID="61" designID="4032" materials="194">
        <Bone refID="61" transformation="1,0,0,0,1,0,0,0,1,-1.1999975442886353,12.799999237060547,-1.2000008821487427">
        </Bone>
      </Part>
    </Brick>
    <Brick refID="60" designID="3961">
      <Part refID="62" designID="3961" materials="5">
        <Bone refID="62" transformation="1,0,0,0,1,0,0,0,1,-1.1999976634979248,13.119999885559082,-1.2000025510787964">
        </Bone>
      </Part>
    </Brick>
    <Brick refID="61" designID="6141">
      <Part refID="63" designID="6141" materials="194">
        <Bone refID="63" transformation="1,0,0,0,1,0,0,0,1,-0.80000007152557373,13.439999580383301,-1.5999999046325684">
        </Bone>
      </Part>
    </Brick>
    <Brick refID="62" designID="43898">
      <Part refID="64" designID="43898" materials="5">
        <Bone refID="64" transformation="1,0,0,0,1,0,0,0,1,-0.80000007152557373,13.75999927520752,-1.6000020503997803">
        </Bone>
      </Part>
    </Brick>
    <Brick refID="63" designID="60474">
      <Part refID="65" designID="60474" materials="199">
        <Bone refID="65" transformation="1,0,0,0,1,0,0,0,1,-1.9999957084655762,12.479999542236328,-1.2000017166137695">
        </Bone>
      </Part>
    </Brick>
    <Brick refID="64" designID="87081">
      <Part refID="66" designID="87081" materials="199">
        <Bone refID="66" transformation="1,0,0,0,1,0,0,0,1,-1.999995231628418,11.519999504089355,-1.2000019550323486">
        </Bone>
      </Part>
    </Brick>
    <Brick refID="65" designID="85080">
      <Part refID="67" designID="85080" materials="199">
        <Bone refID="67" transformation="0,0,-1,0,0.99999994039535522,0,1,0,0,0.40000587701797485,10.559999465942383,-2.0000016689300537">
        </Bone>
      </Part>
    </Brick>
    <Brick refID="66" designID="85080">
      <Part refID="68" designID="85080" materials="199">
        <Bone refID="68" transformation="-1,0,0,0,1,0,0,0,-1,-1.1999938488006592,10.559999465942383,-2.8000001907348633">
        </Bone>
      </Part>
    </Brick>
    <Brick refID="67" designID="6143">
      <Part refID="69" designID="6143" materials="199">
        <Bone refID="69" transformation="1,0,0,0,1,0,0,0,1,-1.1999967098236084,10.559999465942383,-1.20000159740448">
        </Bone>
      </Part>
    </Brick>
    <Brick refID="68" designID="60474">
      <Part refID="70" designID="60474" materials="1">
        <Bone refID="70" transformation="1,0,0,0,1,0,0,0,1,-1.9999969005584717,10.239999771118164,-0.40000167489051819">
        </Bone>
      </Part>
    </Brick>
    <Brick refID="69" designID="4733">
      <Part refID="71" designID="4733" materials="1">
        <Bone refID="71" transformation="0.99999994039535522,0,0,0,0,1,0,-1,0,-0.80000007152557373,9.8400001525878906,-0.56000030040740967">
        </Bone>
      </Part>
    </Brick>
    <Brick refID="70" designID="63864">
      <Part refID="72" designID="63864" materials="1">
        <Bone refID="72" transformation="0,-1.0000001192092896,0,0,0,1.0000001192092896,-1.0000001192092896,0,0,-0.80000007152557373,9.8400001525878906,0.39999908208847046">
        </Bone>
      </Part>
    </Brick>
    <Brick refID="71" designID="3023">
      <Part refID="73" designID="3023" materials="1">
        <Bone refID="73" transformation="0,1.0000001192092896,0,1.0000001192092896,0,0,0,0,-1,-0.39999487996101379,9.0399999618530273,0">
        </Bone>
      </Part>
    </Brick>
    <Brick refID="72" designID="3623">
      <Part refID="74" designID="3623" materials="1">
        <Bone refID="74" transformation="0,1.0000001192092896,0,1.0000001192092896,0,0,0,0,-1,-0.079995572566986084,8.2399997711181641,0">
        </Bone>
      </Part>
    </Brick>
    <Brick refID="73" designID="3069">
      <Part refID="75" designID="3069" materials="1,0" decoration="0">
        <Bone refID="75" transformation="0,-1,0,1,0,0,0,0,0.99999994039535522,0.24000388383865356,9.8402233123779297,0">
        </Bone>
      </Part>
    </Brick>
    <Brick refID="74" designID="50746">
      <Part refID="76" designID="50746" materials="1">
        <Bone refID="76" transformation="0,0,1.0000001192092896,1.0000001192092896,0,0,0,1.0000001192092896,0,0.24000436067581177,8.2399997711181641,0">
        </Bone>
      </Part>
    </Brick>
    <Brick refID="75" designID="3005">
      <Part refID="77" designID="3005" materials="1,0" decoration="0">
        <Bone refID="77" transformation="1,0,0,0,-1,0,0,0,-1,-0.80000007152557373,9.4399986267089844,0">
        </Bone>
      </Part>
    </Brick>
    <Brick refID="76" designID="3005">
      <Part refID="78" designID="3005" materials="1,0" decoration="0">
        <Bone refID="78" transformation="1,0,0,0,-1,0,0,0,-1,-0.80000007152557373,8.4799985885620117,0">
        </Bone>
      </Part>
    </Brick>
    <Brick refID="77" designID="50746">
      <Part refID="79" designID="50746" materials="1">
        <Bone refID="79" transformation="0,0,-1.0000001192092896,0,-1,0,-1.0000001192092896,0,0,-0.80000007152557373,7.5199990272521973,0">
        </Bone>
      </Part>
    </Brick>
    <Brick refID="78" designID="3023">
      <Part refID="80" designID="3023" materials="1">
        <Bone refID="80" transformation="0,1,0,-1,0,0,0,0,0.99999994039535522,-1.1999959945678711,9.0399999618530273,0">
        </Bone>
      </Part>
    </Brick>
    <Brick refID="79" designID="3623">
      <Part refID="81" designID="3623" materials="1">
        <Bone refID="81" transformation="0,1,0,-1,0,0,0,0,0.99999994039535522,-1.5199959278106689,8.2400007247924805,0">
        </Bone>
      </Part>
    </Brick>
    <Brick refID="80" designID="3069">
      <Part refID="82" designID="3069" materials="1,0" decoration="0">
        <Bone refID="82" transformation="0,-1.0000001192092896,0,-1.0000001192092896,0,0,0,0,-1,-1.8399949073791504,9.8402223587036133,0">
        </Bone>
      </Part>
    </Brick>
    <Brick refID="81" designID="50746">
      <Part refID="83" designID="50746" materials="1">
        <Bone refID="83" transformation="0,0,-1.0000001192092896,-1.0000001192092896,0,0,0,1.0000001192092896,0,-1.8399949073791504,8.2399997711181641,0">
        </Bone>
      </Part>
    </Brick>
    <Brick refID="82" designID="3022">
      <Part refID="84" designID="3022" materials="199">
        <Bone refID="84" transformation="1,0,0,0,1,0,0,0,1,-1.1999986171722412,9.9200000762939453,-1.2000018358230591">
        </Bone>
      </Part>
    </Brick>
    <Brick refID="83" designID="3024">
      <Part refID="85" designID="3024" materials="194">
        <Bone refID="85" transformation="1,0,0,0,1,0,0,0,1,-1.1999971866607666,10.559999465942383,0.40000003576278687">
        </Bone>
      </Part>
    </Brick>
    <Brick refID="84" designID="50746">
      <Part refID="86" designID="50746" materials="1">
        <Bone refID="86" transformation="1,0,0,0,1,0,0,0,1,-1.1999971866607666,10.879999160766602,0.39999991655349731">
        </Bone>
      </Part>
    </Brick>
    <Brick refID="85" designID="3005">
      <Part refID="87" designID="3005" materials="194,0" decoration="0">
        <Bone refID="87" transformation="1,0,0,0,1,0,0,0,1,-1.1999975442886353,10.559999465942383,-0.40000113844871521">
        </Bone>
      </Part>
    </Brick>
    <Brick refID="86" designID="63864">
      <Part refID="88" designID="63864" materials="199">
        <Bone refID="88" transformation="0,-1.0000001192092896,0,0,0,1.0000001192092896,-1.0000001192092896,0,0,-1.1999983787536621,8.5600013732910156,-0.80000001192092896">
        </Bone>
      </Part>
    </Brick>
    <Brick refID="87" designID="63864">
      <Part refID="89" designID="63864" materials="199">
        <Bone refID="89" transformation="0,-1.0000001192092896,0,0,0,1.0000001192092896,-1.0000001192092896,0,0,-0.39999896287918091,8.5600013732910156,-0.80000001192092896">
        </Bone>
      </Part>
    </Brick>
    <Brick refID="88" designID="63864">
      <Part refID="90" designID="63864" materials="199">
        <Bone refID="90" transformation="0,-1.0000001192092896,0,0,0,1.0000001192092896,-1.0000001192092896,0,0,0.40000063180923462,8.5600013732910156,-0.80000001192092896">
        </Bone>
      </Part>
    </Brick>
    <Brick refID="89" designID="3068">
      <Part refID="91" designID="3068" materials="199,0" decoration="0">
        <Bone refID="91" transformation="0.99999994039535522,0,0,0,0,1,0,-1,0,0.40000051259994507,5.3600010871887207,-0.80000001192092896">
        </Bone>
      </Part>
    </Brick>
    <Brick refID="90" designID="3068">
      <Part refID="92" designID="3068" materials="199,0" decoration="0">
        <Bone refID="92" transformation="0.99999994039535522,0,0,0,0,1,0,-1,0,-2.7999973297119141,5.3600010871887207,-0.80000001192092896">
        </Bone>
      </Part>
    </Brick>
    <Brick refID="91" designID="63864">
      <Part refID="93" designID="63864" materials="199">
        <Bone refID="93" transformation="0,-1.0000001192092896,0,0,0,1.0000001192092896,-1.0000001192092896,0,0,-1.9999978542327881,8.5600013732910156,-0.80000001192092896">
        </Bone>
      </Part>
    </Brick>
    <Brick refID="92" designID="74340">
      <Part refID="94" designID="3679" materials="199">
        <Bone refID="94" transformation="0.071503259241580963,0.2503383457660675,0.96551436185836792,-0.96154522895812988,0.27464661002159119,0,-0.26517552137374878,-0.92838567495346069,0.26034975051879883,-2.7289872169494629,8.6708745956420898,-1.8820657730102539">
        </Bone>
      </Part>
      <Part refID="95" designID="3680" materials="199">
        <Bone refID="95" transformation="0,0,1,-0.96154451370239258,0.27464944124221802,0,-0.27464938163757324,-0.96154451370239258,0,-2.3964755535125732,8.66986083984375,-2.0000042915344238">
        </Bone>
      </Part>
    </Brick>
    <Brick refID="93" designID="3023">
      <Part refID="96" designID="3023" materials="199">
        <Bone refID="96" transformation="0.071503765881061554,0.25033801794052124,0.9655144214630127,-0.96154510974884033,0.27464699745178223,0,-0.26517572999000549,-0.92838567495346069,0.26034960150718689,-2.7289865016937256,8.6708745956420898,-1.8820657730102539">
        </Bone>
      </Part>
    </Brick>
    <Brick refID="94" designID="30165">
      <Part refID="97" designID="30165" materials="199">
        <Bone refID="97" transformation="0.26517844200134277,0.92838513851165771,-0.26034864783287048,-0.9615444540977478,0.27464932203292847,0,0.071502804756164551,0.25033730268478394,0.9655146598815918,-3.1916205883026123,8.2163228988647461,-0.90137374401092529">
        </Bone>
      </Part>
    </Brick>
    <Brick refID="95" designID="73983">
      <Part refID="98" designID="2429" materials="199">
        <Bone refID="98" transformation="0.071503862738609314,0.25033825635910034,0.96551436185836792,-0.96154534816741943,0.27464666962623596,0,-0.26517534255981445,-0.92838567495346069,0.26034986972808838,-2.9411287307739258,7.9281635284423828,-1.6737864017486572">
        </Bone>
      </Part>
      <Part refID="99" designID="2430" materials="199">
        <Bone refID="99" transformation="-0.27002045512199402,-0.94549703598022461,-0.18200168013572693,-0.96155613660812378,0.27460932731628418,-1.1917269148398191E-005,0.049990586936473846,0.17500157654285431,-0.98329824209213257,-3.0894234180450439,7.4090347290039062,-0.090507447719573975">
        </Bone>
      </Part>
    </Brick>
    <Brick refID="96" designID="3048">
      <Part refID="100" designID="3048" materials="199">
        <Bone refID="100" transformation="-0.26516497135162354,-0.92838990688323975,0.26034548878669739,-0.96154868602752686,0.27463498711585999,0,-0.071497142314910889,-0.25033563375473022,-0.96551543474197388,-2.5168435573577881,9.4135837554931641,-2.0903456211090088">
        </Bone>
      </Part>
    </Brick>
    <Brick refID="97" designID="3938">
      <Part refID="101" designID="3938" materials="199">
        <Bone refID="101" transformation="0,0,-1.0000001192092896,-0.96154451370239258,0.27464953064918518,0,0.27464941143989563,0.96154451370239258,0,-2.0118591785430908,8.5599994659423828,-1.1999998092651367">
        </Bone>
      </Part>
    </Brick>
    <Brick refID="98" designID="3024">
      <Part refID="102" designID="3024" materials="199">
        <Bone refID="102" transformation="0.012390493415296078,0.98434597253799438,0.17581135034561157,-0.04997822642326355,-0.17499536275863647,0.98330003023147583,0.99867349863052368,-0.020970253273844719,0.047027654945850372,-3.3586254119873047,6.8567562103271484,2.1162512302398682">
        </Bone>
      </Part>
    </Brick>
    <Brick refID="99" designID="2341">
      <Part refID="103" designID="2341" materials="199">
        <Bone refID="103" transformation="-0.012401822954416275,-0.98434692621231079,-0.17580462992191315,-0.049978062510490417,-0.17498818039894104,0.98330128192901611,-0.99867337942123413,0.020981110632419586,-0.047025572508573532,-4.109588623046875,7.041534423828125,1.1346592903137207">
        </Bone>
      </Part>
    </Brick>
    <Brick refID="100" designID="3024">
      <Part refID="104" designID="3024" materials="199">
        <Bone refID="104" transformation="0.01239553838968277,0.98434644937515259,0.17580847442150116,-0.049985941499471664,-0.17499202489852905,0.98330014944076538,0.99867302179336548,-0.020976366475224495,0.047034505754709244,-4.956507682800293,6.8903193473815918,2.0409970283508301">
        </Bone>
      </Part>
    </Brick>
    <Brick refID="101" designID="42446">
      <Part refID="105" designID="42446" materials="199">
        <Bone refID="105" transformation="0.27006083726882935,0.9454876184463501,0.18198956549167633,-0.96154522895812988,0.27464663982391357,0,-0.049979280680418015,-0.17499220371246338,0.98330038785934448,-4.4682197570800781,7.2423944473266602,0.62334853410720825">
        </Bone>
      </Part>
    </Brick>
    <Brick refID="102" designID="30165">
      <Part refID="106" designID="30165" materials="199">
        <Bone refID="106" transformation="-0.049977578222751617,-0.17499203979969025,0.98330074548721313,-0.96154582500457764,0.27464517951011658,0,-0.2700594961643219,-0.94548827409744263,-0.18198883533477783,-3.6131682395935059,6.7405304908752441,-0.23609477281570435">
        </Bone>
      </Part>
    </Brick>
    <Brick refID="103" designID="3023">
      <Part refID="107" designID="3023" materials="199">
        <Bone refID="107" transformation="0.27006092667579651,0.94548767805099487,0.18198949098587036,-0.96154522895812988,0.27464675903320313,0,-0.049979288130998611,-0.17499212920665741,0.98330044746398926,-3.3454582691192627,6.5126457214355469,0.55054384469985962">
        </Bone>
      </Part>
    </Brick>
    <Brick refID="104" designID="4070">
      <Part refID="108" designID="4070" materials="138">
        <Bone refID="108" transformation="-0.99867540597915649,0.020817328244447708,-0.047053996473550797,-0.049979336559772491,-0.17515666782855988,0.98327136039733887,0.012227244675159454,0.98432058095932007,0.1759655624628067,-4.1575698852539062,6.8735380172729492,2.0786275863647461">
        </Bone>
      </Part>
    </Brick>
    <Brick refID="105" designID="71075">
      <Part refID="109" designID="71075" materials="138">
        <Bone refID="109" transformation="0.99867373704910278,-0.020972330123186111,0.047020457684993744,0.012395215220749378,0.98435097932815552,0.17578217387199402,-0.049971200525760651,-0.17496620118618011,0.98330551385879517,-4.210350513458252,4.8068361282348633,2.2776615619659424">
        </Bone>
      </Part>
    </Brick>
    <Brick refID="106" designID="71075">
      <Part refID="110" designID="71075" materials="138">
        <Bone refID="110" transformation="0.99867373704910278,-0.020972330123186111,0.047020457684993744,0.012395215220749378,0.98435097932815552,0.17578217387199402,-0.049971200525760651,-0.17496620118618011,0.98330551385879517,-4.1824374198913574,7.0234613418579102,2.6735548973083496">
        </Bone>
      </Part>
    </Brick>
    <Brick refID="107" designID="3024">
      <Part refID="111" designID="3024" materials="199">
        <Bone refID="111" transformation="0.012395673431456089,0.98434644937515259,0.17580835521221161,-0.049986120313405991,-0.1749919205904007,0.98330026865005493,0.99867302179336548,-0.020976537838578224,0.047034639865159988,-4.9725027084350586,6.8343214988708496,2.3556532859802246">
        </Bone>
      </Part>
    </Brick>
    <Brick refID="108" designID="3024">
      <Part refID="112" designID="3024" materials="199">
        <Bone refID="112" transformation="0.012390379793941975,0.98434597253799438,0.17581145465373993,-0.049978427588939667,-0.17499545216560364,0.98329997062683105,0.99867349863052368,-0.020970169454813004,0.047027885913848877,-3.3746206760406494,6.8007583618164062,2.4309074878692627">
        </Bone>
      </Part>
    </Brick>
    <Brick refID="109" designID="50746">
      <Part refID="113" designID="50746" materials="199">
        <Bone refID="113" transformation="0.012390492483973503,0.98434591293334961,0.1758115291595459,-0.049978412687778473,-0.17499549686908722,0.98329997062683105,0.99867349863052368,-0.020970245823264122,0.047027885913848877,-3.3906140327453613,6.7447595596313477,2.7455635070800781">
        </Bone>
      </Part>
    </Brick>
    <Brick refID="110" designID="50746">
      <Part refID="114" designID="50746" materials="199">
        <Bone refID="114" transformation="-0.012398825958371162,-0.98434609174728394,-0.17581011354923248,-0.049985162913799286,-0.17499351501464844,0.98330003023147583,-0.9986732006072998,0.020979799330234528,-0.047032818198204041,-4.9885010719299316,6.7783231735229492,2.67030930519104">
        </Bone>
      </Part>
    </Brick>
    <Brick refID="111" designID="71075">
      <Part refID="115" designID="71075" materials="138">
        <Bone refID="115" transformation="0.99867308139801025,-0.020977774634957314,0.047032356262207031,0.01239714864641428,0.98434627056121826,0.17580865323543549,-0.049984198063611984,-0.17499229311943054,0.98330020904541016,-4.2301955223083496,3.2318859100341797,1.9963531494140625">
        </Bone>
      </Part>
    </Brick>
    <Brick refID="112" designID="71075">
      <Part refID="116" designID="71075" materials="138">
        <Bone refID="116" transformation="0.99867308139801025,-0.020977774634957314,0.047032356262207031,0.01239714864641428,0.98434627056121826,0.17580865323543549,-0.049984198063611984,-0.17499229311943054,0.98330020904541016,-4.2500371932983398,1.6569284200668335,1.7150557041168213">
        </Bone>
      </Part>
    </Brick>
    <Brick refID="113" designID="71075">
      <Part refID="117" designID="71075" materials="138">
        <Bone refID="117" transformation="0.99867308139801025,-0.020977772772312164,0.047032348811626434,0.012397149577736855,0.98434627056121826,0.17580865323543549,-0.049984194338321686,-0.17499229311943054,0.98330020904541016,-4.2698783874511719,0.08197205513715744,1.4337589740753174">
        </Bone>
      </Part>
    </Brick>
    <Brick refID="114" designID="71075">
      <Part refID="118" designID="71075" materials="138">
        <Bone refID="118" transformation="0.99867308139801025,-0.020977774634957314,0.047032356262207031,0.01239714864641428,0.98434627056121826,0.17580865323543549,-0.049984198063611984,-0.17499229311943054,0.98330020904541016,-4.1625924110412598,8.5984153747558594,2.9548468589782715">
        </Bone>
      </Part>
    </Brick>
    <Brick refID="115" designID="4032">
      <Part refID="119" designID="4032" materials="138">
        <Bone refID="119" transformation="0.99867308139801025,-0.020977774634957314,0.047032356262207031,0.01239714864641428,0.98434627056121826,0.17580865323543549,-0.049984198063611984,-0.17499229311943054,0.98330020904541016,-4.5622158050537109,10.11176586151123,3.6106517314910889">
        </Bone>
      </Part>
    </Brick>
    <Brick refID="116" designID="4032">
      <Part refID="120" designID="4032" materials="138">
        <Bone refID="120" transformation="0.99867308139801025,-0.020978029817342758,0.047032821923494339,0.012397225946187973,0.98434591293334961,0.17581050097942352,-0.049984723329544067,-0.17499415576457977,0.9832998514175415,-4.558250904083252,10.4267578125,3.6669108867645264">
        </Bone>
      </Part>
    </Brick>
    <Brick refID="117" designID="6141">
      <Part refID="121" designID="6141" materials="138">
        <Bone refID="121" transformation="0.99867308139801025,-0.02097802422940731,0.047032814472913742,0.012397222220897675,0.98434591293334961,0.17581050097942352,-0.049984719604253769,-0.17499415576457977,0.9832998514175415,-4.1348204612731934,10.80335521697998,3.3486635684967041">
        </Bone>
      </Part>
    </Brick>
    <Brick refID="118" designID="71075">
      <Part refID="122" designID="71075" materials="138">
        <Bone refID="122" transformation="0.99867302179336548,-0.020978104323148727,0.047032970935106277,0.012397242709994316,0.98434585332870483,0.17581112682819366,-0.049984894692897797,-0.17499475181102753,0.98329973220825195,-4.1308565139770508,11.118346214294434,3.4049227237701416">
        </Bone>
      </Part>
    </Brick>
    <Brick refID="119" designID="87087">
      <Part refID="123" designID="87087" materials="1">
