<?xml version="1.0" encoding="UTF-8" standalone="no" ?>
<LXFML versionMajor="5" versionMinor="0">
  <Meta>
    <Application name="LEGO Universe" versionMajor="0" versionMinor="0"/>
    <Brand name="LEGOUniverse"/>
    <BrickSet version="330"/>
  </Meta>
  <Bricks>
    <Brick refID="0" designID="74340">
      <Part refID="0" designID="3679" materials="26">
        <Bone refID="0" transformation="0,0,1,0.93394660949707031,0.35741272568702698,0,-0.35741269588470459,0.93394660949707031,0,1.5983762741088867,9.5644931793212891,-1.2000006437301636">
        </Bone>
      </Part>
      <Part refID="1" designID="3680" materials="26">
        <Bone refID="1" transformation="0,0,1,0.93394631147384644,0.35741326212882996,0,-0.35741326212882996,0.93394631147384644,0,1.2995100021362305,9.4501180648803711,-1.2000052928924561">
        </Bone>
      </Part>
    </Brick>
    <Brick refID="1" designID="3023">
      <Part refID="2" designID="3023" materials="26">
        <Bone refID="2" transformation="0,0,-1.0000001192092896,0.93394643068313599,0.35741314291954041,0,0.35741308331489563,-0.93394643068313599,0,1.8843050003051758,8.8173322677612305,-0.40000471472740173">
        </Bone>
      </Part>
    </Brick>
    <Brick refID="2" designID="30165">
      <Part refID="3" designID="30165" materials="26">
        <Bone refID="3" transformation="-0.35741323232650757,0.93394654989242554,0,0.93394654989242554,0.35741356015205383,0,0,0,-1,2.4690952301025391,8.1845521926879883,-1.2000089883804321">
        </Bone>
      </Part>
    </Brick>
    <Brick refID="3" designID="73983">
      <Part refID="4" designID="2430" materials="26">
        <Bone refID="4" transformation="0,0,-1.0000001192092896,0.93394654989242554,0.35741317272186279,0,0.35741308331489563,-0.93394660949707031,0,2.1702337265014648,8.0701732635498047,-0.40001097321510315">
        </Bone>
      </Part>
      <Part refID="5" designID="2429" materials="26">
        <Bone refID="5" transformation="-0.30582159757614136,0.79913383722305298,0.51755058765411377,0.93394684791564941,0.3574126660823822,0,-0.18497760593891144,0.48336514830589294,-0.85565268993377686,2.7541780471801758,6.5442819595336914,-0.2788158655166626">
        </Bone>
      </Part>
    </Brick>
    <Brick refID="4" designID="3048">
      <Part refID="6" designID="3048" materials="26">
        <Bone refID="6" transformation="0.35741278529167175,-0.93394649028778076,0,0.93394649028778076,0.35741275548934937,0,0,0,1,1.5983781814575195,9.564488410949707,-0.40000244975090027">
        </Bone>
      </Part>
    </Brick>
    <Brick refID="5" designID="3938">
      <Part refID="7" designID="3938" materials="26">
        <Bone refID="7" transformation="0,0,1,0.93394619226455688,0.3574138879776001,0,-0.35741385817527771,0.93394619226455688,0,1.2118625640869141,8.5599985122680664,-1.2000051736831665">
        </Bone>
      </Part>
    </Brick>
    <Brick refID="6" designID="30165">
      <Part refID="8" designID="30165" materials="26">
        <Bone refID="8" transformation="0.18497984111309052,-0.48336586356163025,0.85565173625946045,0.93394637107849121,0.35741326212882996,0,-0.30582135915756226,0.79913288354873657,0.51755213737487793,2.8083868026733398,7.2979640960693359,0.13522660732269287">
        </Bone>
      </Part>
    </Brick>
    <Brick refID="7" designID="42446">
      <Part refID="9" designID="42446" materials="26">
        <Bone refID="9" transformation="0.30582162737846375,-0.79913288354873657,-0.5175519585609436,0.93394625186920166,0.35741350054740906,0,0.18497994542121887,-0.48336571455001831,0.85565185546875,3.9752874374389648,6.9347333908081055,0.61272662878036499">
        </Bone>
      </Part>
    </Brick>
    <Brick refID="8" designID="2341">
      <Part refID="10" designID="2341" materials="26">
        <Bone refID="10" transformation="-0.38920146226882935,0.76345276832580566,0.51542448997497559,0.18498408794403076,-0.48336613178253174,0.85565072298049927,0.90238749980926514,0.4283657968044281,0.046900290995836258,3.6978979110717773,6.5404176712036133,1.0576672554016113">
        </Bone>
      </Part>
    </Brick>
    <Brick refID="9" designID="3024">
      <Part refID="11" designID="3024" materials="26">
        <Bone refID="11" transformation="-0.38920402526855469,0.76345229148864746,0.51542294025421143,0.18498361110687256,-0.48336493968963623,0.85565143823623657,0.90238642692565918,0.4283677339553833,0.046901363879442215,4.5973882675170898,6.4190797805786133,1.916616678237915">
        </Bone>
      </Part>
    </Brick>
    <Brick refID="10" designID="50746">
      <Part refID="12" designID="50746" materials="26">
        <Bone refID="12" transformation="-0.38920390605926514,0.76345241069793701,0.51542305946350098,0.18498370051383972,-0.48336490988731384,0.85565149784088135,0.90238654613494873,0.4283677339553833,0.046901363879442215,4.656580924987793,6.264401912689209,2.1904280185699463">
        </Bone>
      </Part>
    </Brick>
    <Brick refID="11" designID="3024">
      <Part refID="13" designID="3024" materials="26">
        <Bone refID="13" transformation="-0.38920402526855469,0.76345229148864746,0.51542294025421143,0.18498361110687256,-0.48336493968963623,0.85565143823623657,0.90238642692565918,0.4283677339553833,0.046901363879442215,3.1535730361938477,5.7336902618408203,1.8415720462799072">
        </Bone>
      </Part>
    </Brick>
    <Brick refID="12" designID="50746">
      <Part refID="14" designID="50746" materials="26">
        <Bone refID="14" transformation="0.38920697569847107,-0.76345247030258179,-0.51542109251022339,0.18497869372367859,-0.48336505889892578,0.85565251111984253,-0.90238642692565918,-0.42836758494377136,-0.046906426548957825,3.212763786315918,5.5790128707885742,2.1153788566589355">
        </Bone>
      </Part>
    </Brick>
    <Brick refID="13" designID="2463">
      <Part refID="15" designID="2463" materials="199">
        <Bone refID="15" transformation="1,0,0,0,1,0,0,0,1,0.40000057220458984,12.479996681213379,-0.40000566840171814">
        </Bone>
      </Part>
    </Brick>
    <Brick refID="14" designID="2419">
      <Part refID="16" designID="2419" materials="199">
        <Bone refID="16" transformation="1,0,0,0,1,0,0,0,1,-1.9999990463256836,12.15999698638916,-0.40000578761100769">
        </Bone>
      </Part>
    </Brick>
    <Brick refID="15" designID="2463">
      <Part refID="17" designID="2463" materials="199">
        <Bone refID="17" transformation="0,0,1,0,0.99999994039535522,0,-1,0,0,-0.40000057220458984,12.479996681213379,-0.40000569820404053">
        </Bone>
      </Part>
    </Brick>
    <Brick refID="16" designID="3003">
      <Part refID="18" designID="3003" materials="21,0,0" decoration="0,0">
        <Bone refID="18" transformation="1,0,0,0,1,0,0,0,1,-0.40000057220458984,12.479996681213379,-0.4000018835067749">
        </Bone>
      </Part>
    </Brick>
    <Brick refID="17" designID="60474">
      <Part refID="19" designID="60474" materials="26">
        <Bone refID="19" transformation="1,0,0,0,1,0,0,0,1,-1.1999998092651367,11.839997291564941,-0.40000191330909729">
        </Bone>
      </Part>
    </Brick>
    <Brick refID="18" designID="87081">
      <Part refID="20" designID="87081" materials="26">
        <Bone refID="20" transformation="1,0,0,0,1,0,0,0,1,-1.1999998092651367,10.879996299743652,-0.40000191330909729">
        </Bone>
      </Part>
    </Brick>
    <Brick refID="19" designID="60474">
      <Part refID="21" designID="60474" materials="26">
        <Bone refID="21" transformation="1,0,0,0,1,0,0,0,1,-1.1999998092651367,10.559996604919434,-0.40000191330909729">
        </Bone>
      </Part>
    </Brick>
    <Brick refID="20" designID="4032">
      <Part refID="22" designID="4032" materials="26">
        <Bone refID="22" transformation="1,0,0,0,1,0,0,0,1,-0.40000057220458984,10.239996910095215,-0.4000018835067749">
        </Bone>
      </Part>
    </Brick>
    <Brick refID="21" designID="32028">
      <Part refID="23" designID="32028" materials="26">
        <Bone refID="23" transformation="0,0,1,0,0.99999994039535522,0,-1,0,0,-0.39999961853027344,9.9199972152709961,-1.2000023126602173">
        </Bone>
      </Part>
    </Brick>
    <Brick refID="22" designID="32028">
      <Part refID="24" designID="32028" materials="26">
        <Bone refID="24" transformation="0,0,-1,0,0.99999994039535522,0,1,0,0,0.39999866485595703,9.9199972152709961,-0.40000209212303162">
        </Bone>
      </Part>
    </Brick>
    <Brick refID="23" designID="87087">
      <Part refID="25" designID="87087" materials="26">
        <Bone refID="25" transformation="0,0,-1,0,0.99999994039535522,0,1,0,0,0.40000057220458984,8.9599971771240234,-1.2000014781951904">
        </Bone>
      </Part>
    </Brick>
    <Brick refID="24" designID="50746">
      <Part refID="26" designID="50746" materials="26">
        <Bone refID="26" transformation="0,0,1.0000001192092896,1.0000001192092896,0,0,0,1.0000001192092896,0,0.79999923706054688,9.5199975967407227,-1.2000013589859009">
        </Bone>
      </Part>
    </Brick>
    <Brick refID="25" designID="4070">
      <Part refID="27" designID="4070" materials="26">
        <Bone refID="27" transformation="0,0,-1,0,0.99999994039535522,0,1,0,0,0.39999961853027344,7.999997615814209,-1.20000159740448">
        </Bone>
      </Part>
    </Brick>
    <Brick refID="26" designID="3937">
      <Part refID="28" designID="3937" materials="26">
        <Bone refID="28" transformation="0,0,1.0000001192092896,1.0000001192092896,0,0,0,1.0000001192092896,0,0.65186119079589844,8.5599966049194336,-1.2000052928924561">
        </Bone>
      </Part>
    </Brick>
    <Brick refID="27" designID="4070">
      <Part refID="29" designID="4070" materials="26">
        <Bone refID="29" transformation="0,0,-1,0,0.99999994039535522,0,1,0,0,0.39999771118164063,7.999997615814209,-0.40000328421592712">
        </Bone>
      </Part>
    </Brick>
    <Brick refID="28" designID="87087">
      <Part refID="30" designID="87087" materials="26">
        <Bone refID="30" transformation="0,0,-1,0,0.99999994039535522,0,1,0,0,0.39999961853027344,8.9599971771240234,-0.40000221133232117">
        </Bone>
      </Part>
    </Brick>
    <Brick refID="29" designID="50746">
      <Part refID="31" designID="50746" materials="26">
        <Bone refID="31" transformation="0,0,1.0000001192092896,1.0000001192092896,0,0,0,1.0000001192092896,0,0.79999732971191406,9.5199975967407227,-0.40000307559967041">
        </Bone>
      </Part>
    </Brick>
    <Brick refID="30" designID="3022">
      <Part refID="32" designID="3022" materials="26">
        <Bone refID="32" transformation="1,0,0,0,1,0,0,0,1,-0.40000057220458984,7.6799979209899902,-0.40000241994857788">
        </Bone>
      </Part>
    </Brick>
    <Brick refID="31" designID="4070">
      <Part refID="33" designID="4070" materials="26">
        <Bone refID="33" transformation="0,0,1,0,0.99999994039535522,0,-1,0,0,-0.40000057220458984,7.999997615814209,-1.20000159740448">
        </Bone>
      </Part>
    </Brick>
    <Brick refID="32" designID="87087">
      <Part refID="34" designID="87087" materials="26">
        <Bone refID="34" transformation="0,0,1,0,0.99999994039535522,0,-1,0,0,-0.39999866485595703,8.9599971771240234,-1.2000014781951904">
        </Bone>
      </Part>
    </Brick>
    <Brick refID="33" designID="50746">
      <Part refID="35" designID="50746" materials="26">
        <Bone refID="35" transformation="0,0,-1.0000001192092896,-1.0000001192092896,0,0,0,1.0000001192092896,0,-0.80000114440917969,9.5199975967407227,-1.2000014781951904">
        </Bone>
      </Part>
    </Brick>
    <Brick refID="34" designID="3937">
      <Part refID="36" designID="3937" materials="26">
        <Bone refID="36" transformation="0,0,-1.0000001192092896,-1.0000001192092896,0,0,0,1.0000001192092896,0,-0.65186214447021484,8.55999755859375,-0.40000233054161072">
        </Bone>
      </Part>
    </Brick>
    <Brick refID="35" designID="4070">
      <Part refID="37" designID="4070" materials="26">
        <Bone refID="37" transformation="0,0,1,0,0.99999994039535522,0,-1,0,0,-0.39999866485595703,7.999997615814209,-0.40000241994857788">
        </Bone>
      </Part>
    </Brick>
    <Brick refID="36" designID="87087">
      <Part refID="38" designID="87087" materials="26">
        <Bone refID="38" transformation="0,0,1,0,0.99999994039535522,0,-1,0,0,-0.40000057220458984,8.9599971771240234,-0.40000230073928833">
        </Bone>
      </Part>
    </Brick>
    <Brick refID="37" designID="50746">
      <Part refID="39" designID="50746" materials="26">
        <Bone refID="39" transformation="0,0,-1.0000001192092896,-1.0000001192092896,0,0,0,1.0000001192092896,0,-0.80000114440917969,9.5199975967407227,-0.40000233054161072">
        </Bone>
      </Part>
    </Brick>
    <Brick refID="38" designID="3020">
      <Part refID="40" designID="3020" materials="26">
        <Bone refID="40" transformation="1,0,0,0,1,0,0,0,1,-1.1999998092651367,7.3599972724914551,-0.40000256896018982">
        </Bone>
      </Part>
    </Brick>
    <Brick refID="39" designID="3069">
      <Part refID="41" designID="3069" materials="26,0" decoration="0">
        <Bone refID="41" transformation="0,0,-1,0,0.99999994039535522,0,1,0,0,1.2000007629394531,7.6799979209899902,-0.39978092908859253">
        </Bone>
      </Part>
    </Brick>
    <Brick refID="40" designID="3069">
      <Part refID="42" designID="3069" materials="26,0" decoration="0">
        <Bone refID="42" transformation="0,0,-1,0,0.99999994039535522,0,1,0,0,-1.1999998092651367,7.6799969673156738,-0.39978131651878357">
        </Bone>
      </Part>
    </Brick>
    <Brick refID="41" designID="2434">
      <Part refID="43" designID="2434" materials="26">
        <Bone refID="43" transformation="-1,0,0,0,1,0,0,0,-1,1.1999988555908203,5.4399981498718262,-1.2000017166137695">
        </Bone>
      </Part>
    </Brick>
    <Brick refID="42" designID="87079">
      <Part refID="44" designID="87079" materials="26">
        <Bone refID="44" transformation="0,-1.0000001192092896,0,0,0,-1.0000001192092896,1.0000001192092896,0,0,0.39999961853027344,9.3599967956542969,-1.6000039577484131">
        </Bone>
      </Part>
    </Brick>
    <Brick refID="43" designID="87079">
      <Part refID="45" designID="87079" materials="26">
        <Bone refID="45" transformation="1,0,0,0,0,-1,0,1,0,-0.40000057220458984,6.159996509552002,-1.6000044345855713">
        </Bone>
      </Part>
    </Brick>
    <Brick refID="44" designID="87079">
      <Part refID="46" designID="87079" materials="26">
        <Bone refID="46" transformation="0,-1.0000001192092896,0,0,0,1.0000001192092896,-1.0000001192092896,0,0,-0.40000152587890625,9.3599987030029297,0">
        </Bone>
      </Part>
    </Brick>
    <Brick refID="45" designID="3795">
      <Part refID="47" designID="3795" materials="26">
        <Bone refID="47" transformation="1,0,0,0,1,0,0,0,1,-2.0000009536743164,5.119999885559082,-0.4000067412853241">
        </Bone>
      </Part>
    </Brick>
    <Brick refID="46" designID="2432">
      <Part refID="48" designID="2432" materials="26">
        <Bone refID="48" transformation="0,0,1,0,0.99999994039535522,0,-1,0,0,-2.0000009536743164,6.719998836517334,-1.2000057697296143">
        </Bone>
      </Part>
    </Brick>
    <Brick refID="47" designID="3023">
      <Part refID="49" designID="3023" materials="26">
        <Bone refID="49" transformation="0,0,1,0,0.99999994039535522,0,-1,0,0,-2.0000009536743164,6.399998664855957,-1.2000057697296143">
        </Bone>
      </Part>
    </Brick>
    <Brick refID="48" designID="3004">
      <Part refID="50" designID="3004" materials="26,0,0,0" decoration="0,0,0">
        <Bone refID="50" transformation="0,0,-1,0,0.99999994039535522,0,1,0,0,-2.0000009536743164,5.4399995803833008,-0.40000668168067932">
        </Bone>
      </Part>
    </Brick>
    <Brick refID="49" designID="2432">
      <Part refID="51" designID="2432" materials="26">
        <Bone refID="51" transformation="0,0,-1,0,0.99999994039535522,0,1,0,0,2.0000009536743164,6.719998836517334,-0.40000221133232117">
        </Bone>
      </Part>
    </Brick>
    <Brick refID="50" designID="3023">
      <Part refID="52" designID="3023" materials="26">
        <Bone refID="52" transformation="0,0,1,0,0.99999994039535522,0,-1,0,0,2.0000009536743164,6.399998664855957,-1.2000014781951904">
        </Bone>
      </Part>
    </Brick>
    <Brick refID="51" designID="3004">
      <Part refID="53" designID="3004" materials="26,0,0,0" decoration="0,0,0">
        <Bone refID="53" transformation="0,0,-1,0,0.99999994039535522,0,1,0,0,1.9999990463256836,5.4399986267089844,-0.40000233054161072">
        </Bone>
      </Part>
    </Brick>
    <Brick refID="52" designID="3003">
      <Part refID="54" designID="3003" materials="26,0,0" decoration="0,0">
        <Bone refID="54" transformation="1,0,0,0,1,0,0,0,1,-2.0000009536743164,4.1599984169006348,-0.40000316500663757">
        </Bone>
      </Part>
    </Brick>
    <Brick refID="53" designID="3003">
      <Part refID="55" designID="3003" materials="26,0,0" decoration="0,0">
        <Bone refID="55" transformation="1,0,0,0,1,0,0,0,1,-2.0000009536743164,3.1999990940093994,-0.40000328421592712">
        </Bone>
      </Part>
    </Brick>
    <Brick refID="54" designID="3022">
      <Part refID="56" designID="3022" materials="26">
        <Bone refID="56" transformation="1,0,0,0,1,0,0,0,1,-2.0000009536743164,2.8799986839294434,-0.40000328421592712">
        </Bone>
      </Part>
    </Brick>
    <Brick refID="55" designID="3022">
      <Part refID="57" designID="3022" materials="26">
        <Bone refID="57" transformation="1,0,0,0,1,0,0,0,1,-2.0000009536743164,2.5599980354309082,-0.40000328421592712">
        </Bone>
      </Part>
    </Brick>
    <Brick refID="56" designID="3004">
      <Part refID="58" designID="3004" materials="26,0,0,0" decoration="0,0,0">
        <Bone refID="58" transformation="0,0,1,0,0.99999994039535522,0,-1,0,0,-2.0000009536743164,1.5999975204467773,-1.2000064849853516">
        </Bone>
      </Part>
    </Brick>
    <Brick refID="57" designID="3022">
      <Part refID="59" designID="3022" materials="26">
        <Bone refID="59" transformation="1,0,0,0,1,0,0,0,1,-2.0000009536743164,1.2799978256225586,-0.40000340342521667">
        </Bone>
      </Part>
    </Brick>
    <Brick refID="58" designID="3022">
      <Part refID="60" designID="3022" materials="26">
        <Bone refID="60" transformation="1,0,0,0,1,0,0,0,1,-2.0000009536743164,0.95999711751937866,-0.40000352263450623">
        </Bone>
      </Part>
    </Brick>
    <Brick refID="59" designID="3004">
      <Part refID="61" designID="3004" materials="26,0,0,0" decoration="0,0,0">
        <Bone refID="61" transformation="0,0,1,0,0.99999994039535522,0,-1,0,0,-2.0000009536743164,0,-1.2000066041946411">
        </Bone>
      </Part>
    </Brick>
    <Brick refID="60" designID="3003">
      <Part refID="62" designID="3003" materials="26,0,0" decoration="0,0">
        <Bone refID="62" transformation="1,0,0,0,1,0,0,0,1,1.1999969482421875,4.1599974632263184,-0.40000265836715698">
        </Bone>
      </Part>
    </Brick>
    <Brick refID="61" designID="3003">
      <Part refID="63" designID="3003" materials="26,0,0" decoration="0,0">
        <Bone refID="63" transformation="1,0,0,0,1,0,0,0,1,1.1999969482421875,3.199998140335083,-0.40000277757644653">
        </Bone>
      </Part>
    </Brick>
    <Brick refID="62" designID="3022">
      <Part refID="64" designID="3022" materials="26">
        <Bone refID="64" transformation="1,0,0,0,1,0,0,0,1,1.1999979019165039,2.8799986839294434,-0.40000289678573608">
        </Bone>
      </Part>
    </Brick>
    <Brick refID="63" designID="3022">
      <Part refID="65" designID="3022" materials="26">
        <Bone refID="65" transformation="1,0,0,0,1,0,0,0,1,1.1999979019165039,2.5599980354309082,-0.40000289678573608">
        </Bone>
      </Part>
    </Brick>
    <Brick refID="64" designID="3004">
      <Part refID="66" designID="3004" materials="26,0,0,0" decoration="0,0,0">
        <Bone refID="66" transformation="0,0,1,0,0.99999994039535522,0,-1,0,0,1.9999971389770508,1.5999956130981445,-1.2000021934509277">
        </Bone>
      </Part>
    </Brick>
    <Brick refID="65" designID="3022">
      <Part refID="67" designID="3022" materials="26">
        <Bone refID="67" transformation="1,0,0,0,1,0,0,0,1,1.1999979019165039,1.2799949645996094,-0.40000301599502563">
        </Bone>
      </Part>
    </Brick>
    <Brick refID="66" designID="3022">
      <Part refID="68" designID="3022" materials="26">
        <Bone refID="68" transformation="1,0,0,0,1,0,0,0,1,1.1999979019165039,0.95999711751937866,-0.40000313520431519">
        </Bone>
      </Part>
    </Brick>
    <Brick refID="67" designID="3004">
      <Part refID="69" designID="3004" materials="26,0,0,0" decoration="0,0,0">
        <Bone refID="69" transformation="0,0,1,0,0.99999994039535522,0,-1,0,0,1.9999971389770508,0,-1.2000023126602173">
        </Bone>
      </Part>
    </Brick>
    <Brick refID="68" designID="87079">
      <Part refID="70" designID="87079" materials="26">
        <Bone refID="70" transformation="-1,0,0,0,0,1.0000001192092896,0,1.0000001192092896,0,0.39999771118164063,6.1599979400634766,0">
        </Bone>
      </Part>
    </Brick>
    <Brick refID="69" designID="48336">
      <Part refID="71" designID="48336" materials="199">
        <Bone refID="71" transformation="1,0,0,0,1,0,0,0,1,-0.39999866485595703,14.399996757507324,-0.40000566840171814">
        </Bone>
      </Part>
    </Brick>
    <Brick refID="70" designID="2463">
      <Part refID="72" designID="2463" materials="199">
        <Bone refID="72" transformation="-1,0,0,0,1,0,0,0,-1,-0.40000057220458984,12.479996681213379,-1.2000049352645874">
        </Bone>
      </Part>
    </Brick>
    <Brick refID="71" designID="3024">
      <Part refID="73" designID="3024" materials="199">
        <Bone refID="73" transformation="1,0,0,0,1,0,0,0,1,-2.0000019073486328,12.15999698638916,-1.2000049352645874">
        </Bone>
      </Part>
    </Brick>
    <Brick refID="72" designID="3005">
      <Part refID="74" designID="3005" materials="199,0" decoration="0">
        <Bone refID="74" transformation="1,0,0,0,1,0,0,0,1,-2,11.199995994567871,-1.2000049352645874">
        </Bone>
      </Part>
    </Brick>
    <Brick refID="73" designID="3665">
      <Part refID="75" designID="3665" materials="199">
        <Bone refID="75" transformation="1,0,0,0,1,0,0,0,1,-2,10.239996910095215,-1.2000049352645874">
        </Bone>
      </Part>
    </Brick>
    <Brick refID="74" designID="2463">
      <Part refID="76" designID="2463" materials="199">
        <Bone refID="76" transformation="0,0,-1,0,0.99999994039535522,0,1,0,0,0.39999771118164063,12.479996681213379,-1.2000049352645874">
        </Bone>
      </Part>
    </Brick>
    <Brick refID="75" designID="3024">
      <Part refID="77" designID="3024" materials="199">
        <Bone refID="77" transformation="1,0,0,0,1,0,0,0,1,1.999995231628418,12.15999698638916,-1.2000048160552979">
        </Bone>
      </Part>
    </Brick>
    <Brick refID="76" designID="3005">
      <Part refID="78" designID="3005" materials="199,0" decoration="0">
        <Bone refID="78" transformation="1,0,0,0,1,0,0,0,1,1.9999990463256836,11.199995994567871,-1.2000048160552979">
        </Bone>
      </Part>
    </Brick>
    <Brick refID="77" designID="3665">
      <Part refID="79" designID="3665" materials="199">
        <Bone refID="79" transformation="1,0,0,0,1,0,0,0,1,1.9999990463256836,10.239995956420898,-1.2000048160552979">
        </Bone>
      </Part>
    </Brick>
    <Brick refID="78" designID="87087">
      <Part refID="80" designID="87087" materials="199">
        <Bone refID="80" transformation="0,0,1,0,0.99999994039535522,0,-1,0,0,-2.0000009536743164,11.199995994567871,-0.4000057578086853">
        </Bone>
      </Part>
    </Brick>
    <Brick refID="79" designID="87087">
      <Part refID="81" designID="87087" materials="199">
        <Bone refID="81" transformation="0,0,-1,0,0.99999994039535522,0,1,0,0,2.0000019073486328,11.199996948242188,-0.40000557899475098">
        </Bone>
      </Part>
    </Brick>
    <Brick refID="80" designID="3678">
      <Part refID="82" designID="3678" materials="199,0,0" decoration="0,0">
        <Bone refID="82" transformation="-1,0,0,0,1,0,0,0,-1,-0.40000057220458984,10.559996604919434,-2.8000032901763916">
        </Bone>
      </Part>
    </Brick>
    <Brick refID="81" designID="2420">
      <Part refID="83" designID="2420" materials="199">
        <Bone refID="83" transformation="0,0,1,0,0.99999994039535522,0,-1,0,0,-1.2000007629394531,10.239996910095215,-3.6000025272369385">
        </Bone>
      </Part>
    </Brick>
    <Brick refID="82" designID="60481">
      <Part refID="84" designID="60481" materials="199">
        <Bone refID="84" transformation="-1,0,0,0,1,0,0,0,-1,-2.0000009536743164,10.559996604919434,-2.0000042915344238">
        </Bone>
      </Part>
    </Brick>
    <Brick refID="83" designID="3024">
      <Part refID="85" designID="3024" materials="199">
        <Bone refID="85" transformation="1,0,0,0,1,0,0,0,1,-2.0000019073486328,10.239996910095215,-2.0000042915344238">
        </Bone>
      </Part>
    </Brick>
    <Brick refID="84" designID="3023">
      <Part refID="86" designID="3023" materials="199">
        <Bone refID="86" transformation="-1,0,0,0,1,0,0,0,-1,0.39999866485595703,10.239995002746582,-3.6000025272369385">
        </Bone>
      </Part>
    </Brick>
    <Brick refID="85" designID="3678">
      <Part refID="87" designID="3678" materials="199,0,0" decoration="0,0">
        <Bone refID="87" transformation="-1,0,0,0,1,0,0,0,-1,1.2000026702880859,10.559996604919434,-2.8000032901763916">
        </Bone>
      </Part>
    </Brick>
    <Brick refID="86" designID="2420">
      <Part refID="88" designID="2420" materials="199">
        <Bone refID="88" transformation="-1,0,0,0,1,0,0,0,-1,2.0000019073486328,10.239996910095215,-2.8000032901763916">
        </Bone>
      </Part>
    </Brick>
    <Brick refID="87" designID="60481">
      <Part refID="89" designID="60481" materials="199">
        <Bone refID="89" transformation="-1,0,0,0,1,0,0,0,-1,2.0000019073486328,10.559996604919434,-2.0000040531158447">
        </Bone>
      </Part>
    </Brick>
    <Brick refID="88" designID="3024">
      <Part refID="90" designID="3024" materials="199">
        <Bone refID="90" transformation="1,0,0,0,1,0,0,0,1,2.0000019073486328,10.239996910095215,-2.0000040531158447">
        </Bone>
      </Part>
    </Brick>
    <Brick refID="89" designID="87580">
      <Part refID="91" designID="87580" materials="199">
        <Bone refID="91" transformation="0,-0.27563771605491638,0.96126151084899902,-0.99999994039535522,0,0,0,-0.96126151084899902,-0.27563777565956116,-2.399998664855957,11.980506896972656,-1.1690144538879395">
        </Bone>
      </Part>
    </Brick>
    <Brick refID="90" designID="87580">
      <Part refID="92" designID="87580" materials="199">
        <Bone refID="92" transformation="0,0.27563750743865967,-0.96126168966293335,1,0,0,0,-0.96126168966293335,-0.27563744783401489,2.4000015258789062,11.759997367858887,-0.40000554919242859">
        </Bone>
      </Part>
    </Brick>
    <Brick refID="91" designID="41770">
      <Part refID="93" designID="41770" materials="26">
        <Bone refID="93" transformation="0,-1.0000001192092896,0,0,0,-1.0000001192092896,1.0000001192092896,0,0,1.1999979019165039,9.3599987030029297,-1.6000053882598877">
        </Bone>
      </Part>
    </Brick>
    <Brick refID="92" designID="3068">
      <Part refID="94" designID="3068" materials="26,0" decoration="0">
        <Bone refID="94" transformation="-1,0,0,0,0,-1.0000001192092896,0,-1.0000001192092896,0,-1.2000007629394531,5.3599982261657715,-1.6000039577484131">
        </Bone>
      </Part>
    </Brick>
    <Brick refID="93" designID="74340">
      <Part refID="95" designID="3679" materials="26">
        <Bone refID="95" transformation="-1.2026893273286987E-005,-3.2575131626799703E-005,1.0000001192092896,-0.94485282897949219,0.3274955153465271,0,-0.32749539613723755,-0.94485282897949219,-3.464088513283059E-005,-1.8921527862548828,8.7958078384399414,-1.2000164985656738">
        </Bone>
      </Part>
      <Part refID="96" designID="3680" materials="26">
        <Bone refID="96" transformation="0,0,1.0000001192092896,-0.94485270977020264,0.32749587297439575,0,-0.3274957537651062,-0.94485270977020264,0,-1.5897989273071289,8.6909980773925781,-1.2000052928924561">
        </Bone>
      </Part>
    </Brick>
    <Brick refID="94" designID="3048">
      <Part refID="97" designID="3048" materials="26">
        <Bone refID="97" transformation="-0.32749468088150024,-0.94485306739807129,0,-0.94485312700271606,0.32749494910240173,0,0,0,-1,-1.630157470703125,9.5516910552978516,-1.1999900341033936">
        </Bone>
      </Part>
    </Brick>
    <Brick refID="95" designID="3023">
      <Part refID="98" designID="3023" materials="26">
        <Bone refID="98" transformation="-1.210680329677416E-005,-3.2575127988820896E-005,1,-0.94485270977020264,0.3274955153465271,0,-0.3274955153465271,-0.94485270977020264,-3.4720793337328359E-005,-1.8921537399291992,8.7958078384399414,-1.2000172138214111">
        </Bone>
      </Part>
    </Brick>
    <Brick refID="96" designID="30165">
      <Part refID="99" designID="30165" materials="26">
        <Bone refID="99" transformation="0.32749670743942261,0.94485235214233398,3.4286484151380137E-005,-0.94485235214233398,0.32749670743942261,0,-1.1507157068990637E-005,-3.2299150916514918E-005,1,-2.4565134048461914,8.1446971893310547,-0.40004301071166992">
        </Bone>
      </Part>
    </Brick>
    <Brick refID="97" designID="73983">
      <Part refID="100" designID="2429" materials="26">
        <Bone refID="100" transformation="-1.210680329677416E-005,-3.2671217923052609E-005,1,-0.94485270977020264,0.32749566435813904,0,-0.32749557495117188,-0.94485270977020264,-3.4800697903847322E-005,-2.1541500091552734,8.0399246215820312,-1.2000453472137451">
        </Bone>
      </Part>
      <Part refID="101" designID="2430" materials="26">
        <Bone refID="101" transformation="-0.32749634981155396,-0.94485247135162354,0,-0.94485247135162354,0.32749649882316589,0,0,0,-1,-2.4161701202392578,7.2839913368225098,0.39992827177047729">
        </Bone>
      </Part>
    </Brick>
    <Brick refID="98" designID="3938">
      <Part refID="102" designID="3938" materials="26">
        <Bone refID="102" transformation="0,0,-1,-0.94485265016555786,0.32749602198600769,0,0.32749593257904053,0.94485265016555786,0,-1.211857795715332,8.5599985122680664,-0.40000230073928833">
        </Bone>
      </Part>
    </Brick>
    <Brick refID="99" designID="3024">
      <Part refID="103" designID="3024" materials="26">
        <Bone refID="103" transformation="-0.0079344892874360085,0.99996852874755859,3.0754610634176061E-005,-1.3828828741679899E-005,-3.0865106964483857E-005,1,0.99996852874755859,0.0079344892874360085,1.4073493730393238E-005,-2.5786952972412109,7.200523853302002,2.6799254417419434">
        </Bone>
      </Part>
    </Brick>
    <Brick refID="100" designID="2341">
      <Part refID="104" designID="2341" materials="26">
        <Bone refID="104" transformation="0.0079345982521772385,-0.99996864795684814,-3.0881685233907774E-005,-1.3595402378996368E-005,-3.0881405109539628E-005,1.0000001192092896,-0.99996864795684814,-0.0079344892874360085,-1.3731743820244446E-005,-3.3786611557006836,7.1942048072814941,1.7199127674102783">
        </Bone>
      </Part>
    </Brick>
    <Brick refID="101" designID="4070">
      <Part refID="105" designID="4070" materials="194">
        <Bone refID="105" transformation="-0.9999692440032959,-0.0078419297933578491,0,0,-7.8490869782399386E-005,1.0000001192092896,-0.0078419279307126999,0.99996936321258545,7.8799370385240763E-005,-3.3786745071411133,7.1941752433776855,2.6799132823944092">
        </Bone>
      </Part>
    </Brick>
    <Brick refID="102" designID="71075">
      <Part refID="106" designID="71075" materials="194">
        <Bone refID="106" transformation="0.9999692440032959,0.0078428266569972038,1.36035750983865E-005,-0.0078428266569972038,0.9999692440032959,3.0769973818678409E-005,-1.3361833225644659E-005,-3.0875718948664144E-005,1,-3.3628168106079102,5.1942200660705566,3.2398507595062256">
        </Bone>
      </Part>
    </Brick>
    <Brick refID="103" designID="71075">
      <Part refID="107" designID="71075" materials="194">
        <Bone refID="107" transformation="0.99996936321258545,0.0078276116400957108,1.3575231605500448E-005,-0.0078276116400957108,0.99996936321258545,3.0733590392628685E-005,-1.3334244613361079E-005,-3.083890987909399E-005,1,-3.3806800842285156,7.4460124969482422,3.2399208545684814">
        </Bone>
      </Part>
    </Brick>
    <Brick refID="104" designID="3024">
      <Part refID="108" designID="3024" materials="194">
        <Bone refID="108" transformation="0.99996936321258545,0.0078276116400957108,1.3575231605500448E-005,-0.0078276116400957108,0.99996936321258545,3.0733590392628685E-005,-1.3334244613361079E-005,-3.083890987909399E-005,1,-3.3933744430541992,9.0459632873535156,3.2399709224700928">
        </Bone>
      </Part>
    </Brick>
    <Brick refID="105" designID="6141">
      <Part refID="109" designID="6141" materials="194">
        <Bone refID="109" transformation="0.99996936321258545,0.0078276116400957108,1.3575231605500448E-005,-0.0078276116400957108,0.99996936321258545,3.0733590392628685E-005,-1.3334244613361079E-005,-3.083890987909399E-005,1,-3.3959131240844727,9.3659534454345703,3.2399814128875732">
        </Bone>
      </Part>
    </Brick>
    <Brick refID="106" designID="6141">
      <Part refID="110" designID="6141" materials="194">
        <Bone refID="110" transformation="0.9999692440032959,0.0078428266569972038,1.360185160592664E-005,-0.0078428257256746292,0.9999692440032959,3.0793224141234532E-005,-1.3359926924749743E-005,-3.0898954719305038E-005,1,-3.3984518051147461,9.685943603515625,3.2399914264678955">
        </Bone>
      </Part>
    </Brick>
    <Brick refID="107" designID="6141">
      <Part refID="111" designID="6141" materials="194">
        <Bone refID="111" transformation="0.99996912479400635,0.0078580109402537346,1.3628419765154831E-005,-0.00785801000893116,0.99996912479400635,3.0852737836539745E-005,-1.3385558304435108E-005,-3.0958879506215453E-005,1,-3.4009904861450195,10.00593376159668,3.2400014400482178">
        </Bone>
      </Part>
    </Brick>
    <Brick refID="108" designID="3062">
      <Part refID="112" designID="3062" materials="194">
        <Bone refID="112" transformation="0.9999690055847168,0.0078731663525104523,1.3654938811669126E-005,-0.0078731654211878777,0.9999690055847168,3.0912138754501939E-005,-1.3411138752417173E-005,-3.1018691515782848E-005,1,-3.403529167175293,10.325923919677734,3.2400104999542236">
        </Bone>
      </Part>
    </Brick>
    <Brick refID="109" designID="3023">
      <Part refID="113" designID="3023" materials="194">
        <Bone refID="113" transformation="0.9999690055847168,0.0078731663525104523,1.3654938811669126E-005,-0.0078731654211878777,0.9999690055847168,3.0912135116523132E-005,-1.3411138752417173E-005,-3.1018687877804041E-005,1,-3.8111333847045898,11.282719612121582,3.2400352954864502">
        </Bone>
      </Part>
    </Brick>
    <Brick refID="110" designID="42446">
      <Part refID="114" designID="42446" materials="26">
        <Bone refID="114" transformation="0.32749712467193604,0.94485217332839966,3.5034416214330122E-005,-0.94485217332839966,0.32749712467193604,0,-1.3036756172368769E-005,-3.2560557883698493E-005,1,-3.756591796875,7.325221061706543,1.1999144554138184">
        </Bone>
      </Part>
    </Brick>
    <Brick refID="111" designID="30165">
      <Part refID="115" designID="30165" materials="26">
        <Bone refID="115" transformation="-1.2684968169196509E-005,-3.2414049201179296E-005,1.0000001192092896,-0.94485270977020264,0.32749581336975098,0,-0.3274957537651062,-0.94485270977020264,-3.4739598049782217E-005,-2.9805221557617187,6.6329069137573242,0.39989989995956421">
        </Bone>
      </Part>
    </Brick>
    <Brick refID="112" designID="3024">
      <Part refID="116" designID="3024" materials="26">
        <Bone refID="116" transformation="-0.0079340776428580284,0.99996864795684814,3.09621864289511E-005,-1.3621265679830685E-005,-3.0968887585913762E-005,1.0000001192092896,0.99996864795684814,0.0079341810196638107,1.3969708561489824E-005,-4.1786479949951172,7.1878275871276855,2.679903507232666">
        </Bone>
      </Part>
    </Brick>
    <Brick refID="113" designID="3024">
      <Part refID="117" designID="3024" materials="26">
        <Bone refID="117" transformation="-0.0079340776428580284,0.99996852874755859,3.0962182790972292E-005,-1.3621266589325387E-005,-3.1072671845322475E-005,1,0.99996852874755859,0.0079340757802128792,1.3865920664102305E-005,-4.1786527633666992,7.1878180503845215,2.999903678894043">
        </Bone>
      </Part>
    </Brick>
    <Brick refID="114" designID="3024">
      <Part refID="118" designID="3024" materials="26">
        <Bone refID="118" transformation="-0.0079342834651470184,0.99996864795684814,3.0858402169542387E-005,-1.3725046301260591E-005,-3.0865106964483857E-005,1.0000001192092896,0.99996864795684814,0.0079343877732753754,1.407349463988794E-005,-2.578700065612793,7.2005143165588379,2.9999256134033203">
        </Bone>
      </Part>
    </Brick>
    <Brick refID="115" designID="50746">
      <Part refID="119" designID="50746" materials="26">
        <Bone refID="119" transformation="-0.0079340776428580284,0.99996852874755859,3.1065144867170602E-005,-1.37242304845131E-005,-3.117645246675238E-005,1,0.99996852874755859,0.0079340757802128792,1.3969707651995122E-005,-2.5787029266357422,7.2005038261413574,3.3199245929718018">
        </Bone>
      </Part>
    </Brick>
    <Brick refID="116" designID="50746">
      <Part refID="120" designID="50746" materials="26">
        <Bone refID="120" transformation="0.0079352976754307747,-0.99996852874755859,-3.1492523703491315E-005,-1.4102727618592326E-005,-3.1524432415608317E-005,1,-0.99996852874755859,-0.0079352166503667831,-1.4272081898525357E-005,-4.1786575317382812,7.1878085136413574,3.3199036121368408">
        </Bone>
      </Part>
    </Brick>
    <Brick refID="117" designID="3665">
      <Part refID="121" designID="3665" materials="218">
        <Bone refID="121" transformation="1.3426005352812354E-005,3.0796662031207234E-005,-1,-0.0079339668154716492,0.99996846914291382,3.0688839615322649E-005,0.99996852874755859,0.0079339668154716492,1.3669920917891432E-005,-3.0136966705322266,11.609057426452637,3.2400562763214111">
        </Bone>
      </Part>
    </Brick>
    <Brick refID="118" designID="3040">
      <Part refID="122" designID="3040" materials="218,0" decoration="0">
        <Bone refID="122" transformation="-1.3741683687840123E-005,-3.1725168810226023E-005,1,-0.0079346811398863792,0.99996858835220337,3.1615451007382944E-005,-0.99996864795684814,-0.0079346802085638046,-1.3992981621413492E-005,-2.2213373184204102,12.575375556945801,3.2400972843170166">
        </Bone>
      </Part>
    </Brick>
    <Brick refID="119" designID="50746">
      <Part refID="123" designID="50746" materials="218">
        <Bone refID="123" transformation="1.3664420293935109E-005,3.0798069929005578E-005,-1,-0.0079339668154716492,0.99996846914291382,3.0688355764141306E-005,0.99996852874755859,0.0079339658841490746,1.3908339496992994E-005,-1.4391336441040039,14.821651458740234,3.2401788234710693">
        </Bone>
      </Part>
    </Brick>
    <Brick refID="120" designID="3024">
      <Part refID="124" designID="3024" materials="218">
