<?xml version="1.0" encoding="UTF-8" standalone="no" ?>
<LXFML versionMajor="5" versionMinor="0">
  <Meta>
    <Application name="LEGO Universe" versionMajor="0" versionMinor="0"/>
    <Brand name="LEGOUniverse"/>
    <BrickSet version="330"/>
  </Meta>
  <Bricks>
    <Brick refID="0" designID="3003">
      <Part refID="0" designID="3003" materials="199,0,0" decoration="0,0">
        <Bone refID="0" transformation="1,0,0,0,1,0,0,0,1,-0.39999958872795105,5.7600011825561523,-2.7999982833862305">
        </Bone>
      </Part>
    </Brick>
    <Brick refID="1" designID="2357">
      <Part refID="1" designID="2357" materials="199">
        <Bone refID="1" transformation="0,0,-1,0,1,0,1,0,0,-1.1999989748001099,4.8000016212463379,-2.7999987602233887">
        </Bone>
      </Part>
    </Brick>
    <Brick refID="2" designID="3622">
      <Part refID="2" designID="3622" materials="199">
        <Bone refID="2" transformation="1,0,0,0,1,0,0,0,1,-1.1999989748001099,3.8400015830993652,-3.5999987125396729">
        </Bone>
      </Part>
    </Brick>
    <Brick refID="3" designID="3003">
      <Part refID="3" designID="3003" materials="199,0,0" decoration="0,0">
        <Bone refID="3" transformation="1,0,0,0,1,0,0,0,1,-1.1999990940093994,2.8800015449523926,-2.7999987602233887">
        </Bone>
      </Part>
    </Brick>
    <Brick refID="4" designID="3010">
      <Part refID="4" designID="3010" materials="199">
        <Bone refID="4" transformation="1,0,0,0,1,0,0,0,1,-1.1999989748001099,1.9200015068054199,-3.5999987125396729">
        </Bone>
      </Part>
    </Brick>
    <Brick refID="5" designID="3021">
      <Part refID="5" designID="3021" materials="199">
        <Bone refID="5" transformation="0,0,1,0,0.99999994039535522,0,-1,0,0,-1.1999988555908203,1.600001335144043,-3.599998950958252">
        </Bone>
      </Part>
    </Brick>
    <Brick refID="6" designID="4070">
      <Part refID="6" designID="4070" materials="199">
        <Bone refID="6" transformation="-1,0,0,0,1,0,0,0,-1,-1.199999213218689,0.64000177383422852,-3.599998950958252">
        </Bone>
      </Part>
    </Brick>
    <Brick refID="7" designID="50746">
      <Part refID="7" designID="50746" materials="199">
        <Bone refID="7" transformation="0.99999994039535522,0,0,0,0,-1,0,1,0,-1.199999213218689,1.2000014781951904,-3.839998722076416">
        </Bone>
      </Part>
    </Brick>
    <Brick refID="8" designID="4070">
      <Part refID="8" designID="4070" materials="199">
        <Bone refID="8" transformation="-1,0,0,0,1,0,0,0,-1,-0.39999917149543762,0.64000177383422852,-3.599998950958252">
        </Bone>
      </Part>
    </Brick>
    <Brick refID="9" designID="50746">
      <Part refID="9" designID="50746" materials="199">
        <Bone refID="9" transformation="0.99999994039535522,0,0,0,0,-1,0,1,0,-0.39999914169311523,1.2000014781951904,-3.839998722076416">
        </Bone>
      </Part>
    </Brick>
    <Brick refID="10" designID="3747">
      <Part refID="10" designID="3747" materials="199">
        <Bone refID="10" transformation="-1,0,0,0,1,0,0,0,-1,-0.39999917149543762,0.64000177383422852,-1.1999988555908203">
        </Bone>
      </Part>
    </Brick>
    <Brick refID="11" designID="3023">
      <Part refID="11" designID="3023" materials="199">
        <Bone refID="11" transformation="1,0,0,0,1,0,0,0,1,-1.1999989748001099,1.9200015068054199,-2.7999987602233887">
        </Bone>
      </Part>
    </Brick>
    <Brick refID="12" designID="3002">
      <Part refID="12" designID="3002" materials="199">
        <Bone refID="12" transformation="0,0,1,0,0.99999994039535522,0,-1,0,0,0.40000075101852417,2.8800015449523926,-3.599998950958252">
        </Bone>
      </Part>
    </Brick>
    <Brick refID="13" designID="3660">
      <Part refID="13" designID="3660" materials="199">
        <Bone refID="13" transformation="1,0,0,0,1,0,0,0,1,0.40000087022781372,1.9200015068054199,-2.7999989986419678">
        </Bone>
      </Part>
    </Brick>
    <Brick refID="14" designID="3005">
      <Part refID="14" designID="3005" materials="199,0" decoration="0">
        <Bone refID="14" transformation="1,0,0,0,1,0,0,0,1,0.40000087022781372,3.8400015830993652,-2.7999989986419678">
        </Bone>
      </Part>
    </Brick>
    <Brick refID="15" designID="87087">
      <Part refID="15" designID="87087" materials="199">
        <Bone refID="15" transformation="1,0,0,0,1,0,0,0,1,0.40000087022781372,4.8000016212463379,-2.7999989986419678">
        </Bone>
      </Part>
    </Brick>
    <Brick refID="16" designID="3023">
      <Part refID="16" designID="3023" materials="199">
        <Bone refID="16" transformation="1,0,0,0,1,0,0,0,1,-1.199999213218689,0.32000160217285156,-3.599998950958252">
        </Bone>
      </Part>
    </Brick>
    <Brick refID="17" designID="3020">
      <Part refID="17" designID="3020" materials="199">
        <Bone refID="17" transformation="1,0,0,0,1,0,0,0,1,-1.1999993324279785,0.32000160217285156,-0.39999866485595703">
        </Bone>
      </Part>
    </Brick>
    <Brick refID="18" designID="3004">
      <Part refID="18" designID="3004" materials="199,0,0,0" decoration="0,0,0">
        <Bone refID="18" transformation="1,0,0,0,1,0,0,0,1,0.40000087022781372,1.600001335144043,-1.1999988555908203">
        </Bone>
      </Part>
    </Brick>
    <Brick refID="19" designID="3004">
      <Part refID="19" designID="3004" materials="199,0,0,0" decoration="0,0,0">
        <Bone refID="19" transformation="1,0,0,0,1,0,0,0,1,0.40000087022781372,0.64000129699707031,-1.1999988555908203">
        </Bone>
      </Part>
    </Brick>
    <Brick refID="20" designID="3023">
      <Part refID="20" designID="3023" materials="199">
        <Bone refID="20" transformation="1,0,0,0,1,0,0,0,1,-1.199999213218689,0.64000177383422852,-0.39999866485595703">
        </Bone>
      </Part>
    </Brick>
    <Brick refID="21" designID="3069">
      <Part refID="21" designID="3069" materials="199,0" decoration="0">
        <Bone refID="21" transformation="1,0,0,0,1,0,0,0,1,0.39977759122848511,0.64000177383422852,-0.39999890327453613">
        </Bone>
      </Part>
    </Brick>
    <Brick refID="22" designID="41539">
      <Part refID="22" designID="41539" materials="199">
        <Bone refID="22" transformation="1,0,0,0,1,0,0,0,1,-2.7999989986419678,0,0.40000081062316895">
        </Bone>
      </Part>
    </Brick>
    <Brick refID="23" designID="3068">
      <Part refID="23" designID="3068" materials="199,0" decoration="0">
        <Bone refID="23" transformation="1,0,0,0,1,0,0,0,1,-2.7999989986419678,0.32000160217285156,0.40000128746032715">
        </Bone>
      </Part>
    </Brick>
    <Brick refID="24" designID="3068">
      <Part refID="24" designID="3068" materials="199,0" decoration="0">
        <Bone refID="24" transformation="1,0,0,0,1,0,0,0,1,-2.7999985218048096,0.32000160217285156,-1.1999988555908203">
        </Bone>
      </Part>
    </Brick>
    <Brick refID="25" designID="3068">
      <Part refID="25" designID="3068" materials="199,0" decoration="0">
        <Bone refID="25" transformation="1,0,0,0,1,0,0,0,1,-2.7999982833862305,0.32000160217285156,-2.7999987602233887">
        </Bone>
      </Part>
    </Brick>
    <Brick refID="26" designID="3068">
      <Part refID="26" designID="3068" materials="199,0" decoration="0">
        <Bone refID="26" transformation="1,0,0,0,1,0,0,0,1,-2.7999980449676514,0.32000160217285156,-4.3999991416931152">
        </Bone>
      </Part>
    </Brick>
    <Brick refID="27" designID="3068">
      <Part refID="27" designID="3068" materials="199,0" decoration="0">
        <Bone refID="27" transformation="1,0,0,0,1,0,0,0,1,-1.1999980211257935,0.32000160217285156,-4.399998664855957">
        </Bone>
      </Part>
    </Brick>
    <Brick refID="28" designID="3068">
      <Part refID="28" designID="3068" materials="199,0" decoration="0">
        <Bone refID="28" transformation="1,0,0,0,1,0,0,0,1,0.40000206232070923,0.32000160217285156,-4.3999981880187988">
        </Bone>
      </Part>
    </Brick>
    <Brick refID="29" designID="3068">
      <Part refID="29" designID="3068" materials="199,0" decoration="0">
        <Bone refID="29" transformation="1,0,0,0,1,0,0,0,1,2.0000019073486328,0.32000160217285156,-4.3999981880187988">
        </Bone>
      </Part>
    </Brick>
    <Brick refID="30" designID="3068">
      <Part refID="30" designID="3068" materials="199,0" decoration="0">
        <Bone refID="30" transformation="1,0,0,0,1,0,0,0,1,2.0000019073486328,0.32000160217285156,-2.7999980449676514">
        </Bone>
      </Part>
    </Brick>
    <Brick refID="31" designID="3068">
      <Part refID="31" designID="3068" materials="199,0" decoration="0">
        <Bone refID="31" transformation="1,0,0,0,1,0,0,0,1,0.40000158548355103,0.32000160217285156,-2.7999982833862305">
        </Bone>
      </Part>
    </Brick>
    <Brick refID="32" designID="3068">
      <Part refID="32" designID="3068" materials="199,0" decoration="0">
        <Bone refID="32" transformation="1,0,0,0,1,0,0,0,1,2.0000014305114746,0.32000160217285156,-1.1999979019165039">
        </Bone>
      </Part>
    </Brick>
    <Brick refID="33" designID="3068">
      <Part refID="33" designID="3068" materials="199,0" decoration="0">
        <Bone refID="33" transformation="1,0,0,0,1,0,0,0,1,2.0000009536743164,0.32000160217285156,0.40000200271606445">
        </Bone>
      </Part>
    </Brick>
    <Brick refID="34" designID="3069">
      <Part refID="34" designID="3069" materials="199,0" decoration="0">
        <Bone refID="34" transformation="1,0,0,0,1,0,0,0,1,-1.2002218961715698,0.32000160217285156,0.40000104904174805">
        </Bone>
      </Part>
    </Brick>
    <Brick refID="35" designID="3069">
      <Part refID="35" designID="3069" materials="199,0" decoration="0">
        <Bone refID="35" transformation="1,0,0,0,1,0,0,0,1,0.39977806806564331,0.32000160217285156,0.40000128746032715">
        </Bone>
      </Part>
    </Brick>
    <Brick refID="36" designID="3068">
      <Part refID="36" designID="3068" materials="199,0" decoration="0">
        <Bone refID="36" transformation="1,0,0,0,1,0,0,0,1,-1.1999984979629517,0.32000160217285156,-1.9999986886978149">
        </Bone>
      </Part>
    </Brick>
    <Brick refID="37" designID="3069">
      <Part refID="37" designID="3069" materials="199,0" decoration="0">
        <Bone refID="37" transformation="1,0,0,0,1,0,0,0,1,0.39977854490280151,0.32000160217285156,-1.9999983310699463">
        </Bone>
      </Part>
    </Brick>
    <Brick refID="38" designID="50950">
      <Part refID="38" designID="50950" materials="199">
        <Bone refID="38" transformation="0,0,1,0,0.99999994039535522,0,-1,0,0,-1.1999989748001099,2.2400014400482178,-2.7999987602233887">
        </Bone>
      </Part>
    </Brick>
    <Brick refID="39" designID="50950">
      <Part refID="39" designID="50950" materials="199">
        <Bone refID="39" transformation="0,0,1,0,0.99999994039535522,0,-1,0,0,-0.3999989926815033,2.2400014400482178,-2.7999987602233887">
        </Bone>
      </Part>
    </Brick>
    <Brick refID="40" designID="87087">
      <Part refID="40" designID="87087" materials="199">
        <Bone refID="40" transformation="1,0,0,0,1,0,0,0,1,-0.3999989926815033,4.8000016212463379,-2.7999985218048096">
        </Bone>
      </Part>
    </Brick>
    <Brick refID="41" designID="6541">
      <Part refID="41" designID="6541" materials="199">
        <Bone refID="41" transformation="0,-1.0000001192092896,0,0,0,1.0000001192092896,-1.0000001192092896,0,0,-0.39999908208847046,5.3600015640258789,-2.3999984264373779">
        </Bone>
      </Part>
    </Brick>
    <Brick refID="42" designID="50950">
      <Part refID="42" designID="50950" materials="199">
        <Bone refID="42" transformation="0.99999994039535522,0,0,0,0,1,0,-1,0,-0.3999992311000824,5.3600015640258789,-1.4399983882904053">
        </Bone>
      </Part>
    </Brick>
    <Brick refID="43" designID="3023">
      <Part refID="43" designID="3023" materials="199">
        <Bone refID="43" transformation="0.99999994039535522,0,0,0,0,1,0,-1,0,0.40000087022781372,5.3600015640258789,-2.079998254776001">
        </Bone>
      </Part>
    </Brick>
    <Brick refID="44" designID="3623">
      <Part refID="44" designID="3623" materials="199">
        <Bone refID="44" transformation="0.99999994039535522,0,0,0,0,1,0,-1,0,0.40000075101852417,5.3600015640258789,-2.399998664855957">
        </Bone>
      </Part>
    </Brick>
    <Brick refID="45" designID="6091">
      <Part refID="45" designID="6091" materials="199">
        <Bone refID="45" transformation="-1,0,0,0,1,0,0,0,-1,-1.1999990940093994,1.600001335144043,-1.1999988555908203">
        </Bone>
      </Part>
    </Brick>
    <Brick refID="46" designID="6091">
      <Part refID="46" designID="6091" materials="199">
        <Bone refID="46" transformation="-1,0,0,0,1,0,0,0,-1,-0.39999914169311523,1.600001335144043,-1.1999986171722412">
        </Bone>
      </Part>
    </Brick>
    <Brick refID="47" designID="3004">
      <Part refID="47" designID="3004" materials="199,0,0,0" decoration="0,0,0">
        <Bone refID="47" transformation="1,0,0,0,1,0,0,0,1,0.40000098943710327,4.8000016212463379,-3.5999982357025146">
        </Bone>
      </Part>
    </Brick>
    <Brick refID="48" designID="87087">
      <Part refID="48" designID="87087" materials="199">
        <Bone refID="48" transformation="1,0,0,0,1,0,0,0,1,1.2000010013580322,4.8000016212463379,-2.7999987602233887">
        </Bone>
      </Part>
    </Brick>
    <Brick refID="49" designID="50950">
      <Part refID="49" designID="50950" materials="199">
        <Bone refID="49" transformation="0,0,1,0,0.99999994039535522,0,-1,0,0,0.40000075101852417,3.8400013446807861,-1.9999990463256836">
        </Bone>
      </Part>
    </Brick>
    <Brick refID="50" designID="50950">
      <Part refID="50" designID="50950" materials="199">
        <Bone refID="50" transformation="0,0,1,0,0.99999994039535522,0,-1,0,0,1.2000010013580322,3.8400015830993652,-1.9999988079071045">
        </Bone>
      </Part>
    </Brick>
    <Brick refID="51" designID="87087">
      <Part refID="51" designID="87087" materials="199">
        <Bone refID="51" transformation="1,0,0,0,1,0,0,0,1,0.40000075101852417,2.5600016117095947,-1.1999988555908203">
        </Bone>
      </Part>
    </Brick>
    <Brick refID="52" designID="87087">
      <Part refID="52" designID="87087" materials="199">
        <Bone refID="52" transformation="1,0,0,0,1,0,0,0,1,1.2000007629394531,2.5600016117095947,-1.1999988555908203">
        </Bone>
      </Part>
    </Brick>
    <Brick refID="53" designID="87087">
      <Part refID="53" designID="87087" materials="199">
        <Bone refID="53" transformation="0,0,-1,0,1,0,1,0,0,1.2000010013580322,3.8400015830993652,-2.7999989986419678">
        </Bone>
      </Part>
    </Brick>
    <Brick refID="54" designID="49668">
      <Part refID="54" designID="49668" materials="199">
        <Bone refID="54" transformation="0,0,-1.0000001192092896,1.0000001192092896,0,0,0,-1.0000001192092896,0,1.6000010967254639,4.4000015258789062,-2.7999987602233887">
        </Bone>
      </Part>
    </Brick>
    <Brick refID="55" designID="87087">
      <Part refID="55" designID="87087" materials="199">
        <Bone refID="55" transformation="0,0,-1,0,1,0,1,0,0,1.2000010013580322,3.8400015830993652,-3.599998950958252">
        </Bone>
      </Part>
    </Brick>
    <Brick refID="56" designID="49668">
      <Part refID="56" designID="49668" materials="199">
        <Bone refID="56" transformation="0,0,-1.0000001192092896,1.0000001192092896,0,0,0,-1.0000001192092896,0,1.6000010967254639,4.4000015258789062,-3.5999987125396729">
        </Bone>
      </Part>
    </Brick>
    <Brick refID="57" designID="33243">
      <Part refID="57" designID="33243" materials="199">
        <Bone refID="57" transformation="-1,0,0,0,1,0,0,0,-1,-1.1999988555908203,5.7600016593933105,-3.5999975204467773">
        </Bone>
      </Part>
    </Brick>
    <Brick refID="58" designID="4287">
      <Part refID="58" designID="4287" materials="199">
        <Bone refID="58" transformation="1,0,0,0,1,0,0,0,1,-1.9999985694885254,4.8000016212463379,-4.3999981880187988">
        </Bone>
      </Part>
    </Brick>
    <Brick refID="59" designID="50746">
      <Part refID="59" designID="50746" materials="199">
        <Bone refID="59" transformation="-1,0,0,0,1,0,0,0,-1,-1.9999985694885254,5.7600016593933105,-4.399998664855957">
        </Bone>
      </Part>
    </Brick>
    <Brick refID="60" designID="3023">
      <Part refID="60" designID="3023" materials="199">
        <Bone refID="60" transformation="0.99999994039535522,0,0,0,0,1,0,-1,0,0.40000098943710327,3.1200017929077148,-0.79999852180480957">
        </Bone>
      </Part>
    </Brick>
    <Brick refID="61" designID="50950">
      <Part refID="61" designID="50950" materials="199">
        <Bone refID="61" transformation="0,-1.0000001192092896,0,0,0,1.0000001192092896,-1.0000001192092896,0,0,0.40000075101852417,3.1200017929077148,-0.47999882698059082">
        </Bone>
      </Part>
    </Brick>
    <Brick refID="62" designID="50950">
      <Part refID="62" designID="50950" materials="199">
        <Bone refID="62" transformation="0,-1,0,0,0,1,-1,0,0,1.2000007629394531,3.1200017929077148,-0.47999882698059082">
        </Bone>
      </Part>
    </Brick>
    <Brick refID="63" designID="87087">
      <Part refID="63" designID="87087" materials="199">
        <Bone refID="63" transformation="1,0,0,0,1,0,0,0,1,-0.39999902248382568,3.8400015830993652,-2.7999987602233887">
        </Bone>
      </Part>
    </Brick>
    <Brick refID="64" designID="49668">
      <Part refID="64" designID="49668" materials="199">
        <Bone refID="64" transformation="0.99999994039535522,0,0,0,0,1,0,-1,0,-0.39999917149543762,4.4000015258789062,-2.399998664855957">
        </Bone>
      </Part>
    </Brick>
    <Brick refID="65" designID="87087">
      <Part refID="65" designID="87087" materials="199">
        <Bone refID="65" transformation="1,0,0,0,1,0,0,0,1,-1.1999990940093994,3.8400015830993652,-2.7999987602233887">
        </Bone>
      </Part>
    </Brick>
    <Brick refID="66" designID="49668">
      <Part refID="66" designID="49668" materials="199">
        <Bone refID="66" transformation="0.99999994039535522,0,0,0,0,1,0,-1,0,-1.199999213218689,4.4000015258789062,-2.3999989032745361">
        </Bone>
      </Part>
    </Brick>
    <Brick refID="67" designID="50950">
      <Part refID="67" designID="50950" materials="199">
        <Bone refID="67" transformation="0,1.0000001192092896,0,0,0,1.0000001192092896,1.0000001192092896,0,0,2.0000007152557373,5.3600015640258789,-2.0799989700317383">
        </Bone>
      </Part>
    </Brick>
    <Brick refID="68" designID="32013">
      <Part refID="68" designID="32013" materials="199">
        <Bone refID="68" transformation="-1,0,0,0,0.8164868950843811,0.57736402750015259,0,0.57736402750015259,-0.81648683547973633,-0.80000001192092896,5.3600015640258789,-1.8199987411499023">
        </Bone>
      </Part>
    </Brick>
    <Brick refID="69" designID="43093">
      <Part refID="69" designID="43093" materials="199">
        <Bone refID="69" transformation="0,0.81648695468902588,0.57736414670944214,0,0.57736420631408691,-0.8164868950843811,-1.0000001192092896,0,0,-1.5999991893768311,5.3600015640258789,-1.8199986219406128">
        </Bone>
      </Part>
    </Brick>
    <Brick refID="70" designID="6558">
      <Part refID="70" designID="6558" materials="199">
        <Bone refID="70" transformation="1,0,0,0,0.57736402750015259,-0.8164868950843811,0,0.8164868950843811,0.57736402750015259,-1.9999990463256836,6.3397860527038574,-1.1271615028381348">
        </Bone>
      </Part>
    </Brick>
    <Brick refID="71" designID="75535">
      <Part refID="71" designID="75535" materials="199">
        <Bone refID="71" transformation="1,0,0,0,0.57736402750015259,-0.8164868950843811,0,0.8164868950843811,0.57736402750015259,-1.9999990463256836,6.9929757118225098,-0.66527032852172852">
        </Bone>
      </Part>
    </Brick>
    <Brick refID="72" designID="2780">
      <Part refID="72" designID="2780" materials="199">
        <Bone refID="72" transformation="1,0,0,0,0.57736402750015259,-0.8164868950843811,0,0.8164868950843811,0.57736402750015259,-1.9999990463256836,7.6461648941040039,-0.20337915420532227">
        </Bone>
      </Part>
    </Brick>
    <Brick refID="73" designID="75535">
      <Part refID="73" designID="75535" materials="199">
        <Bone refID="73" transformation="1,0,0,0,0.57736402750015259,-0.8164868950843811,0,0.8164868950843811,0.57736402750015259,-1.9999990463256836,8.2993545532226562,0.25851202011108398">
        </Bone>
      </Part>
    </Brick>
    <Brick refID="74" designID="2780">
      <Part refID="74" designID="2780" materials="199">
        <Bone refID="74" transformation="1,0,0,0,0.57736402750015259,-0.8164868950843811,0,0.8164868950843811,0.57736402750015259,-1.9999990463256836,8.9525442123413086,0.72040319442749023">
        </Bone>
      </Part>
    </Brick>
    <Brick refID="75" designID="75535">
      <Part refID="75" designID="75535" materials="199">
        <Bone refID="75" transformation="1,0,0,0,0.57736402750015259,-0.8164868950843811,0,0.8164868950843811,0.57736402750015259,-1.9999990463256836,9.6057348251342773,1.1822950839996338">
        </Bone>
      </Part>
    </Brick>
    <Brick refID="76" designID="2780">
      <Part refID="76" designID="2780" materials="199">
        <Bone refID="76" transformation="1,0,0,0,0.57736402750015259,-0.8164868950843811,0,0.8164868950843811,0.57736402750015259,-1.9999990463256836,10.258922576904297,1.64418625831604">
        </Bone>
      </Part>
    </Brick>
    <Brick refID="77" designID="75535">
      <Part refID="77" designID="75535" materials="199">
        <Bone refID="77" transformation="1,0,0,0,0.57736402750015259,-0.8164868950843811,0,0.8164868950843811,0.57736402750015259,-1.9999990463256836,10.912114143371582,2.1060783863067627">
        </Bone>
      </Part>
    </Brick>
    <Brick refID="78" designID="2780">
      <Part refID="78" designID="2780" materials="199">
        <Bone refID="78" transformation="1,0,0,0,0.57736402750015259,-0.8164868950843811,0,0.8164868950843811,0.57736402750015259,-1.9999990463256836,11.565301895141602,2.5679686069488525">
        </Bone>
      </Part>
    </Brick>
    <Brick refID="79" designID="75535">
      <Part refID="79" designID="75535" materials="199">
        <Bone refID="79" transformation="1,0,0,0,0.57736402750015259,-0.8164868950843811,0,0.8164868950843811,0.57736402750015259,-1.9999990463256836,12.218493461608887,3.0298607349395752">
        </Bone>
      </Part>
    </Brick>
    <Brick refID="80" designID="43887">
      <Part refID="80" designID="43887" materials="199">
        <Bone refID="80" transformation="0,-0.57736408710479736,0.8164868950843811,0,0.8164868950843811,0.57736408710479736,-1,0,0,-1.9999990463256836,12.218493461608887,3.0298607349395752">
        </Bone>
      </Part>
    </Brick>
    <Brick refID="81" designID="75535">
      <Part refID="81" designID="75535" materials="199">
        <Bone refID="81" transformation="1,0,0,0,0.57736402750015259,-0.8164868950843811,0,0.8164868950843811,0.57736402750015259,-1.9999990463256836,5.0334062576293945,-2.0509443283081055">
        </Bone>
      </Part>
    </Brick>
    <Brick refID="82" designID="2780">
      <Part refID="82" designID="2780" materials="199">
        <Bone refID="82" transformation="1,0,0,0,0.57736402750015259,-0.8164868950843811,0,0.8164868950843811,0.57736402750015259,-1.9999990463256836,4.3802165985107422,-2.5128357410430908">
        </Bone>
      </Part>
    </Brick>
    <Brick refID="83" designID="75535">
      <Part refID="83" designID="75535" materials="199">
        <Bone refID="83" transformation="1,0,0,0,0.57736402750015259,-0.8164868950843811,0,0.8164868950843811,0.57736402750015259,-1.9999990463256836,3.7270269393920898,-2.9747271537780762">
        </Bone>
      </Part>
    </Brick>
    <Brick refID="84" designID="2780">
      <Part refID="84" designID="2780" materials="199">
        <Bone refID="84" transformation="1,0,0,0,0.57736402750015259,-0.8164868950843811,0,0.8164868950843811,0.57736402750015259,-1.9999992847442627,3.0738375186920166,-3.4366183280944824">
        </Bone>
      </Part>
    </Brick>
    <Brick refID="85" designID="75535">
      <Part refID="85" designID="75535" materials="199">
        <Bone refID="85" transformation="1,0,0,0,0.57736402750015259,-0.8164868950843811,0,0.8164868950843811,0.57736402750015259,-1.9999992847442627,2.4206478595733643,-3.8985097408294678">
        </Bone>
      </Part>
    </Brick>
    <Brick refID="86" designID="6141">
      <Part refID="86" designID="6141" materials="199">
        <Bone refID="86" transformation="1,0,0,0,0.81648677587509155,0.57736396789550781,0,-0.57736396789550781,0.81648677587509155,-1.9999988079071045,0.85299330949783325,-5.0070486068725586">
        </Bone>
      </Part>
    </Brick>
    <Brick refID="87" designID="33243">
      <Part refID="87" designID="33243" materials="199">
        <Bone refID="87" transformation="1,0,0,0,1,0,0,0,1,1.2000007629394531,5.7600016593933105,-2.7999982833862305">
        </Bone>
      </Part>
    </Brick>
    <Brick refID="88" designID="3665">
      <Part refID="88" designID="3665" materials="199">
        <Bone refID="88" transformation="-1,0,0,0,1,0,0,0,-1,2.0000009536743164,4.8000016212463379,-2.7999982833862305">
        </Bone>
      </Part>
    </Brick>
    <Brick refID="89" designID="33243">
      <Part refID="89" designID="33243" materials="199">
        <Bone refID="89" transformation="1,0,0,0,1,0,0,0,1,1.2000007629394531,5.7600016593933105,-3.5999975204467773">
        </Bone>
      </Part>
    </Brick>
    <Brick refID="90" designID="33243">
      <Part refID="90" designID="33243" materials="199">
        <Bone refID="90" transformation="-1,0,0,0,1,0,0,0,-1,-1.1999988555908203,5.7600016593933105,-2.7999982833862305">
        </Bone>
      </Part>
    </Brick>
    <Brick refID="91" designID="50746">
      <Part refID="91" designID="50746" materials="199">
        <Bone refID="91" transformation="-1,0,0,0,1,0,0,0,-1,-1.9999985694885254,5.1200017929077148,-5.1999955177307129">
        </Bone>
      </Part>
    </Brick>
    <Brick refID="92" designID="3024">
      <Part refID="92" designID="3024" materials="199">
        <Bone refID="92" transformation="1,0,0,0,1,0,0,0,1,-1.9999985694885254,4.8000016212463379,-5.1999950408935547">
        </Bone>
      </Part>
    </Brick>
    <Brick refID="93" designID="3023">
      <Part refID="93" designID="3023" materials="199">
        <Bone refID="93" transformation="0,0,1,0,0.99999994039535522,0,-1,0,0,-1.9999985694885254,4.4800014495849609,-5.1999950408935547">
        </Bone>
      </Part>
    </Brick>
    <Brick refID="94" designID="3024">
      <Part refID="94" designID="3024" materials="199">
        <Bone refID="94" transformation="0.99999994039535522,0,0,0,0,1,0,-1,0,-1.9999990463256836,4.0800013542175293,-4.7999958992004395">
        </Bone>
      </Part>
    </Brick>
    <Brick refID="95" designID="50950">
      <Part refID="95" designID="50950" materials="199">
        <Bone refID="95" transformation="0,-1,0,0,0,1,-1,0,0,-1.9999988079071045,4.0800008773803711,-4.4799962043762207">
        </Bone>
      </Part>
    </Brick>
    <Brick refID="96" designID="87087">
      <Part refID="96" designID="87087" materials="199">
        <Bone refID="96" transformation="1,0,0,0,1,0,0,0,1,-1.9999983310699463,3.5200011730194092,-5.1999950408935547">
        </Bone>
      </Part>
    </Brick>
    <Brick refID="97" designID="3005">
      <Part refID="97" designID="3005" materials="199,0" decoration="0">
        <Bone refID="97" transformation="1,0,0,0,1,0,0,0,1,-1.9999983310699463,2.5600011348724365,-5.1999959945678711">
        </Bone>
      </Part>
    </Brick>
    <Brick refID="98" designID="3024">
      <Part refID="98" designID="3024" materials="199">
        <Bone refID="98" transformation="1,0,0,0,1,0,0,0,1,-1.9999983310699463,2.2400012016296387,-5.1999950408935547">
        </Bone>
      </Part>
    </Brick>
    <Brick refID="99" designID="3024">
      <Part refID="99" designID="3024" materials="199">
        <Bone refID="99" transformation="1,0,0,0,1,0,0,0,1,-1.9999988079071045,1.9200012683868408,-5.1999959945678711">
        </Bone>
      </Part>
    </Brick>
    <Brick refID="100" designID="47457">
      <Part refID="100" designID="47457" materials="199">
        <Bone refID="100" transformation="0,1.0000001192092896,0,0,0,1.0000001192092896,1.0000001192092896,0,0,1.2000007629394531,6.4800019264221191,-2.3999967575073242">
        </Bone>
      </Part>
    </Brick>
    <Brick refID="101" designID="87087">
      <Part refID="101" designID="87087" materials="199">
        <Bone refID="101" transformation="1,0,0,0,1,0,0,0,1,0.40000051259994507,6.7200016975402832,-2.7999982833862305">
        </Bone>
      </Part>
    </Brick>
    <Brick refID="102" designID="87087">
      <Part refID="102" designID="87087" materials="199">
        <Bone refID="102" transformation="-0.70710712671279907,0,0.70710641145706177,0,0.99999994039535522,0,-0.70710641145706177,0,-0.70710712671279907,-0.56568431854248047,8.9600019454956055,-2.634312629699707">
        </Bone>
      </Part>
    </Brick>
    <Brick refID="103" designID="3024">
      <Part refID="103" designID="3024" materials="199">
        <Bone refID="103" transformation="0.70710694789886475,0,-0.70710664987564087,0,0.99999994039535522,0,0.70710664987564087,0,0.70710694789886475,-0.56568461656570435,8.6400022506713867,-2.6343119144439697">
        </Bone>
      </Part>
    </Brick>
    <Brick refID="104" designID="2420">
      <Part refID="104" designID="2420" materials="199">
        <Bone refID="104" transformation="0.70710694789886475,0,-0.70710664987564087,0,0.99999994039535522,0,0.70710664987564087,0,0.70710694789886475,-0.56568461656570435,8.3200016021728516,-2.6343119144439697">
        </Bone>
      </Part>
    </Brick>
    <Brick refID="105" designID="6141">
      <Part refID="105" designID="6141" materials="199">
        <Bone refID="105" transformation="0.70710694789886475,0,-0.70710664987564087,0,0.99999994039535522,0,0.70710664987564087,0,0.70710694789886475,0,8.0000019073486328,-3.2000000476837158">
        </Bone>
      </Part>
    </Brick>
    <Brick refID="106" designID="4032">
      <Part refID="106" designID="4032" materials="199">
        <Bone refID="106" transformation="0.99999994039535522,0,0,0,0.99999994039535522,0,0,0,0.99999994039535522,-0.39999857544898987,7.6800017356872559,-2.7999989986419678">
        </Bone>
      </Part>
    </Brick>
    <Brick refID="107" designID="50746">
      <Part refID="107" designID="50746" materials="199">
        <Bone refID="107" transformation="0,-1,0,-0.70710694789886475,0,-0.70710659027099609,0.70710659027099609,0,-0.70710694789886475,0.056570112705230713,9.5200014114379883,-4.2748007774353027">
        </Bone>
      </Part>
    </Brick>
    <Brick refID="108" designID="3021">
      <Part refID="108" designID="3021" materials="199">
        <Bone refID="108" transformation="0.70710718631744385,0,-0.70710670948028564,-0.70710664987564087,0,-0.7071070671081543,0,1.0000001192092896,0,-0.84852683544158936,9.5200014114379883,-2.9171555042266846">
        </Bone>
      </Part>
    </Brick>
    <Brick refID="109" designID="3023">
      <Part refID="109" designID="3023" materials="199">
        <Bone refID="109" transformation="0,1,0,-0.70710659027099609,0,-0.70710694789886475,-0.70710694789886475,0,0.70710659027099609,-0.50911533832550049,8.720001220703125,-3.7091155052185059">
        </Bone>
      </Part>
    </Brick>
    <Brick refID="110" designID="50746">
      <Part refID="110" designID="50746" materials="199">
        <Bone refID="110" transformation="0,-1.0000001192092896,0,-0.70710676908493042,0,-0.70710694789886475,0.70710700750350952,0,-0.70710670948028564,0.05657041072845459,8.720001220703125,-4.2748012542724609">
        </Bone>
      </Part>
    </Brick>
    <Brick refID="111" designID="50746">
      <Part refID="111" designID="50746" materials="199">
        <Bone refID="111" transformation="0,1,0,-0.70710659027099609,0,-0.70710694789886475,-0.70710694789886475,0,0.70710659027099609,-1.074800968170166,9.5200014114379883,-3.1434299945831299">
        </Bone>
      </Part>
    </Brick>
    <Brick refID="112" designID="3069">
      <Part refID="112" designID="3069" materials="199,0" decoration="0">
        <Bone refID="112" transformation="0,1,0,-0.70710659027099609,0,-0.70710694789886475,-0.70710694789886475,0,0.70710659027099609,-0.73539024591445923,8.7197780609130859,-3.9353890419006348">
        </Bone>
      </Part>
    </Brick>
    <Brick refID="113" designID="50746">
      <Part refID="113" designID="50746" materials="199">
        <Bone refID="113" transformation="0,1,0,-0.70710659027099609,0,-0.70710694789886475,-0.70710694789886475,0,0.70710659027099609,-1.0748003721237183,8.720001220703125,-3.1434304714202881">
        </Bone>
      </Part>
    </Brick>
    <Brick refID="114" designID="87087">
      <Part refID="114" designID="87087" materials="199">
        <Bone refID="114" transformation="-0.70710712671279907,0,0.70710641145706177,0,0.99999994039535522,0,-0.70710641145706177,0,-0.70710712671279907,0.56568616628646851,8.9600019454956055,-3.7656819820404053">
        </Bone>
      </Part>
    </Brick>
    <Brick refID="115" designID="3024">
      <Part refID="115" designID="3024" materials="199">
        <Bone refID="115" transformation="0.70710694789886475,0,-0.70710664987564087,0,0.99999994039535522,0,0.70710664987564087,0,0.70710694789886475,0.56568640470504761,8.6400022506713867,-3.7656822204589844">
        </Bone>
      </Part>
    </Brick>
    <Brick refID="116" designID="3024">
      <Part refID="116" designID="3024" materials="199">
        <Bone refID="116" transformation="0.70710694789886475,0,-0.70710664987564087,0,0.99999994039535522,0,0.70710664987564087,0,0.70710694789886475,0.56568711996078491,8.3200016021728516,-3.7656826972961426">
        </Bone>
      </Part>
    </Brick>
    <Brick refID="117" designID="87087">
      <Part refID="117" designID="87087" materials="199">
        <Bone refID="117" transformation="0.70710694789886475,0,-0.70710664987564087,0,1,0,0.70710664987564087,0,0.70710694789886475,0,8.6400012969970703,-3.2000000476837158">
        </Bone>
      </Part>
    </Brick>
    <Brick refID="118" designID="43898">
      <Part refID="118" designID="43898" materials="199">
        <Bone refID="118" transformation="0.7071070671081543,0,-0.70710653066635132,0,1,0,0.70710653066635132,0,0.7071070671081543,0,10.240001678466797,-3.2000000476837158">
        </Bone>
      </Part>
    </Brick>
    <Brick refID="119" designID="3024">
      <Part refID="119" designID="3024" materials="199">
        <Bone refID="119" transformation="0.70710694789886475,0,-0.70710664987564087,0,1,0,0.70710664987564087,0,0.70710694789886475,0,9.9200019836425781,-3.2000000476837158">
        </Bone>
      </Part>
    </Brick>
    <Brick refID="120" designID="3023">
      <Part refID="120" designID="3023" materials="199">
        <Bone refID="120" transformation="0.70710664987564087,0,0.70710700750350952,0,1,0,-0.70710700750350952,0,0.70710664987564087,0,9.6000022888183594,-3.2000000476837158">
        </Bone>
      </Part>
    </Brick>
    <Brick refID="121" designID="50746">
      <Part refID="121" designID="50746" materials="199">
        <Bone refID="121" transformation="-0.70710712671279907,0,0.70710653066635132,0.70710653066635132,0,0.70710724592208862,0,1.0000001192092896,0,0.73539227247238159,9.2000007629394531,-2.4646055698394775">
        </Bone>
      </Part>
    </Brick>
    <Brick refID="122" designID="3024">
      <Part refID="122" designID="3024" materials="199">
        <Bone refID="122" transformation="0.70710688829421997,0,-0.70710670948028564,0.70710664987564087,0,0.7071068286895752,0,-1,0,0.50911706686019897,9.2000007629394531,-2.6908793449401855">
        </Bone>
      </Part>
    </Brick>
    <Brick refID="123" designID="3623">
      <Part refID="123" designID="3623" materials="199">
        <Bone refID="123" transformation="0.70710688829421997,0,-0.70710670948028564,0.70710664987564087,0,0.7071068286895752,0,-1,0,-0.28284144401550293,9.2000017166137695,-2.3514688014984131">
        </Bone>
      </Part>
    </Brick>
    <Brick refID="124" designID="50746">
      <Part refID="124" designID="50746" materials="199">
        <Bone refID="124" transformation="0,1,0,0.7071068286895752,0,0.70710670948028564,0.70710670948028564,0,-0.7071068286895752,1.0748028755187988,9.2000017166137695,-3.2565648555755615">
        </Bone>
      </Part>
    </Brick>
    <Brick refID="125" designID="50746">
      <Part refID="125" designID="50746" materials="199">
        <Bone refID="125" transformation="0,-0.99999994039535522,0,0.70710659027099609,0,0.70710688829421997,-0.7071068286895752,0,0.70710653066635132,-0.056568741798400879,9.2000017166137695,-2.1251935958862305">
        </Bone>
      </Part>
    </Brick>
    <Brick refID="126" designID="87087">
      <Part refID="126" designID="87087" materials="199">
        <Bone refID="126" transformation="-1,0,0,0,1,0,0,0,-1,0.40000146627426147,6.7200016975402832,-3.5999975204467773">
        </Bone>
      </Part>
    </Brick>
    <Brick refID="127" designID="45677">
      <Part refID="127" designID="45677" materials="199,0" decoration="0">
        <Bone refID="127" transformation="0,1.0000001192092896,0,0,0,-1.0000001192092896,-1.0000001192092896,0,0,-1.1999988555908203,4.8800015449523926,-3.9999971389770508">
        </Bone>
      </Part>
    </Brick>
    <Brick refID="128" designID="49668">
      <Part refID="128" designID="49668" materials="199">
        <Bone refID="128" transformation="-1,0,0,0,0,-1.0000001192092896,0,-1.0000001192092896,0,0.40000241994857788,4.8800010681152344,-3.9999980926513672">
        </Bone>
      </Part>
    </Brick>
    <Brick refID="129" designID="49668">
      <Part refID="129" designID="49668" materials="199">
        <Bone refID="129" transformation="-1,0,0,0,0,-1.0000001192092896,0,-1.0000001192092896,0,-0.39999726414680481,4.8800010681152344,-3.9999980926513672">
        </Bone>
      </Part>
    </Brick>
    <Brick refID="130" designID="87087">
      <Part refID="130" designID="87087" materials="199">
        <Bone refID="130" transformation="-1,0,0,0,1,0,0,0,-1,-0.39999866485595703,6.7200016975402832,-3.5999975204467773">
        </Bone>
      </Part>
    </Brick>
    <Brick refID="131" designID="87087">
      <Part refID="131" designID="87087" materials="199">
        <Bone refID="131" transformation="1,0,0,0,1,0,0,0,1,-0.39999866485595703,6.7200016975402832,-2.7999982833862305">
        </Bone>
      </Part>
    </Brick>
    <Brick refID="132" designID="47457">
      <Part refID="132" designID="47457" materials="199">
        <Bone refID="132" transformation="0,-1.0000001192092896,0,0,0,1.0000001192092896,-1.0000001192092896,0,0,-1.1999988555908203,7.2800016403198242,-2.399998664855957">
        </Bone>
      </Part>
    </Brick>
  </Bricks>
  <RigidSystems>
    <RigidSystem>
      <Rigid refID="0" transformation="1,0,0,0,1,0,0,0,1,0.40000042319297791,5.7600011825561523,0.40000182390213013" boneRefs="0,1,2,3,4,5,6,7,8,9,10,11,12,13,14,15,16,17,18,19,20,21,22,23,24,25,26,27,28,29,30,31,32,33,34,35,36,37,38,39,40,41,42,43,44,45,46,47,48,49,50"/>
      <Rigid refID="1" transformation="1,0,0,0,1,0,0,0,1,1.2000007629394531,2.5600016117095947,2.0000011920928955" boneRefs="51"/>
      <Rigid refID="2" transformation="1,0,0,0,1,0,0,0,1,2.0000007152557373,2.5600016117095947,2.0000011920928955" boneRefs="52"/>
      <Rigid refID="3" transformation="0,0,-1,0,1,0,1,0,0,2.0000009536743164,3.8400015830993652,0.40000110864639282" boneRefs="53,54"/>
