<?xml version="1.0" encoding="UTF-8" standalone="no" ?>
<LXFML versionMajor="5" versionMinor="0">
  <Meta>
    <Application name="LEGO Universe" versionMajor="0" versionMinor="0"/>
    <Brand name="LEGOUniverse"/>
    <BrickSet version="330"/>
  </Meta>
  <Bricks>
    <Brick refID="0" designID="3741">
      <Part refID="0" designID="3741" materials="21">
        <Bone refID="0" transformation="1,0,0,0,1,0,0,0,1,-0.39999985694885254,0,-0.39999997615814209">
        </Bone>
      </Part>
    </Brick>
    <Brick refID="1" designID="56750">
      <Part refID="1" designID="56750" materials="106">
        <Bone refID="1" transformation="0.98470145463943481,0.17226427793502808,0.026240825653076172,0.17226427793502808,-0.93969243764877319,-0.29547122120857239,-0.026240825653076172,0.29547122120857239,-0.95499122142791748,-0.791351318359375,1.5204174518585205,0.27807319164276123">
        </Bone>
      </Part>
    </Brick>
    <Brick refID="2" designID="56750">
      <Part refID="2" designID="56750" materials="106">
        <Bone refID="2" transformation="0.98198401927947998,0.18713361024856567,0.026235654950141907,0.17116303741931915,-0.93969237804412842,0.29611051082611084,0.08006567507982254,-0.28628522157669067,-0.95479327440261841,-0.7550199031829834,1.3202944993972778,-1.0149410963058472">
        </Bone>
      </Part>
    </Brick>
    <Brick refID="3" designID="56750">
      <Part refID="3" designID="56750" materials="106">
        <Bone refID="3" transformation="0.93406397104263306,-0.33997336030006409,0.10928590595722198,-0.34202256798744202,-0.93969178199768066,0,0.1026930958032608,-0.037383642047643661,-0.994010329246521,0.45565330982208252,1.7202945947647095,-0.39999997615814209">
        </Bone>
      </Part>
    </Brick>
  </Bricks>
  <RigidSystems>
    <RigidSystem>
      <Rigid refID="0" transformation="1,0,0,0,1,0,0,0,1,-2.7999999523162842,0,-2" boneRefs="0"/>
      <Rigid refID="1" transformation="0.98470145463943481,0.17226427793502808,0.026240825653076172,0.17226427793502808,-0.93969243764877319,-0.29547122120857239,-0.026240825653076172,0.29547122120857239,-0.95499122142791748,-3.1913514137268066,1.5204174518585205,-1.3219268321990967" boneRefs="1"/>
      <Rigid refID="2" transformation="0.98198401927947998,0.18713361024856567,0.026235654950141907,0.17116303741931915,-0.93969237804412842,0.29611051082611084,0.08006567507982254,-0.28628522157669067,-0.95479327440261841,-3.155019998550415,1.3202944993972778,-2.6149411201477051" boneRefs="2"/>
      <Rigid refID="3" transformation="0.93406397104263306,-0.33997336030006409,0.10928590595722198,-0.34202256798744202,-0.93969178199768066,0,0.1026930958032608,-0.037383642047643661,-0.994010329246521,-1.9443467855453491,1.7202945947647095,-2" boneRefs="3"/>
      <Joint type="hinge">
        <RigidRef rigidRef="2" a="0,-1,0" z="0,0,1" t="0,0,0"/>
        <RigidRef rigidRef="0" a="-0.17116303741931915,0.93969237804412842,-0.29611051082611084" z="0.080065682530403137,-0.28628525137901306,-0.95479339361190796" t="-0.35502004623413086,1.3202944993972778,-0.61494112014770508"/>
      </Joint>
      <Joint type="hinge">
        <RigidRef rigidRef="3" a="0,-1,0" z="0,0,1" t="0,0,0"/>
        <RigidRef rigidRef="0" a="0.34202256798744202,0.93969178199768066,0" z="0.102693110704422,-0.03738364577293396,-0.99401044845581055" t="0.85565316677093506,1.7202945947647095,0"/>
      </Joint>
      <Joint type="hinge">
        <RigidRef rigidRef="1" a="0,-1,0" z="0,0,1" t="0,0,0"/>
        <RigidRef rigidRef="0" a="-0.17226427793502808,0.93969243764877319,0.29547122120857239" z="-0.026240825653076172,0.29547122120857239,-0.95499122142791748" t="-0.39135146141052246,1.5204174518585205,0.67807316780090332"/>
      </Joint>
    </RigidSystem>
  </RigidSystems>
  <GroupSystems>
    <GroupSystem>
    </GroupSystem>
  </GroupSystems>
</LXFML>
