<?xml version="1.0" encoding="UTF-8" standalone="no" ?>
<LXFML versionMajor="5" versionMinor="0">
  <Meta>
    <Application name="LEGO Universe" versionMajor="0" versionMinor="0"/>
    <Brand name="LEGOUniverse"/>
    <BrickSet version="330"/>
  </Meta>
  <Bricks>
    <Brick refID="0" designID="56750">
      <Part refID="0" designID="56750" materials="192">
        <Bone refID="0" transformation="0.93406397104263306,-0.3399735689163208,0.10928388684988022,-0.34202206134796143,-0.93969190120697021,0,0.10269331187009811,-0.037377145141363144,-0.9940105676651001,0.45565330982208252,1.7202945947647095,-0.39999997615814209">
        </Bone>
      </Part>
    </Brick>
    <Brick refID="1" designID="3741">
      <Part refID="1" designID="3741" materials="5">
        <Bone refID="1" transformation="1,0,0,0,1,0,0,0,1,-0.39999985694885254,0,-0.39999997615814209">
        </Bone>
      </Part>
    </Brick>
    <Brick refID="2" designID="56750">
      <Part refID="2" designID="56750" materials="192">
        <Bone refID="2" transformation="0.98470145463943481,0.17226429283618927,0.02624078281223774,0.17226429283618927,-0.93969255685806274,-0.29547074437141418,-0.02624078281223774,0.29547074437141418,-0.95499134063720703,-0.791351318359375,1.5204174518585205,0.27807319164276123">
        </Bone>
      </Part>
    </Brick>
    <Brick refID="3" designID="56750">
      <Part refID="3" designID="56750" materials="192">
        <Bone refID="3" transformation="0.98198401927947998,0.18713362514972687,0.026235667988657951,0.17116305232048035,-0.93969237804412842,0.29611051082611084,0.080065689980983734,-0.28628522157669067,-0.95479327440261841,-0.7550199031829834,1.3202944993972778,-1.0149410963058472">
        </Bone>
      </Part>
    </Brick>
  </Bricks>
  <RigidSystems>
    <RigidSystem>
      <Rigid refID="0" transformation="0.93406397104263306,-0.3399735689163208,0.10928388684988022,-0.34202206134796143,-0.93969190120697021,0,0.10269331187009811,-0.037377145141363144,-0.9940105676651001,0.45565330982208252,1.7202945947647095,-0.39999997615814209" boneRefs="0"/>
      <Rigid refID="1" transformation="1,0,0,0,1,0,0,0,1,-0.39999985694885254,0,-0.39999997615814209" boneRefs="1"/>
      <Rigid refID="2" transformation="0.98470145463943481,0.17226429283618927,0.02624078281223774,0.17226429283618927,-0.93969255685806274,-0.29547074437141418,-0.02624078281223774,0.29547074437141418,-0.95499134063720703,-0.791351318359375,1.5204174518585205,0.27807319164276123" boneRefs="2"/>
      <Rigid refID="3" transformation="0.98198401927947998,0.18713362514972687,0.026235667988657951,0.17116305232048035,-0.93969237804412842,0.29611051082611084,0.080065689980983734,-0.28628522157669067,-0.95479327440261841,-0.7550199031829834,1.3202944993972778,-1.0149410963058472" boneRefs="3"/>
      <Joint type="hinge">
        <RigidRef rigidRef="1" a="0.34202012419700623,0.93969273567199707,0" z="-0.93969273567199707,0.34202006459236145,0" t="0.883014976978302,1.7954699993133545,0"/>
        <RigidRef rigidRef="0" a="0,-1,0" z="-0.9940105676651001,0,-0.10928409546613693" t="0,-0.080000102519989014,0"/>
      </Joint>
      <Joint type="hinge">
        <RigidRef rigidRef="2" a="0,-1,0" z="0,0,1" t="0,0,0"/>
        <RigidRef rigidRef="1" a="-0.17226429283618927,0.93969255685806274,0.29547074437141418" z="-0.02624078281223774,0.29547074437141418,-0.95499134063720703" t="-0.39135146141052246,1.5204174518585205,0.67807316780090332"/>
      </Joint>
      <Joint type="hinge">
        <RigidRef rigidRef="3" a="0,-1,0" z="0,0,1" t="0,0,0"/>
        <RigidRef rigidRef="1" a="-0.17116305232048035,0.93969237804412842,-0.29611051082611084" z="0.080065697431564331,-0.28628525137901306,-0.95479339361190796" t="-0.35502004623413086,1.3202944993972778,-0.61494112014770508"/>
      </Joint>
    </RigidSystem>
  </RigidSystems>
  <GroupSystems>
    <GroupSystem>
    </GroupSystem>
  </GroupSystems>
</LXFML>
